# Sensor Chiguayante, Chile (Purple Air/61979)
# https://aqicn.org/station/@136933/
# Daily pm25
date,min,max,median,q1,q3,stdev,count
2020-08-25T00:00:00.000Z,0.09,50.43,5.68,2.42,11.5,7.704,478
2020-08-26T00:00:00.000Z,0.81,88.49,6.25,3.95,10.54,8.344,514
2020-08-27T00:00:00.000Z,2.38,137.58,20.55,9.39,41.3,29.184,553
2020-08-28T00:00:00.000Z,0.98,138.11,15.21,7.73,33.35,22.154,521
2020-08-29T00:00:00.000Z,2.36,163.02,14.06,6.25,33.75,29.787,521
2020-08-30T00:00:00.000Z,1.95,131.79,18.87,6.52,32.93,16.867,509
2020-08-31T00:00:00.000Z,6.63,228.62,27.21,16.32,36.04,18.646,498
2020-09-01T00:00:00.000Z,14.95,136.8,42.18,32.22,51.06,16.917,530
2020-09-02T00:00:00.000Z,11.38,137.52,43.34,31.9,53.35,21.212,505
2020-09-03T00:00:00.000Z,4.3,106.51,30.35,19.05,40.29,17.479,498
2020-09-04T00:00:00.000Z,4.78,148.61,26.67,15.36,36.04,16.169,495
2020-09-05T00:00:00.000Z,6.12,103.47,29.07,15.63,48.28,21.877,493
2020-09-06T00:00:00.000Z,8.77,183.19,27.45,17.07,44.61,19.369,498
2020-09-07T00:00:00.000Z,11.32,159.35,29.81,23.33,42.62,17.978,475
2020-09-08T00:00:00.000Z,1.64,217.41,19.97,8.82,43.24,28.34,405
2020-09-09T00:00:00.000Z,4.13,168.12,41.52,18.55,61.63,33.728,386
2020-09-10T00:00:00.000Z,1.55,111.78,12.42,7.63,22.58,22.494,396
2020-09-11T00:00:00.000Z,1.1,72.33,15.52,7.73,30.63,14.177,336
2020-09-12T00:00:00.000Z,0.95,89.07,19.48,9.92,35.15,17.521,328
2020-09-13T00:00:00.000Z,1.98,119.02,10.93,5.76,25.55,18.002,383
2020-09-14T00:00:00.000Z,3.55,81.11,13.64,8.28,24.18,14.154,345
2020-09-15T00:00:00.000Z,13.05,152.27,42.23,32.67,53.44,21.384,337
2020-09-16T00:00:00.000Z,4.59,156.63,23.99,14.52,31.98,16.979,434
2020-09-17T00:00:00.000Z,2.57,88.12,16.41,8.57,31.69,14.677,355
2020-09-18T00:00:00.000Z,2.21,156.6,16.8,8.47,34.4,19.588,364
2020-09-19T00:00:00.000Z,0.41,50.89,4.36,1.81,13.79,9.75,424
2020-09-20T00:00:00.000Z,1.24,96.32,7.43,3.57,13.45,9.171,424
2020-09-21T00:00:00.000Z,8.5,52.16,27.17,19.69,37.29,10.502,419
2020-09-22T00:00:00.000Z,3,71.8,22.79,13.39,35.47,13.887,432
2020-09-23T00:00:00.000Z,6.93,63.96,16.36,12.41,22.56,9.243,443
2020-09-24T00:00:00.000Z,15.85,115.56,31.95,22.47,40.42,11.528,469
2020-09-25T00:00:00.000Z,5.77,72,13.04,9.57,22.91,8.455,498
2020-09-26T00:00:00.000Z,8.46,144,18.95,12.98,27.98,15.815,507
2020-09-27T00:00:00.000Z,6.72,77.34,30.01,22.99,39.04,13.197,512
2020-09-28T00:00:00.000Z,4.23,135.21,30.93,23.73,34.28,13.677,461
2020-09-29T00:00:00.000Z,0.03,48.88,7.63,3.43,15.43,10.736,456
2020-09-30T00:00:00.000Z,1.41,60.74,8.46,4.13,16.7,8.806,405
2020-10-01T00:00:00.000Z,0.86,94.44,7.12,3.43,19.82,15.381,316
2020-10-02T00:00:00.000Z,0.93,86.64,9.02,5.72,20.37,12.389,290
2020-10-03T00:00:00.000Z,2,86.67,13.42,8.46,22.85,15.361,276
2020-10-04T00:00:00.000Z,2.36,145.56,19.75,10.95,30.14,15.506,295
2020-10-05T00:00:00.000Z,2,84.51,13.96,9.19,24.97,13.559,314
2020-10-06T00:00:00.000Z,1.3,60.28,13.4,6.56,29.72,12.961,338
2020-10-07T00:00:00.000Z,0.74,106.86,12.23,5.6,22.22,15.639,338
2020-10-08T00:00:00.000Z,1.73,109.09,19.23,5.29,24.95,15.723,326
2020-10-09T00:00:00.000Z,2.84,107.67,14.16,6.51,17.8,10.944,365
2020-10-10T00:00:00.000Z,0.05,89.56,3.43,2.21,9.56,9.867,405
2020-10-11T00:00:00.000Z,2.31,168.48,9.73,6.76,14.88,14.129,416
2020-10-12T00:00:00.000Z,4.11,242.12,21.96,12.3,35.31,18.814,375
2020-10-13T00:00:00.000Z,3.39,117.43,29.19,9.31,37.47,18.337,402
2020-10-14T00:00:00.000Z,3.96,66.37,11.65,8.07,16.03,10.709,416
2020-10-15T00:00:00.000Z,11.88,92.24,30.03,17.43,33.61,11.432,401
2020-10-16T00:00:00.000Z,4.66,78.34,19.28,12.49,30.04,12.118,417
2020-10-17T00:00:00.000Z,4.67,62.53,14.84,10.76,22,9.022,418
2020-10-18T00:00:00.000Z,1.56,116.19,10.64,4.3,27.51,22.027,410
2020-10-19T00:00:00.000Z,0.44,36.11,5.03,2.56,9.19,7.47,410
2020-10-20T00:00:00.000Z,2.38,41.09,8.76,5.75,12.24,6.725,403
2020-10-21T00:00:00.000Z,2.93,57.96,9.86,5.95,13.61,7.78,399
2020-10-22T00:00:00.000Z,4.12,58.39,14.55,9.16,25.75,12.618,396
2020-10-23T00:00:00.000Z,1.68,69.25,16.39,6.9,28.26,12.159,381
2020-10-24T00:00:00.000Z,0.89,100.41,13.05,8.58,22.38,14.411,408
2020-10-25T00:00:00.000Z,0.4,116.47,4.42,2.18,12.84,12.704,479
2020-10-26T00:00:00.000Z,0.9,106.02,7.59,3.88,15.34,9.279,457
2020-10-27T00:00:00.000Z,0.26,68.97,6.12,3.01,14.34,9.417,409
2020-10-28T00:00:00.000Z,0.46,45.31,4.86,3.34,8.25,5.926,429
2020-10-29T00:00:00.000Z,1.71,197.93,5.3,3.74,8.36,18.235,430
2020-10-30T00:00:00.000Z,4.26,106.15,15.67,10.88,24.88,12.323,470
2020-10-31T00:00:00.000Z,13.07,58.69,28.74,24.55,34.28,8.388,431
2020-11-01T00:00:00.000Z,6.98,44.48,19.39,14.56,25.67,7.486,466
2020-11-02T00:00:00.000Z,8.69,89.14,25.7,17.82,29.99,9.206,449
2020-11-03T00:00:00.000Z,8.8,61.67,36.4,29.93,42.46,10.139,453
2020-11-04T00:00:00.000Z,0.98,58.13,7.07,3.93,12.48,9.413,326
2020-11-05T00:00:00.000Z,1.71,195.45,5.37,4.29,7.28,11.749,314
2020-11-06T00:00:00.000Z,3.34,454.9,8.86,6,11.77,26.327,302
2020-11-07T00:00:00.000Z,3.8,46.33,12.67,8.22,17.13,7.017,369
2020-11-08T00:00:00.000Z,4.32,32.17,14.73,9.61,17.98,6.315,304
2020-11-09T00:00:00.000Z,4.68,32.67,12.02,9.15,16.16,4.572,247
2020-11-10T00:00:00.000Z,6.27,40.64,15.27,11.11,25.94,8.176,296
2020-11-11T00:00:00.000Z,3.55,62.77,11.83,7.9,17.69,9.466,313
2020-11-12T00:00:00.000Z,2.69,72.09,13.19,8.71,16.05,7.544,258
2020-11-13T00:00:00.000Z,1.07,23.19,4.57,2.73,8.74,4.513,245
2020-11-14T00:00:00.000Z,0.4,24.25,3.05,2.34,4.13,3.219,308
2020-11-15T00:00:00.000Z,2.34,54.34,5.58,3.95,10.54,7.476,252
2020-11-16T00:00:00.000Z,2.27,38.52,7.74,5.13,11.65,5.597,249
2020-11-17T00:00:00.000Z,3.7,33.02,13.29,6.53,17.95,7.302,246
2020-11-20T00:00:00.000Z,2.82,16.57,3.61,3.13,4.69,2.52,29
2020-11-21T00:00:00.000Z,0.36,68.41,5.14,2.64,9.91,9.537,263
2020-11-22T00:00:00.000Z,0,36.44,4.24,1.99,7.83,5.709,264
2020-11-23T00:00:00.000Z,0.26,16.8,2.34,1.56,3.56,3.514,233
2020-11-24T00:00:00.000Z,1.88,27.93,3.82,3.08,5.37,3,274
2020-11-25T00:00:00.000Z,0.56,20.75,4.01,2.5,5.41,3.115,269
2020-11-26T00:00:00.000Z,0.71,18.44,3.89,2.68,5.01,2.595,245
2020-11-27T00:00:00.000Z,0.72,61.45,7.39,2.29,17.97,10.378,237
2020-11-28T00:00:00.000Z,0.61,38.42,4.03,2.25,6.61,4.73,246
2020-11-29T00:00:00.000Z,0.41,42.52,3.6,1.97,10.03,5.616,246
2020-11-30T00:00:00.000Z,0.88,28.6,3.95,2.6,5.11,4.166,221
2020-12-01T00:00:00.000Z,1.32,23.68,10.14,3.6,12.8,4.961,231
2020-12-02T00:00:00.000Z,1.35,41.05,5.16,3.22,9.18,6.671,275
2020-12-03T00:00:00.000Z,1.17,23,4.63,3.78,6.12,3.625,230
2020-12-04T00:00:00.000Z,1.84,64.16,6.8,5.01,12.74,8.966,225
2020-12-05T00:00:00.000Z,6.21,27.02,14.3,12.46,16.03,3.098,242
2020-12-06T00:00:00.000Z,7.54,38.04,18.82,13.12,24.02,6.888,303
2020-12-07T00:00:00.000Z,1,29,11.91,4.57,16.02,6.641,240
2020-12-08T00:00:00.000Z,2.2,36.76,6.39,4.96,9.55,5.011,224
2021-05-04T00:00:00.000Z,4.6,106,13.4,8.55,25.1,13.503,357
2021-05-05T00:00:00.000Z,11.7,111.7,27.7,19.64,38.45,15.864,389
2021-05-06T00:00:00.000Z,20.9,167.8,40.79,30.2,53.8,24.829,373
2021-05-07T00:00:00.000Z,17.2,137.7,50.5,44.45,59.1,18.593,396
2021-05-08T00:00:00.000Z,4.1,145.1,28.35,17.64,46.35,24.808,400
2021-05-09T00:00:00.000Z,2.1,107.4,18.7,9.44,38.04,20.94,392
2021-05-10T00:00:00.000Z,6,73.1,17.25,11.3,32.1,13.663,386
2021-05-11T00:00:00.000Z,25.3,126.6,47.1,41.15,67.65,21.139,385
2021-05-12T00:00:00.000Z,16.4,101.1,51.6,42.8,59.4,15.373,391
2021-05-13T00:00:00.000Z,11.3,217.8,43.8,36.6,51.3,21.149,389
2021-05-14T00:00:00.000Z,6.1,247.9,48.75,37.5,57.3,27.113,380
2021-05-15T00:00:00.000Z,18.3,212.7,40.1,34.2,47.1,19.162,391
2021-05-16T00:00:00.000Z,15.2,120,36.2,27.5,47.6,14.856,407
2021-05-17T00:00:00.000Z,34.4,201.9,50,45.7,56.75,16.017,368
2021-05-18T00:00:00.000Z,14.3,101.9,38.1,22.7,50.55,19.542,384
2021-05-19T00:00:00.000Z,2.1,95.6,9.8,7.3,17.5,15.392,383
2021-05-20T00:00:00.000Z,3.7,78.6,23.2,10.3,37.9,16.379,411
2021-05-21T00:00:00.000Z,2.3,140.4,40.1,22.75,54.25,25.176,397
2021-05-22T00:00:00.000Z,8.2,152.6,27.35,16.8,45.3,21.459,366
2021-05-23T00:00:00.000Z,5.3,97.8,35,25.7,44.6,17.505,394
2021-05-24T00:00:00.000Z,3.6,168,49.9,24.4,70.2,29.113,407
2021-05-25T00:00:00.000Z,9,150.2,29.7,20.7,43.05,18.41,413
2021-05-26T00:00:00.000Z,5.6,212.3,39.6,25.85,48.2,24.019,400
2021-05-27T00:00:00.000Z,3.1,123.3,23.2,13,41.3,22.178,387
2021-05-28T00:00:00.000Z,1.8,132.5,20.6,10.4,39.7,22.248,408
2021-05-29T00:00:00.000Z,1.7,114.4,22.7,14,38.95,21.064,388
2021-05-30T00:00:00.000Z,7.1,120.1,30.8,22.3,40,13.987,394
2021-05-31T00:00:00.000Z,0.7,49.2,19.85,9.4,29.1,11.462,392
2021-06-01T00:00:00.000Z,0,150.6,11.4,3.5,26.4,22.08,404
2021-06-02T00:00:00.000Z,9.1,146.8,39.54,24.3,47.3,19.983,396
2021-06-03T00:00:00.000Z,2.2,78.4,21.9,9.1,31.3,13.476,407
2021-06-04T00:00:00.000Z,0.5,137.9,13.7,5.75,35.5,21.821,400
2021-06-05T00:00:00.000Z,2.9,140.5,18.6,10.5,29.9,16.341,411
2021-06-06T00:00:00.000Z,3.1,129.2,35.9,24.1,46.5,19.179,407
2021-06-07T00:00:00.000Z,5.6,126.8,35.5,24.8,47.3,17.396,473
2021-06-08T00:00:00.000Z,1.4,141.9,11.5,6.8,28.45,21.826,444
2021-06-09T00:00:00.000Z,0.4,114.9,10.9,7.3,17.7,10.429,449
2021-06-10T00:00:00.000Z,8.1,114.2,28.4,19,42.1,14.288,413
2021-06-11T00:00:00.000Z,8.4,137.7,34,20.35,45.7,18.802,541
2021-06-12T00:00:00.000Z,16.8,150.4,44.5,37,56.1,20.664,611
2021-06-13T00:00:00.000Z,5.8,109.8,34,18.7,46.1,19.065,599
2021-06-14T00:00:00.000Z,0.4,92.4,18.45,8.9,31.15,15.407,612
2021-06-15T00:00:00.000Z,2.4,121.8,28.65,14.9,37,16.593,598
2021-06-16T00:00:00.000Z,23.6,148.3,42.7,38.9,48.9,12.078,606
2021-06-17T00:00:00.000Z,15.9,113.7,47.3,39.7,57.5,17.102,614
2021-06-18T00:00:00.000Z,16.1,158.2,45.9,37.6,59.3,19.066,615
2021-06-19T00:00:00.000Z,12.8,250.5,46,31.9,90.3,58.764,614
2021-06-20T00:00:00.000Z,19.1,153.4,44.5,38.2,52.6,17.984,599
2021-06-21T00:00:00.000Z,1.7,274.5,20,6.6,29.8,22.326,588
2021-06-22T00:00:00.000Z,6.6,168.3,18.2,12,39.04,20.23,604
2021-06-23T00:00:00.000Z,0.2,91.9,8.4,4.3,14.1,11.988,611
2021-06-24T00:00:00.000Z,1.3,124.5,11,5.95,21.25,19.287,612
2021-06-25T00:00:00.000Z,2.5,170.5,23.85,10.7,37.9,18.228,598
2021-06-26T00:00:00.000Z,3.1,168,25.35,14.8,38.7,19.208,614
2021-06-27T00:00:00.000Z,4.8,102.4,29.85,20,40.79,14.607,594
2021-06-28T00:00:00.000Z,3.8,153,30.9,17.6,47.2,25.399,602
2021-06-29T00:00:00.000Z,15,168.3,47.8,30.6,59.1,21.959,603
2021-06-30T00:00:00.000Z,8.3,206.3,39.7,27.85,55.4,25.111,625
2021-07-01T00:00:00.000Z,6.8,144.9,34.1,19,59.1,27.87,607
2021-07-02T00:00:00.000Z,6.3,106.4,33.29,20.85,45.75,17.256,597
2021-07-03T00:00:00.000Z,3.7,268.3,39.25,29.85,52.15,25.355,612
2021-07-04T00:00:00.000Z,16.2,259.1,48.2,31.9,69.3,38.535,624
2021-07-05T00:00:00.000Z,15,157.4,40.4,26.3,58.9,22.047,594
2021-07-06T00:00:00.000Z,20.7,210.4,32.7,30.2,43.8,19.724,605
2021-07-07T00:00:00.000Z,14.2,128.9,45.65,32.45,57.7,20.499,616
2021-07-08T00:00:00.000Z,8.4,155.9,37,16.89,51.7,22.459,579
2021-07-09T00:00:00.000Z,1.6,80.7,20.7,13.75,34.9,14.438,612
2021-07-10T00:00:00.000Z,2.7,84.8,22.8,15.8,32.7,12.961,590
2021-07-13T00:00:00.000Z,26.6,150.7,50.15,44.8,64.95,23.488,252
2021-07-14T00:00:00.000Z,10.8,249.6,54.2,39.4,77.15,38.424,605
2021-07-15T00:00:00.000Z,4.5,204.2,44,26.3,69.8,33.222,626
2021-07-16T00:00:00.000Z,3.1,139.5,28.5,14.8,40.25,21.532,617
2021-07-17T00:00:00.000Z,4.6,77.9,20.9,12.6,34.95,14.932,597
2021-07-18T00:00:00.000Z,10.3,171.5,32.29,19.75,42.9,19.743,585
2021-07-19T00:00:00.000Z,18.3,229,49.6,39.79,66.9,30.711,606
2021-07-20T00:00:00.000Z,11.8,162.5,44.35,33.75,57.75,25.747,588
2021-07-21T00:00:00.000Z,20,158.9,50.25,37.95,62.8,24.377,576
2021-07-22T00:00:00.000Z,31.4,152.3,51.5,42.2,69.4,20.539,575
2021-07-23T00:00:00.000Z,8.5,215.4,41.4,30.45,63.8,30.232,592
2021-07-24T00:00:00.000Z,5.8,150.2,36.29,21.6,47.2,17.539,571
2021-07-25T00:00:00.000Z,2.1,103.8,9.5,5.3,18.7,16.029,576
2021-07-26T00:00:00.000Z,1.5,121.7,20.65,10.8,38.29,17.777,578
2021-07-27T00:00:00.000Z,4.4,91.3,23.75,10.7,36.65,16.5,572
2021-07-28T00:00:00.000Z,7.2,81.6,27,16.2,38,13.849,579
2021-07-29T00:00:00.000Z,6,123.7,24.85,14.95,36.35,16.114,556
2021-07-30T00:00:00.000Z,5.3,115.6,51.6,46.2,60.1,17.603,561
2021-07-31T00:00:00.000Z,7.6,212.7,25.9,16.35,46.05,26.186,600
2021-08-01T00:00:00.000Z,10.5,175.5,32.6,20.1,41.85,18.676,580
2021-08-02T00:00:00.000Z,10.8,223.5,49,35.4,65.15,29.404,584
2021-08-03T00:00:00.000Z,11,122,41.2,31.9,53.2,20.465,582
2021-08-04T00:00:00.000Z,26.2,115.8,45.05,40.1,51.3,12.111,562
2021-08-05T00:00:00.000Z,8.9,61.6,26,22.9,33.15,8.028,592
2021-08-06T00:00:00.000Z,10.1,181.9,40.5,30.65,47.05,17.179,545
2021-08-07T00:00:00.000Z,3.6,150.9,15.15,8.85,32.75,17.186,532
2021-08-08T00:00:00.000Z,4.1,102,27.8,16.05,42.8,18.456,525
2021-08-09T00:00:00.000Z,11.7,140.6,40.3,25.3,52.65,19.515,549
2021-08-10T00:00:00.000Z,17.7,144.4,48.1,31.6,77.2,25.712,533
2021-08-11T00:00:00.000Z,12.8,143.2,36.8,31.8,46.4,16.484,554
2021-08-12T00:00:00.000Z,20.8,142.7,55.7,45.3,65.3,18.41,559
2021-08-13T00:00:00.000Z,36.7,202.7,52.3,45.9,61.45,18.568,549
2021-08-14T00:00:00.000Z,37.5,172.2,46.8,42.8,55.1,13.477,524
2021-08-15T00:00:00.000Z,11.1,153.6,32.8,25.8,48.1,19.775,542
2021-08-16T00:00:00.000Z,1,47.8,13.05,5.45,19.6,8.608,484
2021-08-17T00:00:00.000Z,2.7,38.3,16,12.5,21.8,7.291,544
2021-08-18T00:00:00.000Z,2,42.3,11.3,7.9,20.14,10.068,525
2021-08-19T00:00:00.000Z,1.1,40.8,11.5,7.5,19.5,8.704,538
2021-08-20T00:00:00.000Z,1.8,79.2,15.8,8.1,24.7,12.639,556
2021-08-21T00:00:00.000Z,0.3,61.1,13,6.9,18.64,8.751,553
2021-08-22T00:00:00.000Z,5.2,109.6,21.9,11.3,31.15,15.685,513
2021-08-23T00:00:00.000Z,5.9,147.3,27.5,18.3,39.5,17.386,539
2021-08-24T00:00:00.000Z,2.9,98.7,14.9,8.7,33.5,16.904,554
2021-08-25T00:00:00.000Z,3.8,79.1,16.6,10.5,25.6,12.039,536
2021-08-26T00:00:00.000Z,1.1,95.4,18.8,10.2,25.9,11.863,534
2021-08-27T00:00:00.000Z,4.4,118.6,26.15,13.3,40.5,18.271,550
2021-08-28T00:00:00.000Z,1.3,74.6,9.3,4.3,14.25,9.534,477
2021-08-29T00:00:00.000Z,3.8,102.7,36.4,26.2,44.05,15.047,504
2021-08-30T00:00:00.000Z,1.5,146,18.5,9,36.5,19.611,531
2021-08-31T00:00:00.000Z,1.2,117.5,9.69,4.7,32.79,22.436,530
2021-09-01T00:00:00.000Z,4.8,105.5,26.6,15.4,37.75,17.019,561
2021-09-02T00:00:00.000Z,21.2,169.4,43.05,35.7,49.7,13.152,542
2021-09-03T00:00:00.000Z,3.5,85.9,25.5,16.45,44.5,15.959,560
2021-09-04T00:00:00.000Z,0.7,81.6,9.4,4.59,39.7,19.912,535
2021-09-05T00:00:00.000Z,2.9,61.5,10.05,7.15,16.3,11.341,456
2021-09-06T00:00:00.000Z,4.3,108.7,16.55,10.6,32,17.817,466
2021-09-07T00:00:00.000Z,2.2,76.5,21.15,12.5,29.25,11.254,480
2021-09-08T00:00:00.000Z,6,142.6,21.9,14.2,32.7,15.477,603
2021-09-09T00:00:00.000Z,10.9,125.6,37.7,26.2,45.05,18.187,612
2021-09-10T00:00:00.000Z,7.5,135,31.7,23.1,40.7,18.761,604
2021-09-11T00:00:00.000Z,3,55,14.7,10.1,23.1,11.582,606
2021-09-12T00:00:00.000Z,0.7,65.9,9.94,6.1,18.2,11.729,602
2021-09-13T00:00:00.000Z,0.8,76.4,14.5,7.3,27.6,13.844,579
2021-09-14T00:00:00.000Z,2.5,124.6,14.3,7.2,25.3,15.058,617
2021-09-15T00:00:00.000Z,1.7,155.3,31.1,10.8,40.45,20.201,629
2021-09-16T00:00:00.000Z,1.7,99.2,24.6,12.3,37.25,15.603,633
2021-09-17T00:00:00.000Z,0.7,204.5,15.55,10.2,23.9,16.439,628
2021-09-18T00:00:00.000Z,1.6,276.5,16.2,10.1,29.85,32.762,608
2021-09-19T00:00:00.000Z,0.9,115.4,9.4,7.2,14.5,12.272,618
2021-09-20T00:00:00.000Z,2.7,106.8,13.75,7.4,28.3,15.503,630
2021-09-21T00:00:00.000Z,3.5,58.6,15.2,9.9,20.5,10.582,632
2021-09-22T00:00:00.000Z,4.7,44.1,11.25,8.6,15.8,6.682,610
2021-09-23T00:00:00.000Z,6.8,73.3,21.4,17.4,26.7,8.736,611
2021-09-24T00:00:00.000Z,6.2,92.2,23.9,17.7,36.6,12.41,581
2021-09-25T00:00:00.000Z,1.8,57.4,6.4,4,13.7,8.541,613
2021-09-26T00:00:00.000Z,0.6,91,6.7,3.5,17.85,12.072,581
2021-09-27T00:00:00.000Z,4.7,91.4,18.89,8.8,30.7,14.779,371
2021-09-28T00:00:00.000Z,3.9,72.2,11,9.4,14.2,5.997,538
2021-09-29T00:00:00.000Z,2.4,109.7,15.1,8.6,33.7,19.378,589
2021-09-30T00:00:00.000Z,2,63,11.45,5.8,22.9,12.529,598
2021-10-01T00:00:00.000Z,2.9,95.3,12.2,8.2,19.9,11.332,604
2021-10-02T00:00:00.000Z,0,128.5,7.1,3.4,11.9,10.545,611
2021-10-03T00:00:00.000Z,0.6,79.4,5.8,2.2,12.9,9.718,609
2021-10-04T00:00:00.000Z,2.2,103.5,11,6.6,19.55,12.588,601
2021-10-05T00:00:00.000Z,0.7,103,12.5,6.2,28.2,13.534,609
2021-10-06T00:00:00.000Z,1.3,41.3,4.7,3.3,8.5,5.739,569
2021-10-07T00:00:00.000Z,3.1,71.1,11.7,7.9,14.9,7.052,603
2021-10-08T00:00:00.000Z,3.2,109.5,7,5.6,15.6,12.543,599
2021-10-09T00:00:00.000Z,7,130,26.8,15.15,32.15,12.466,600
2021-10-10T00:00:00.000Z,8.1,41.4,17.1,13.3,24.1,7.838,608
2021-10-11T00:00:00.000Z,7.3,84.1,26.5,17.7,33.6,12.604,613
2021-10-12T00:00:00.000Z,1.7,64.7,9.44,5.4,19.7,10.331,590
2021-10-13T00:00:00.000Z,1.5,98.7,10.1,7.15,13.65,9.346,592
2021-10-14T00:00:00.000Z,0.6,46.5,6.3,2.8,11.1,7.221,604
2021-10-15T00:00:00.000Z,0.4,98.6,5.9,2.2,15.3,12.971,611
2021-10-16T00:00:00.000Z,0.5,76.5,7.9,2.7,18.05,11.176,605
2021-10-17T00:00:00.000Z,0,122,5.7,2.2,15.2,11.854,585
2021-10-18T00:00:00.000Z,1.1,146.1,7.3,5.5,16.45,17.376,605
2021-10-19T00:00:00.000Z,2.4,78.2,13.75,7.9,18.7,10.109,614
2021-10-20T00:00:00.000Z,0.8,44.5,8,4.5,12.2,7.282,599
2021-10-21T00:00:00.000Z,1,52.8,17.39,5.3,20.1,8.809,593
2021-10-22T00:00:00.000Z,0.4,168,5.35,4.1,8.4,10.554,602
2021-10-23T00:00:00.000Z,1.4,42.2,5.4,3.6,8.6,4.64,589
2021-10-24T00:00:00.000Z,0.1,58.7,7.9,2.5,13.2,9.33,619
2021-10-25T00:00:00.000Z,0.7,42.8,5.3,3.1,11.6,7.185,591
2021-10-26T00:00:00.000Z,2.6,23.6,5.9,4.3,8.5,4.309,583
2021-10-27T00:00:00.000Z,2.8,26.3,9.4,5.9,16,5.649,599
2021-10-28T00:00:00.000Z,5.4,38.7,14.2,10.95,19,5.567,617
2021-10-29T00:00:00.000Z,2.7,71.6,22.2,9.8,25.2,10.117,612
2021-10-30T00:00:00.000Z,3.3,44.3,7.9,6.3,9.8,3.396,591
2021-10-31T00:00:00.000Z,4.6,45.6,16,7.8,21.8,7.769,617
2021-11-01T00:00:00.000Z,2.6,39.9,14.15,6.65,21.3,7.727,600
2021-11-02T00:00:00.000Z,2.8,36.2,9,6.3,12.9,5.686,618
2021-11-03T00:00:00.000Z,0.4,61.9,4.4,3.1,7.1,5.019,594
2021-11-04T00:00:00.000Z,0.3,63.8,3.8,2.5,6.8,6.872,595
2021-11-05T00:00:00.000Z,2.2,65,4.95,3.4,9.25,10.005,56
2021-12-04T00:00:00.000Z,249.3,256.9,253.1,249.3,256.89,3.8,2
2021-12-05T00:00:00.000Z,1.5,261.9,24.85,6.6,148.94,78.818,596
2021-12-06T00:00:00.000Z,10.3,28.7,18.3,14.5,21.05,4,576
2021-12-07T00:00:00.000Z,3.4,15.5,7.6,5.4,11.3,3.171,579
2021-12-08T00:00:00.000Z,4.4,35.9,14.95,11.4,18.89,5.853,578
2021-12-09T00:00:00.000Z,1.3,31.4,15.5,12.7,18.3,5.976,575
2021-12-10T00:00:00.000Z,3.7,60.2,24.2,16.55,29.5,10.545,620
2021-12-11T00:00:00.000Z,0.1,39.8,6.85,2.6,12.55,6.88,600
2021-12-12T00:00:00.000Z,0.3,74.2,2.4,1.2,4.5,5.378,566
2021-12-13T00:00:00.000Z,0.1,26.9,3.2,1.5,4.2,3.544,568
2021-12-14T00:00:00.000Z,0.1,14.7,5.2,1.2,7.7,3.553,561
2021-12-15T00:00:00.000Z,0.9,10.7,3.5,2.6,5.2,2.18,579
2021-12-16T00:00:00.000Z,3.8,24.3,9.2,8.1,10.3,2.025,571
2021-12-17T00:00:00.000Z,1.3,80.2,6,3.4,7,7.044,587
2021-12-18T00:00:00.000Z,2.6,67.3,8.7,5.55,12.35,6.923,581
2021-12-19T00:00:00.000Z,5.3,37.8,17.6,10.1,25.7,8.621,595
2021-12-20T00:00:00.000Z,2.2,25.4,10.19,7.15,11.4,3.547,593
2021-12-21T00:00:00.000Z,0.8,38.5,7.2,5.09,8.69,2.801,596
2021-12-22T00:00:00.000Z,6.2,47.2,18.14,13.65,23.35,8.762,584
2021-12-23T00:00:00.000Z,5.8,250.2,19.8,15.8,22.65,11.397,557
2021-12-24T00:00:00.000Z,1,43.9,7.8,6.3,10.1,10.849,579
2021-12-25T00:00:00.000Z,1.7,43.5,12.5,6.3,16.8,6.633,574
2021-12-26T00:00:00.000Z,3.3,127.4,12.9,8.6,16.39,11.011,603
2021-12-27T00:00:00.000Z,6.1,50.4,22.4,13.4,30.6,11.951,594
2021-12-28T00:00:00.000Z,6.2,42,27.5,24.4,32.65,7.451,609
2021-12-29T00:00:00.000Z,9.8,40.7,23.6,19.2,28.8,6.385,602
2021-12-30T00:00:00.000Z,0.6,47.6,8.2,5.3,11.4,6.242,555
2021-12-31T00:00:00.000Z,0.5,42.3,3.8,2.3,5.09,3.749,542
2022-01-01T00:00:00.000Z,1.2,63.1,6.6,3.2,10.3,5.807,402
2022-01-02T00:00:00.000Z,0.3,31.2,6.6,4.5,9.9,4.664,579
2022-01-03T00:00:00.000Z,1.9,25.3,6.6,4.8,9.35,5.179,580
2022-01-04T00:00:00.000Z,0.6,14.4,4.9,3.6,6.4,2.243,582
2022-01-05T00:00:00.000Z,2,46,6.6,4.9,8.6,3.98,597
2022-01-06T00:00:00.000Z,2.1,17.5,6,5,8.69,3.204,574
2022-01-07T00:00:00.000Z,1.3,19.6,6.75,4.9,8.8,3.28,574
2022-01-08T00:00:00.000Z,4.1,28.5,10.1,8.4,12.4,4.773,585
2022-01-09T00:00:00.000Z,0.1,18.6,3.8,2.6,6.5,2.958,573
2022-01-10T00:00:00.000Z,0.5,20.1,6,3.4,10.19,4.053,547
2022-01-11T00:00:00.000Z,5.6,26.5,10.35,8,12.3,3.564,568
2022-01-12T00:00:00.000Z,1.6,37.7,17.89,14.35,30.3,11.06,597
2022-01-13T00:00:00.000Z,0.5,30.4,4.8,2.29,7,7.188,571
2022-01-14T00:00:00.000Z,1.9,29.9,4.3,3.6,5.09,2.769,561
2022-01-15T00:00:00.000Z,1,37.8,12.25,7.4,15.75,6.511,592
2022-01-16T00:00:00.000Z,0.1,26.4,2.2,0.8,3.2,2.106,568
2022-01-17T00:00:00.000Z,0,6.9,1.1,0.5,2.1,1.124,565
2022-01-18T00:00:00.000Z,0.2,108.8,2.1,1.3,4.59,5.533,570
2022-01-19T00:00:00.000Z,0.4,10.8,3.6,1.65,4.5,2.144,569
2022-01-20T00:00:00.000Z,0,10.2,2.1,0.9,3.8,1.833,563
2022-01-21T00:00:00.000Z,0,41.3,2.1,1,9.35,7.819,549
2022-01-22T00:00:00.000Z,0.5,12.3,1.8,1.3,2.7,1.231,589
2022-01-23T00:00:00.000Z,0.9,36.3,3.9,2.2,6.1,3.866,595
2022-01-24T00:00:00.000Z,0.4,54.8,3.1,1.6,4.8,4.791,589
2022-01-25T00:00:00.000Z,1,26.6,3.3,2.4,4.59,2.126,598
2022-01-26T00:00:00.000Z,2.6,33.5,6.4,5.3,10.15,7.571,577
2022-01-27T00:00:00.000Z,4.2,38.4,13,6.9,17.1,8.77,600
2022-01-28T00:00:00.000Z,2.2,32.1,5.5,3.6,8.5,4.003,595
2022-01-29T00:00:00.000Z,4.6,37.4,11.2,8.9,14.4,4.604,606
2022-01-30T00:00:00.000Z,0.8,19.6,7.95,2.8,10.6,4.174,570
2022-01-31T00:00:00.000Z,0.8,41,3.75,2.2,6.1,5.37,580
2022-02-01T00:00:00.000Z,5.7,32.4,10.9,8.4,13,3.563,552
2022-02-02T00:00:00.000Z,9.1,24.1,17.7,12.2,19.5,3.903,594
2022-02-03T00:00:00.000Z,2.8,34.1,17.3,8.94,23.7,8.636,613
2022-02-04T00:00:00.000Z,0.5,46.2,5.9,3.75,7.4,4.837,616
2022-02-05T00:00:00.000Z,1.2,43,4.5,3.1,6.2,5.291,593
2022-02-06T00:00:00.000Z,3,48.4,10.8,9.19,11.9,5.055,453
2022-02-07T00:00:00.000Z,3.7,27.9,11.6,7.2,16.89,5.59,603
2022-02-08T00:00:00.000Z,1.6,36.5,7.7,5.2,9.5,3.418,593
2022-02-09T00:00:00.000Z,1.6,22.4,5.09,3.8,9.1,3.56,582
2022-02-10T00:00:00.000Z,4.4,44.8,21.65,12.65,34.65,11.937,600
2022-02-11T00:00:00.000Z,1.8,129.3,17.2,11.5,26.8,16.863,598
2022-02-12T00:00:00.000Z,5.3,59.2,30.2,13.2,40.6,13.586,603
2022-02-13T00:00:00.000Z,6.6,88.9,31.1,21.6,34.5,10.027,581
2022-02-14T00:00:00.000Z,5.9,23,11.6,8.6,14.8,3.753,598
2022-02-15T00:00:00.000Z,5.9,35.6,19.39,16.1,22.8,6.093,607
2022-02-16T00:00:00.000Z,8.1,20.7,12.45,11.1,15.4,2.721,108
2022-02-17T00:00:00.000Z,0.8,45.2,3.3,2.1,10.5,9.515,179
2022-02-18T00:00:00.000Z,0.7,69.4,12.6,4.4,36.4,17.684,584
2022-02-19T00:00:00.000Z,0.3,92.1,41.65,2.8,45.9,23.816,594
2022-02-20T00:00:00.000Z,0.4,33.8,3.6,2.3,5.4,2.792,596
2022-02-21T00:00:00.000Z,3.7,48.3,20.9,15.25,26.25,7.751,621
2022-02-22T00:00:00.000Z,4.7,44.2,19.5,9.8,26.4,8.49,604
2022-02-23T00:00:00.000Z,0.5,37.6,7.7,4.2,10.4,5.801,605
2022-02-24T00:00:00.000Z,3.2,56,7.2,5.2,10.7,4.082,607
2022-02-25T00:00:00.000Z,1.2,69.9,16.5,6.7,21.4,9.504,606
2022-02-26T00:00:00.000Z,0.6,25.4,7,2.5,12.7,6.153,609
2022-02-27T00:00:00.000Z,0.2,34.9,2.9,1.5,5.4,3.719,590
2022-02-28T00:00:00.000Z,0,36.7,3.3,1.9,5.09,4.417,587
2022-03-01T00:00:00.000Z,0.6,49.2,5.6,2,9.4,6.392,599
2022-03-02T00:00:00.000Z,0,45,11,1.7,21.9,10.725,597
2022-03-03T00:00:00.000Z,1.5,30.9,12.3,7.8,16.45,6.792,588
2022-03-04T00:00:00.000Z,1,30.4,6.7,4.6,9.19,4.44,602
2022-03-05T00:00:00.000Z,0.3,125.8,5.5,2.8,11.2,11.086,587
2022-03-06T00:00:00.000Z,0.8,24.1,4.1,2.5,8,3.872,582
2022-03-07T00:00:00.000Z,0.9,25.3,8.3,3.15,11.35,4.958,600
2022-03-08T00:00:00.000Z,0.7,36.8,3.1,2,5.6,5.661,579
2022-03-09T00:00:00.000Z,0.1,16.3,3.1,1.5,4.7,2.488,597
2022-03-10T00:00:00.000Z,0.3,62.4,6.45,3.2,13.6,8.505,576
2022-03-11T00:00:00.000Z,0.1,57.4,5.8,3.8,9.19,8.807,518
2022-03-12T00:00:00.000Z,7.6,39.3,24.95,13.15,31.3,8.847,532
2022-03-13T00:00:00.000Z,5.3,90.9,29.25,12.2,32.9,12.051,600
2022-03-14T00:00:00.000Z,0.2,35.3,11.6,5.25,15,6.641,593
2022-03-15T00:00:00.000Z,9.7,78.7,33.6,21.3,39.2,14.178,589
2022-03-16T00:00:00.000Z,22.4,60.8,39.29,37.6,43.1,5.408,609
2022-03-17T00:00:00.000Z,0.1,35.4,11.2,2.8,26.1,11.542,596
2022-03-18T00:00:00.000Z,1.5,52.6,9,4.3,15.15,8.08,569
2022-03-19T00:00:00.000Z,5.4,92.3,31.65,18.6,40.2,12.629,606
2022-03-20T00:00:00.000Z,1.7,59.7,12.1,6.4,19.39,9.459,591
2022-03-21T00:00:00.000Z,0.7,27.4,6.75,3.5,13.5,6.069,578
2022-03-22T00:00:00.000Z,0.7,46.4,5.7,2.9,11.15,8.985,605
2022-03-23T00:00:00.000Z,0.5,26.5,2.7,1.8,4.2,2.952,567
2022-03-24T00:00:00.000Z,0.1,35.9,4.09,2.5,8.3,6.049,578
2022-03-25T00:00:00.000Z,0.1,45.4,6.1,4,13.3,9.505,585
2022-03-26T00:00:00.000Z,0.6,145.5,19.05,13,28.4,14.849,596
2022-03-27T00:00:00.000Z,0.7,86.6,13.4,4.45,19.2,10.044,589
2022-03-28T00:00:00.000Z,0.6,49.4,12.1,2.3,20,12.216,590
2022-03-29T00:00:00.000Z,0.4,166.9,5.3,2.2,10.1,21.447,606
2022-03-30T00:00:00.000Z,0.4,48.3,4.8,2.3,14.5,10.626,590
2022-03-31T00:00:00.000Z,2.4,80.5,27.9,12.7,40.9,16.971,595
2022-04-01T00:00:00.000Z,1.8,132.3,36.35,9.7,43.6,22.728,606
2022-04-02T00:00:00.000Z,0.9,56.3,28.35,6.4,33.54,13.861,600
2022-04-03T00:00:00.000Z,1,43.3,5.65,2.6,20.95,11.187,268
2022-04-04T00:00:00.000Z,0.1,67.2,2.7,1.9,14.15,15.873,280
2022-04-05T00:00:00.000Z,31.9,129.1,61.6,51.2,76.8,18.342,71
2022-04-09T00:00:00.000Z,3.1,104.7,17.05,11.2,24.5,13.763,486
2022-04-10T00:00:00.000Z,0.5,101.4,6.3,3.5,12,19.358,227
2022-04-11T00:00:00.000Z,0.7,142.1,37,7.2,69.59,33.682,534
2022-04-12T00:00:00.000Z,2.6,140.9,40.79,13.3,55,30.955,602
2022-04-13T00:00:00.000Z,1.4,133.3,22.5,11.5,38.95,22.738,613
2022-04-14T00:00:00.000Z,82.7,202.5,125.25,112.2,141.1,28.212,42
2022-04-15T00:00:00.000Z,10,127.6,24.6,19,33.7,18.302,539
2022-04-16T00:00:00.000Z,14.6,113.3,36,25.1,49.6,19.369,621
2022-04-17T00:00:00.000Z,27.4,286.3,53.35,41.15,117.2,61.45,624
2022-04-18T00:00:00.000Z,1.3,401.1,41.8,27.7,73,96.829,622
2022-04-19T00:00:00.000Z,13.1,249.9,41.5,33.95,50.75,50.467,609
2022-04-20T00:00:00.000Z,1.2,205.3,29.9,13.1,49,33.043,607
2022-04-21T00:00:00.000Z,4.9,290.5,66.05,19.6,114.5,64.048,622
2022-04-22T00:00:00.000Z,4,108.6,24.5,15.3,34.2,14.068,623
2022-04-23T00:00:00.000Z,3.4,110.5,18.2,10.19,40.04,18.155,633
2022-04-24T00:00:00.000Z,4.9,90.2,32.2,17,56.25,24.398,173
2022-04-25T00:00:00.000Z,8.1,95.7,19,15.65,23.15,9.85,229
2022-04-26T00:00:00.000Z,2.3,136.3,13,8,23.7,19.973,453
2022-04-27T00:00:00.000Z,4.7,302.5,39.5,13.7,115.75,75.226,373
2022-04-28T00:00:00.000Z,5.8,486.1,18.3,11.05,210.2,151.176,272
2022-04-29T00:00:00.000Z,8,541.1,44.1,19.6,237.5,154.647,397
2022-04-30T00:00:00.000Z,9.3,546.9,234.5,24.2,345.1,170.009,319
2022-05-01T00:00:00.000Z,81,509.5,367.5,142.8,508.4,168.943,5
2022-05-02T00:00:00.000Z,6.1,634,31.5,12.65,109.75,181.829,281
2022-05-03T00:00:00.000Z,9.6,496.9,68.2,33.2,164.3,111.776,606
2022-05-04T00:00:00.000Z,7.2,625.4,45,25.95,186.6,161.503,617
2022-05-05T00:00:00.000Z,36.6,585.7,84.55,58.8,231,123.377,634
2022-05-06T00:00:00.000Z,14.2,470.5,60.25,46.4,113.8,95.1,622
2022-05-07T00:00:00.000Z,15.8,359.2,43.75,34.54,62.7,67.117,616
2022-05-08T00:00:00.000Z,28.7,337.4,48.6,41.9,70.59,60.558,615
2022-05-09T00:00:00.000Z,25,226.1,58.3,48.5,89.9,35.451,622
2022-05-10T00:00:00.000Z,15.1,339.4,55.2,36.7,129.69,72.8,622
2022-05-11T00:00:00.000Z,43.5,249.4,71.1,54.35,122.05,46.621,624
2022-05-12T00:00:00.000Z,14.2,274.1,48,38.15,65.95,43.202,620
2022-05-13T00:00:00.000Z,3.1,491.8,27.2,11.6,58.2,99.014,614
2022-05-14T00:00:00.000Z,9.8,403.7,49.3,35.5,86.3,72.724,606
2022-05-15T00:00:00.000Z,5.1,607.3,71.2,37.79,286,155.739,607
2022-05-16T00:00:00.000Z,36.2,603.9,91.2,48.7,173.6,113.205,615
2022-05-17T00:00:00.000Z,46.7,181.1,63.8,54.8,74.9,17.235,595
2022-05-18T00:00:00.000Z,42.2,179.1,57.6,51.65,78.15,21.868,624
2022-05-19T00:00:00.000Z,13.1,229.2,51.3,44.05,78.55,35.48,621
2022-05-20T00:00:00.000Z,1.5,62.2,14.4,4.5,21.6,12.953,119