# Sensor Silva.D13.Ex, Ñuñoa, Chile (Purple Air/120637)
# https://aqicn.org/station/@410194/
# Daily met.h
date,min,max,median,q1,q3,stdev,count
2023-08-02T00:00:00.000Z,27,59,33,30,43,9.598,62
2023-08-03T00:00:00.000Z,22,100,77.5,38,96,28.586,274
2023-08-04T00:00:00.000Z,18,85,66,41,78,21.178,269
2023-08-05T00:00:00.000Z,57,100,92,81.5,94,10.205,185
2023-08-06T00:00:00.000Z,40,100,75.5,47,91,21.631,166
2023-08-07T00:00:00.000Z,36,100,61.5,42.5,79.5,19.299,156
2023-08-08T00:00:00.000Z,32,100,69,45,92,23.226,167
2023-08-09T00:00:00.000Z,46,100,69.5,59,84,14.844,180
2023-08-10T00:00:00.000Z,34,100,58,46.5,65.5,15.398,240
2023-08-11T00:00:00.000Z,40,100,71,48,93,21.703,203
2023-08-12T00:00:00.000Z,28,100,47,35,84,24.881,210
2023-08-13T00:00:00.000Z,22,100,60,32,86,27.08,274
2023-08-14T00:00:00.000Z,20,83,63,34,75,21.492,317
2023-08-15T00:00:00.000Z,62,100,80,69,90,11.268,147
2023-08-16T00:00:00.000Z,58,97,68.5,64,82,10.427,118
2023-08-17T00:00:00.000Z,50,100,68,60,82,13.787,134
2023-08-18T00:00:00.000Z,36,98,83,52,89,20.088,248
2023-08-19T00:00:00.000Z,66,100,75,69,80,7.819,85
2023-08-20T00:00:00.000Z,65,100,80,71,87,9.567,114
2023-08-21T00:00:00.000Z,54,99,84,70,91,12.408,133
2023-08-22T00:00:00.000Z,51,100,67,60.5,87,14.754,281
2023-08-24T00:00:00.000Z,44,98,57,53,64,12.1,153
2023-08-25T00:00:00.000Z,29,100,54,38,75,22.353,197
2023-08-26T00:00:00.000Z,24,100,41,31,80,25.387,175
2023-08-27T00:00:00.000Z,20,100,67,31.5,92,28.523,341
2023-08-28T00:00:00.000Z,25,73,57,40.5,64,13.259,317
2023-08-29T00:00:00.000Z,19,92,65,35,82,24.156,317
2023-08-30T00:00:00.000Z,33,100,65,49,80,18.832,230
2023-08-31T00:00:00.000Z,29,100,63,41,81,21.963,150
2023-09-01T00:00:00.000Z,43,71,59,51.5,65,7.676,205
2023-09-02T00:00:00.000Z,45,100,72,65,77.5,14.195,273
2023-09-03T00:00:00.000Z,41,100,48,44,67.5,17.419,113
2023-09-04T00:00:00.000Z,71,100,89,82,95,7.4,250
2023-09-05T00:00:00.000Z,71,100,85,80,90,7.089,127
2023-09-07T00:00:00.000Z,41,100,57,48,77,16.893,154
2023-09-08T00:00:00.000Z,44,100,73.5,51,93,19.767,210
2023-09-09T00:00:00.000Z,39,100,61.5,52.5,78,16.409,152
2023-09-10T00:00:00.000Z,64,100,83,77,92,9.327,259
2023-09-18T00:00:00.000Z,47,100,69,54,91,17.433,219
2023-09-19T00:00:00.000Z,31,100,77,51,86,21.21,301
2023-09-20T00:00:00.000Z,47,100,73,59,91,17.159,209
2023-09-21T00:00:00.000Z,31,100,71,48,86,21.424,231
2023-09-22T00:00:00.000Z,53,100,79,64.5,92,15.145,249
2023-09-23T00:00:00.000Z,47,99,61.5,52,79,15.605,140
2023-09-24T00:00:00.000Z,29,100,55,40,88,24.142,139
2023-09-25T00:00:00.000Z,30,100,65.5,41.5,88.5,23.352,172
2023-09-26T00:00:00.000Z,28,100,60.5,38,83.5,22.276,216
2023-09-27T00:00:00.000Z,21,97,64.5,38,82.5,24.085,232
2023-09-28T00:00:00.000Z,29,93,58,37,79,20.583,229
2023-09-29T00:00:00.000Z,21,90,48,29.5,71.5,21.533,248
2023-09-30T00:00:00.000Z,22,89,69,42,83,22.615,239
2023-10-01T00:00:00.000Z,60,100,82,71,93,11.443,187
2023-10-02T00:00:00.000Z,43,100,66.5,50,90,19.418,174
2023-10-03T00:00:00.000Z,39,100,59,45,73,17.304,150
2023-10-04T00:00:00.000Z,22,100,46,28,73,24.609,185
2023-10-05T00:00:00.000Z,25,100,63,41,86,24.31,206
2023-10-06T00:00:00.000Z,33,93,65,41,79,19.522,199
2023-10-07T00:00:00.000Z,18,97,62.5,31,87,26.654,222
2023-10-08T00:00:00.000Z,17,98,60.5,31,88,27.507,216
2023-10-09T00:00:00.000Z,17,81,44,23,64.5,21.381,217
2023-10-10T00:00:00.000Z,29,67,52,42,58,10.282,174
2023-10-11T00:00:00.000Z,23,100,60,31,86,26.317,223
2023-10-12T00:00:00.000Z,17,93,54,25,80,26.534,187
2023-10-13T00:00:00.000Z,17,69,37,23,51,16.259,182
2023-10-14T00:00:00.000Z,16,81,40,23,63,21.451,190
2023-10-15T00:00:00.000Z,19,68,38,23.5,53,15.65,177
2023-10-16T00:00:00.000Z,19,81,50.5,28,63,18.802,158
2023-10-17T00:00:00.000Z,16,74,36,22,51.5,17.4,189
2023-10-18T00:00:00.000Z,25,100,43.5,38,76,22.928,246
2023-10-19T00:00:00.000Z,16,88,49,23,76,25.651,211
2023-10-20T00:00:00.000Z,32,65,47,38,54,9.18,184
2023-10-21T00:00:00.000Z,61,100,77,66,90,12.109,179
2023-10-22T00:00:00.000Z,32,100,67,48,87,21.064,203
2023-10-23T00:00:00.000Z,33,100,66,46,94.5,23.489,164
2023-10-24T00:00:00.000Z,26,100,70,36,87,24.854,207
2023-10-25T00:00:00.000Z,23,100,56,34.5,78.5,24.45,196
2023-10-26T00:00:00.000Z,20,72,41,26,50,14.868,179
2023-10-27T00:00:00.000Z,42,98,68,52,83,16.939,196
2023-10-28T00:00:00.000Z,46,85,67,55,77,11.506,162
2023-10-29T00:00:00.000Z,36,100,68,51,81,17.653,199
2023-10-30T00:00:00.000Z,34,96,72.5,47,78,18.439,198
2023-10-31T00:00:00.000Z,24,97,70,37,88,25.314,201
2023-11-01T00:00:00.000Z,42,100,49,46,54,15.729,148
2023-11-02T00:00:00.000Z,26,100,45,38,63,17.956,184
2023-11-03T00:00:00.000Z,11,94,58,19.5,81,29.464,228
2023-11-04T00:00:00.000Z,22,68,43,33,56.5,13.315,204
2023-11-05T00:00:00.000Z,27,100,71,35,79,23.065,211
2023-11-06T00:00:00.000Z,25,95,56,37,77,21.532,198
2023-11-07T00:00:00.000Z,20,81,55,28,74,22.333,207
2023-11-08T00:00:00.000Z,14,80,43.5,21,62,21.117,182
2023-11-09T00:00:00.000Z,18,68,35,26,48,14.169,180
2023-11-10T00:00:00.000Z,36,100,69,39,90,24.215,113
2023-11-11T00:00:00.000Z,70,100,87,81,93,7.409,169
2023-11-12T00:00:00.000Z,47,100,66,54,82,16.631,125
2023-11-13T00:00:00.000Z,21,96,66,30,80,25.046,289
2023-11-14T00:00:00.000Z,24,94,53,33,76,22.459,235
2023-11-15T00:00:00.000Z,37,77,62,49,72,11.765,116

# Sensor Silva.D13.Ex, Ñuñoa, Chile (Purple Air/120637)
# https://aqicn.org/station/@410194/
# Daily pm1
date,min,max,median,q1,q3,stdev,count
2023-08-02T00:00:00.000Z,4.2,39.7,10.05,6.3,35.25,13.738,184
2023-08-03T00:00:00.000Z,3.7,44.8,28.5,24.4,32.2,7.23,601
2023-08-04T00:00:00.000Z,11.3,41.3,25.1,22.35,28.35,4.477,616
2023-08-05T00:00:00.000Z,22,152.6,30.9,28.5,33,10.761,628
2023-08-06T00:00:00.000Z,20.3,62.1,28.2,23,30.3,4.317,584
2023-08-07T00:00:00.000Z,22.3,42.6,29.3,26.6,33.5,4.259,610
2023-08-08T00:00:00.000Z,31.6,71.2,39.6,36.2,43.8,6.091,655
2023-08-09T00:00:00.000Z,27.4,75.4,44.7,37,50.45,10.578,649
2023-08-10T00:00:00.000Z,0,38.4,17.7,1.3,23.4,11.645,429
2023-08-11T00:00:00.000Z,0,33.7,21.65,8.8,26.1,9.485,630
2023-08-12T00:00:00.000Z,5.9,94.7,30.8,28.5,34.6,9.614,632
2023-08-13T00:00:00.000Z,0,56.2,26.4,21.7,31.7,12.459,615
2023-08-14T00:00:00.000Z,7.3,33.4,21.7,17.9,28.2,6.35,653
2023-08-15T00:00:00.000Z,5.4,48.3,26.1,22.2,30.5,6.609,615
2023-08-16T00:00:00.000Z,4.8,27.5,11.1,7.7,19.7,6.896,603
2023-08-17T00:00:00.000Z,0,29.3,19.2,15.4,20.5,6.578,541
2023-08-18T00:00:00.000Z,0,30.2,19.9,4.4,24.3,9.781,606
2023-08-19T00:00:00.000Z,0.2,39.4,20.7,8.5,29.65,10.51,597
2023-08-20T00:00:00.000Z,3.1,46.2,19.1,13.9,21.3,6.536,635
2023-08-21T00:00:00.000Z,0,29.6,8.69,5.6,13.4,5.614,590
2023-08-22T00:00:00.000Z,0,15.7,2.5,1.4,4.34,3.127,192
2023-08-23T00:00:00.000Z,0,14.9,2.29,0.65,4.75,3.24,204
2023-08-24T00:00:00.000Z,0.1,65.9,20.8,16.2,24.1,8.858,611
2023-08-25T00:00:00.000Z,0,31.5,13.85,4.9,22.5,9.538,560
2023-08-26T00:00:00.000Z,0,51,29.15,20.9,32.5,10.5,614
2023-08-27T00:00:00.000Z,15.1,78.9,25.3,22.6,27.7,5.172,631
2023-08-28T00:00:00.000Z,0,47.4,23.4,5.3,27,11.146,595
2023-08-29T00:00:00.000Z,1.5,30,9.8,6.2,17.7,7.402,621
2023-08-30T00:00:00.000Z,0,25.9,5.9,2.9,19.55,8.342,592
2023-08-31T00:00:00.000Z,3.7,78.2,24.8,10.2,31.3,11.991,625
2023-09-01T00:00:00.000Z,6.6,43.3,20.8,18.4,23,5.546,614
2023-09-02T00:00:00.000Z,19.1,32.8,26,24.2,27.6,2.584,607
2023-09-03T00:00:00.000Z,4.1,45,24.7,21.7,27.2,6.825,585
2023-09-04T00:00:00.000Z,2.3,44.9,8.6,6.6,18.5,6.713,625
2023-09-05T00:00:00.000Z,20.7,70,33.8,23.6,40.95,12.01,617
2023-09-06T00:00:00.000Z,0,62.7,29.3,20.3,39.4,13.332,558
2023-09-07T00:00:00.000Z,0,29.8,18.9,5,20.9,8.406,502
2023-09-08T00:00:00.000Z,10.8,33.1,19.4,18,23,3.571,640
2023-09-09T00:00:00.000Z,7.4,40.2,27.3,22.65,30.45,6.531,608
2023-09-10T00:00:00.000Z,19,303.1,36.4,29.8,41.8,20.662,626
2023-09-18T00:00:00.000Z,6.3,70.4,31.5,26.6,37.9,10.352,615
2023-09-19T00:00:00.000Z,6.5,74,51.4,33.04,63.9,19.496,656
2023-09-20T00:00:00.000Z,5,47.5,21.5,17.6,30.85,8.768,589
2023-09-21T00:00:00.000Z,0,28.6,12.25,5.7,21.9,8.652,638
2023-09-22T00:00:00.000Z,0,29.7,12.1,5.6,23.7,9.414,613
2023-09-23T00:00:00.000Z,9.5,57.9,30.1,27.7,38.79,8.348,633
2023-09-24T00:00:00.000Z,7,42.8,23.2,13.65,31.7,9.815,616
2023-09-25T00:00:00.000Z,0,48.3,24.9,7.9,27.7,10.664,513
2023-09-26T00:00:00.000Z,0,16.5,3.2,1.4,6.5,3.221,378
2023-09-27T00:00:00.000Z,1,33.3,12.5,7.3,20.39,7.9,633
2023-09-28T00:00:00.000Z,3.5,28.3,15,7.4,21.2,6.973,630
2023-09-29T00:00:00.000Z,6.5,34.3,22.8,12.15,28.35,8.242,597
2023-09-30T00:00:00.000Z,7.5,40.4,24.7,18.89,27.6,7.665,628
2023-10-01T00:00:00.000Z,8.6,38,22.1,19.1,25.3,5.06,620
2023-10-02T00:00:00.000Z,1.4,22.9,10,4.4,16.3,6.164,651
2023-10-03T00:00:00.000Z,0.6,19.9,5.1,3.7,7.9,3.731,604
2023-10-04T00:00:00.000Z,0.1,36.3,14.9,4.09,21.4,8.453,622
2023-10-05T00:00:00.000Z,0.7,35,10.3,3.3,19.7,8.208,615
2023-10-06T00:00:00.000Z,0,55.9,5.8,2.9,18,11.381,611
2023-10-07T00:00:00.000Z,0.1,44,21.1,5.35,23.6,9.732,625
2023-10-08T00:00:00.000Z,0.7,30.3,6.5,3.3,19.8,8.98,627
2023-10-09T00:00:00.000Z,0,215.1,16,4.8,19,18.666,647
2023-10-10T00:00:00.000Z,0,28.9,6.3,4.7,9.5,5.252,622
2023-10-11T00:00:00.000Z,2.2,32.4,17.55,4.4,22.8,10.009,624
2023-10-12T00:00:00.000Z,0.6,29.3,11.1,5.6,20.4,8.725,629
2023-10-13T00:00:00.000Z,0.5,31.6,10.3,6.1,18.2,8.562,630
2023-10-14T00:00:00.000Z,0,31.2,12.3,4.4,19.3,7.928,596
2023-10-15T00:00:00.000Z,0,276.4,7.4,2.5,12.8,32.874,599
2023-10-16T00:00:00.000Z,0,18.6,4.2,1.2,6.7,4.175,591
2023-10-17T00:00:00.000Z,0,28,6,3.5,19.2,8.252,610
2023-10-18T00:00:00.000Z,0.1,21.6,7.25,3,10.7,5.784,620
2023-10-19T00:00:00.000Z,0.4,27.8,10.4,5,19.8,7.468,635
2023-10-20T00:00:00.000Z,4,30.7,17.8,8.19,20.6,7.176,627
2023-10-21T00:00:00.000Z,18.5,35.5,26.8,23.1,30.7,4.474,606
2023-10-22T00:00:00.000Z,15.8,39.4,28.55,23.55,32.1,5.411,592
2023-10-23T00:00:00.000Z,4.9,29.3,20.1,12.6,22.3,6.344,647
2023-10-24T00:00:00.000Z,2.6,31.8,13.7,7.5,23.6,9.177,639
2023-10-25T00:00:00.000Z,3.8,30,12.75,6.9,21.6,7.736,638
2023-10-26T00:00:00.000Z,2.2,30.1,5.6,4.4,16,7.109,607
2023-10-27T00:00:00.000Z,2.6,195.1,9.19,4.9,17.6,19.544,619
2023-10-28T00:00:00.000Z,0.3,26.9,18.39,8.6,22,7.523,639
2023-10-29T00:00:00.000Z,0,51.1,5.8,2.9,10.15,5.98,464
2023-10-30T00:00:00.000Z,0,27.3,5.75,2.15,17.64,8.145,544
2023-10-31T00:00:00.000Z,0,31.1,19,4.8,21.9,9.016,593
2023-11-01T00:00:00.000Z,0,20,3.1,1.8,4.4,3.356,608
2023-11-02T00:00:00.000Z,0,30.3,18.6,8.35,23.2,8.044,469
2023-11-03T00:00:00.000Z,0,23.9,4,2.4,11.9,7.226,467
2023-11-04T00:00:00.000Z,0.1,35.5,6.3,4.8,18.5,7.228,631
2023-11-05T00:00:00.000Z,1,23.7,6.2,4.4,12.45,6.626,624
2023-11-06T00:00:00.000Z,0.6,23.5,9.55,3.3,15.2,6.594,626
2023-11-07T00:00:00.000Z,0,21.9,3.9,1.9,8.3,6.242,610
2023-11-08T00:00:00.000Z,0,22,4.59,0.85,8.5,5.368,520
2023-11-09T00:00:00.000Z,0,26.2,3.95,1.5,8.5,6.075,572
2023-11-10T00:00:00.000Z,0,25.3,3.8,1.3,7.6,5.322,558
2023-11-11T00:00:00.000Z,0,21.6,10.19,7.4,17,5.574,566
2023-11-12T00:00:00.000Z,4.1,26.5,18.8,11.7,20.1,5.679,371
2023-11-13T00:00:00.000Z,0,27.2,2.6,0.4,14.7,7.929,553
2023-11-14T00:00:00.000Z,0,28.7,14.1,3.95,18.7,8.348,496
2023-11-15T00:00:00.000Z,0,11.8,3.2,0.45,4.4,2.076,220

# Sensor Silva.D13.Ex, Ñuñoa, Chile (Purple Air/120637)
# https://aqicn.org/station/@410194/
# Daily pm10
date,min,max,median,q1,q3,stdev,count
2023-08-02T00:00:00.000Z,10.5,83.8,23.1,16.64,75,27.949,193
2023-08-03T00:00:00.000Z,8.6,76,56.9,46.4,65.7,14.859,634
2023-08-04T00:00:00.000Z,23.6,80.1,49.8,43.2,56.5,10.621,626
2023-08-05T00:00:00.000Z,45.9,336,61.5,56.95,65.6,21.375,637
2023-08-06T00:00:00.000Z,36.6,105.1,56.2,44.8,61.7,9.362,622
2023-08-07T00:00:00.000Z,42.8,76.3,59.7,53.3,67.09,7.819,634
2023-08-08T00:00:00.000Z,62.6,122.8,74.5,71.15,78.4,7.8,645
2023-08-09T00:00:00.000Z,53.7,133.8,80,72.7,89.9,16.838,658
2023-08-10T00:00:00.000Z,0,74.3,6.2,1.4,37.65,22.707,620
2023-08-11T00:00:00.000Z,0.8,63.8,36.79,19.1,48,17.205,658
2023-08-12T00:00:00.000Z,13.4,146.5,58.85,54.1,65.7,15.28,670
2023-08-13T00:00:00.000Z,1.7,94.3,51.3,41.15,62.2,21.614,628
2023-08-14T00:00:00.000Z,18.9,63.9,37.9,28.8,54.5,12.965,675
2023-08-15T00:00:00.000Z,16.9,89.7,52.4,41.9,62.8,13.686,643
2023-08-16T00:00:00.000Z,13.2,55,24.6,20.45,37.25,11.48,620
2023-08-17T00:00:00.000Z,0,54.3,31.8,16,35.54,14.14,629
2023-08-18T00:00:00.000Z,1.7,61.3,32.54,8.6,47.15,17.805,624
2023-08-19T00:00:00.000Z,2.5,91.3,37.2,19.8,58.4,20.057,617
2023-08-20T00:00:00.000Z,7.1,104.2,28.5,23.3,33.79,10.52,665
2023-08-21T00:00:00.000Z,0.9,57.2,19.5,12.5,23.8,8.456,607
2023-08-22T00:00:00.000Z,0,31.6,3.3,0.1,6.6,6.124,330
2023-08-23T00:00:00.000Z,0,29.1,1.3,0.2,5.2,5.425,399
2023-08-24T00:00:00.000Z,0,101.7,34.3,24.6,43.2,15.595,638
2023-08-25T00:00:00.000Z,0.3,58.8,22.3,7,38.2,16.451,615
2023-08-26T00:00:00.000Z,2.2,83.7,53.6,36.35,60.8,18.755,625
2023-08-27T00:00:00.000Z,25.1,148.7,46.2,40.4,52.1,10.446,647
2023-08-28T00:00:00.000Z,0,76.4,41.9,8.94,49.7,20.246,645
2023-08-29T00:00:00.000Z,4.7,57.6,21.6,16.2,29.4,12.335,622
2023-08-30T00:00:00.000Z,2,46.8,15.8,7,32.6,13.158,617
2023-08-31T00:00:00.000Z,8.7,137.8,44.75,22.4,58.6,20.491,652
2023-09-01T00:00:00.000Z,15.6,73.4,34.4,28.85,41.2,9.122,633
2023-09-02T00:00:00.000Z,31.1,62.2,46.7,43.8,49.8,5.568,638
2023-09-03T00:00:00.000Z,8.2,78,46,39.2,51.9,12.718,630
2023-09-04T00:00:00.000Z,5.8,84.6,20.8,17.2,28.9,9.719,632
2023-09-05T00:00:00.000Z,35.3,111.4,65.05,44.2,72.75,19.471,636
2023-09-06T00:00:00.000Z,0,104.9,54.9,29.35,73.3,26.818,620
2023-09-07T00:00:00.000Z,0,57.4,27.3,6.4,36.15,16.239,605
2023-09-08T00:00:00.000Z,22.3,62.9,31.4,28.3,42.4,7.958,643
2023-09-09T00:00:00.000Z,18.3,73,50,40.79,56.9,12.502,637
2023-09-10T00:00:00.000Z,30.3,911.1,65.8,54.4,70.8,54.969,633
2023-09-18T00:00:00.000Z,14.9,114,58.8,48.4,68.09,15.516,636
2023-09-19T00:00:00.000Z,14.2,115.9,79.5,60.55,99.15,28.186,657
2023-09-20T00:00:00.000Z,11,77.1,35.5,26.8,56.6,16.965,613
2023-09-21T00:00:00.000Z,1.7,56.1,23.6,13.9,40.6,15.185,651
2023-09-22T00:00:00.000Z,1.7,56.2,24.9,13.6,44,16.391,651
2023-09-23T00:00:00.000Z,20.7,103.2,57.8,52.3,72.5,14.833,649
2023-09-24T00:00:00.000Z,19.2,82,48.6,24.95,67.34,20.1,644
2023-09-25T00:00:00.000Z,0,81.3,44.9,15.65,54.1,20.848,576
2023-09-26T00:00:00.000Z,0,23.3,5.4,3.4,11.6,6.116,434
2023-09-27T00:00:00.000Z,3.8,60.9,22.8,17.5,32.4,12.472,645
2023-09-28T00:00:00.000Z,7.3,49.5,24.2,17.75,34.45,10.188,640
2023-09-29T00:00:00.000Z,14.8,66.3,41.3,22.9,52.1,14.516,622
2023-09-30T00:00:00.000Z,18.3,69.6,45.3,31.1,52,13.407,659
2023-10-01T00:00:00.000Z,19.9,73.2,42.35,32.04,52.8,11.971,652
2023-10-02T00:00:00.000Z,5.4,50.8,21.95,9.75,28.35,9.904,660
2023-10-03T00:00:00.000Z,3.9,32.9,10.8,7.5,18.39,6.61,618
2023-10-04T00:00:00.000Z,2.7,68.9,26.1,8.9,37.45,14.077,641
2023-10-05T00:00:00.000Z,3.3,64.6,21.75,7.1,31.4,13.075,644
2023-10-06T00:00:00.000Z,1.2,102,13.8,6.6,27.2,20.628,635
2023-10-07T00:00:00.000Z,2.4,80.1,36.65,11.25,43.35,17.104,644
2023-10-08T00:00:00.000Z,3.3,58.3,17.89,7.2,30.8,14.743,641
2023-10-09T00:00:00.000Z,0.8,589.7,24.8,6.7,29,38.852,662
2023-10-10T00:00:00.000Z,2.4,49.8,15.6,10.9,21.1,8.765,647
2023-10-11T00:00:00.000Z,6.3,64.1,31,9.9,44.9,18.954,662
2023-10-12T00:00:00.000Z,3.7,57.3,23.05,14.6,35.79,14.756,650
2023-10-13T00:00:00.000Z,3.1,58.5,21.7,14.85,29.45,15.279,641
2023-10-14T00:00:00.000Z,0.5,59.8,22.25,8,29.9,12.677,626
2023-10-15T00:00:00.000Z,0.1,769,17.1,5.3,23.3,78.875,646
2023-10-16T00:00:00.000Z,1,30.6,8.15,4.34,17.1,7.263,632
2023-10-17T00:00:00.000Z,2.1,55.3,13.5,7,30,13.899,626
2023-10-18T00:00:00.000Z,2.3,37.3,17.85,6.2,22.4,9.363,650
2023-10-19T00:00:00.000Z,3.7,51,21.9,9.75,33.2,12.59,653
2023-10-20T00:00:00.000Z,8.1,60.2,28.95,19.1,34.65,11.916,652
2023-10-21T00:00:00.000Z,32.6,72.6,54.3,45.8,62.5,10.454,629
2023-10-22T00:00:00.000Z,27,76.2,57.05,46.2,64.59,12.164,630
2023-10-23T00:00:00.000Z,12.3,56.1,36,24.9,44.3,11.261,659
2023-10-24T00:00:00.000Z,5.6,64.1,25.6,19.3,45.7,17.803,660
2023-10-25T00:00:00.000Z,8.3,57.3,23.05,17.3,37.65,12.028,656
2023-10-26T00:00:00.000Z,5.6,56.1,12.5,8.94,25.35,11.428,632
2023-10-27T00:00:00.000Z,6.2,762.2,21.35,12.15,29,52.287,644
2023-10-28T00:00:00.000Z,3.3,50.3,30.7,21.3,40.15,12.513,657
2023-10-29T00:00:00.000Z,0,91.9,12.2,3.6,20.5,10.206,575
2023-10-30T00:00:00.000Z,0,51.6,11.65,3.65,24.45,13.33,604
2023-10-31T00:00:00.000Z,1.2,60.3,31.2,10.15,39.29,15.945,620
2023-11-01T00:00:00.000Z,1,30.8,6.5,4.8,8.9,5.526,635
2023-11-02T00:00:00.000Z,0,58,25.6,16.25,36.65,14.121,521
2023-11-03T00:00:00.000Z,0,41.6,6.9,2.7,19.2,11.888,590
2023-11-04T00:00:00.000Z,2.6,65.7,13.9,9.19,28.5,11.268,649
2023-11-05T00:00:00.000Z,3.9,43.4,16,9.4,24.2,11.133,637
2023-11-06T00:00:00.000Z,4,44.5,21.1,6.65,25.3,10.784,641
2023-11-07T00:00:00.000Z,0.5,41,8,5.2,19.89,11.1,637
2023-11-08T00:00:00.000Z,0,39.7,7.25,2.7,19.45,9.46,608
2023-11-09T00:00:00.000Z,1.3,48.5,8,4.2,19.6,9.649,594
2023-11-10T00:00:00.000Z,0,45.4,7,3.5,17.8,8.675,639
2023-11-11T00:00:00.000Z,0.1,39.2,22.8,16.75,27.8,9.545,633
2023-11-12T00:00:00.000Z,8.1,56.7,33.95,25.1,39.7,9.895,382
2023-11-13T00:00:00.000Z,0.3,48.4,5.45,2.2,22.3,13.424,658
2023-11-14T00:00:00.000Z,0,50.2,13.6,4.2,26.85,13.539,608
2023-11-15T00:00:00.000Z,0,22.8,3.9,1.1,9.5,4.996,338

# Sensor Silva.D13.Ex, Ñuñoa, Chile (Purple Air/120637)
# https://aqicn.org/station/@410194/
# Daily pm25
date,min,max,median,q1,q3,stdev,count
2023-08-02T00:00:00.000Z,8.2,71.2,20.6,13.1,60.8,22.791,193
2023-08-03T00:00:00.000Z,7.5,66.4,44.4,36.9,50.7,10.992,623
2023-08-04T00:00:00.000Z,21.1,67.6,39.4,34.8,44.3,7.477,620
2023-08-05T00:00:00.000Z,36.5,289.7,47.8,44.7,51,19.184,643
2023-08-06T00:00:00.000Z,32.1,85.7,44.1,36.6,47.8,6.733,610
2023-08-07T00:00:00.000Z,34.9,67.7,46.6,42,53.1,6.942,625
2023-08-08T00:00:00.000Z,49.5,111.8,63.2,58.4,70,9.739,662
2023-08-09T00:00:00.000Z,43.1,122.2,71.9,59.75,81.84,17.551,660
2023-08-10T00:00:00.000Z,0,62.3,10.25,1.4,35.45,18.363,576
2023-08-11T00:00:00.000Z,0.1,50.9,31.6,17.45,39.2,13.82,649
2023-08-12T00:00:00.000Z,10.8,135.5,46.35,43.25,51.8,13.106,664
2023-08-13T00:00:00.000Z,1.5,86.4,41.15,34.2,49.3,18.273,626
2023-08-14T00:00:00.000Z,17.2,49.7,32.2,26.1,43.5,9.169,655
2023-08-15T00:00:00.000Z,13.9,79.3,41.6,34.25,48.45,10.194,633
2023-08-16T00:00:00.000Z,9.9,43.6,22.5,18.5,31.5,8.66,631
2023-08-17T00:00:00.000Z,0,45.2,28.9,21.35,31.4,11.266,592
2023-08-18T00:00:00.000Z,1.2,47.9,28.95,7.4,38.2,14.488,622
2023-08-19T00:00:00.000Z,2,73.4,32,18.39,46.05,15.252,609
2023-08-20T00:00:00.000Z,6.4,84.9,26.6,21.8,30.3,8.659,658
2023-08-21T00:00:00.000Z,0.4,45.7,18.1,10,22.3,7.874,594
2023-08-22T00:00:00.000Z,0,27,4.6,0.5,6.8,5.668,265
2023-08-23T00:00:00.000Z,0,24.9,2.6,0.3,6.2,5.035,319
2023-08-24T00:00:00.000Z,0,96,30.7,23.2,35.7,12.736,622
2023-08-25T00:00:00.000Z,0,47,20.1,6.25,32.79,13.622,604
2023-08-26T00:00:00.000Z,1.5,76.4,43.2,31.7,48.35,14.738,612
2023-08-27T00:00:00.000Z,23.2,131.3,37.7,33.5,42.1,8.122,637
2023-08-28T00:00:00.000Z,0,68.2,34.7,7.25,40.2,16.351,641
2023-08-29T00:00:00.000Z,4.4,45.9,19.14,12.6,26.3,10.068,638
2023-08-30T00:00:00.000Z,1.1,38.2,11.9,6.1,29.2,11.512,609
2023-08-31T00:00:00.000Z,7.6,125.6,36.79,19.75,46.8,17,644
2023-09-01T00:00:00.000Z,12.8,63.4,30.4,26.1,34.3,6.809,619
2023-09-02T00:00:00.000Z,28.1,48.8,38.29,36,40.8,3.79,618
2023-09-03T00:00:00.000Z,7.5,70.6,37.79,33.2,41.8,9.825,610
2023-09-04T00:00:00.000Z,5,73,19,14.9,26.9,8.575,629
2023-09-05T00:00:00.000Z,31.2,105,51.35,36,61,18.85,628
2023-09-06T00:00:00.000Z,0,96.3,44.6,29.1,62.2,21.926,602
2023-09-07T00:00:00.000Z,0,45.9,26.85,6.2,31.65,13.517,580
2023-09-08T00:00:00.000Z,20.5,52.6,28.8,26.2,35.4,5.474,650
2023-09-09T00:00:00.000Z,15.5,61.4,40.7,33.85,45.5,9.069,625
2023-09-10T00:00:00.000Z,27.8,716.5,52.35,44,59.7,45.918,634
2023-09-18T00:00:00.000Z,10.8,105.8,47.1,39.7,55.4,15.287,627
2023-09-19T00:00:00.000Z,12.8,107,73.84,48.65,92.2,27.083,660
2023-09-20T00:00:00.000Z,9,70.1,31.35,25,45.45,12.539,604
2023-09-21T00:00:00.000Z,1.1,44.8,21.9,10.5,33.9,12.465,637
2023-09-22T00:00:00.000Z,0.6,44.8,22.5,10.75,36.29,13.382,633
2023-09-23T00:00:00.000Z,19.6,94.6,46.2,42.35,61.55,14.519,644
2023-09-24T00:00:00.000Z,17.2,73.7,38.4,23.3,52.65,16.068,633
2023-09-25T00:00:00.000Z,0,72.5,37.65,15.55,43,16.077,556
2023-09-26T00:00:00.000Z,0,21.6,5,3.1,10.4,5.567,428
2023-09-27T00:00:00.000Z,3.2,49.1,21,14.55,29.45,10.496,640
2023-09-28T00:00:00.000Z,6.3,40.9,22.3,15.25,30.6,8.743,633
2023-09-29T00:00:00.000Z,12.9,53.5,34.1,20.7,42.4,10.828,619
2023-09-30T00:00:00.000Z,16.9,57.9,36.7,27.4,41.9,9.827,654
2023-10-01T00:00:00.000Z,18.6,61.7,34.79,29,41.6,7.93,631
2023-10-02T00:00:00.000Z,4.8,38.8,20.45,8.5,26,8.888,654
2023-10-03T00:00:00.000Z,3.5,30,9.19,6.8,16.8,6.15,618
2023-10-04T00:00:00.000Z,2.5,55.1,23.7,7.75,32.25,11.802,640
2023-10-05T00:00:00.000Z,3,51.5,19.8,6.2,28.8,11.303,633
2023-10-06T00:00:00.000Z,0.8,92.8,11.05,5.8,25.6,17.544,628
2023-10-07T00:00:00.000Z,1.9,68.9,31.6,9.44,35.75,13.8,637
2023-10-08T00:00:00.000Z,3.2,45.8,14.4,6.1,28.7,12.47,652
2023-10-09T00:00:00.000Z,0.4,473.2,22.9,6.1,27,33.474,655
2023-10-10T00:00:00.000Z,1.4,40.7,12.75,8.69,19.1,7.577,642
2023-10-11T00:00:00.000Z,5.6,50.7,28.65,8.4,36.4,15.069,642
2023-10-12T00:00:00.000Z,3.1,44.3,20.9,11.05,30.75,12.076,649
2023-10-13T00:00:00.000Z,2.4,46.4,19.89,11.5,26.7,12.199,645
2023-10-14T00:00:00.000Z,0.1,46.7,20,7.1,27.1,11.074,619
2023-10-15T00:00:00.000Z,0,675.8,14.3,4.59,20.9,69.924,645
2023-10-16T00:00:00.000Z,0.6,26.9,7.2,3.5,13.5,6.486,638
2023-10-17T00:00:00.000Z,1.7,43.5,10.6,6.2,27.7,11.878,611
2023-10-18T00:00:00.000Z,2.1,32.4,15.9,5.6,20.7,8.755,638
2023-10-19T00:00:00.000Z,3.1,41.6,20,8.6,29.8,10.621,639
2023-10-20T00:00:00.000Z,7.3,47,26.2,17.2,30.7,9.893,635
2023-10-21T00:00:00.000Z,28.9,58,43.1,37.1,49.3,7.305,632
2023-10-22T00:00:00.000Z,24.7,67.5,45.4,37.7,51.6,9.17,608
2023-10-23T00:00:00.000Z,10.6,45.3,31.4,22.9,36.2,8.452,661
2023-10-24T00:00:00.000Z,5.2,50.9,23.4,17.7,37.5,13.676,659
2023-10-25T00:00:00.000Z,7.1,46.5,20.9,14.4,32.1,9.98,656
2023-10-26T00:00:00.000Z,4.8,44.8,10,7.8,23.9,9.968,629
2023-10-27T00:00:00.000Z,5.6,599,19.4,9.1,26.7,43.45,635
2023-10-28T00:00:00.000Z,2.9,41.1,28.2,19.2,33.7,10.145,655
2023-10-29T00:00:00.000Z,0,81.1,10.4,4.5,19,9.22,537
2023-10-30T00:00:00.000Z,0,41.8,10.1,3.4,22.7,11.457,589
2023-10-31T00:00:00.000Z,0.5,50.4,28.6,8.55,33.15,13.349,616
2023-11-01T00:00:00.000Z,0.7,28.1,5.7,4.09,7.6,5.02,633
2023-11-02T00:00:00.000Z,0,46.1,24.8,15.15,32.9,11.443,505
2023-11-03T00:00:00.000Z,0,34.7,6.4,3.85,19,10.585,548
2023-11-04T00:00:00.000Z,2,52.7,11.3,8.1,26.05,9.884,641
2023-11-05T00:00:00.000Z,3,36.1,12.2,7.9,21.9,9.807,629
2023-11-06T00:00:00.000Z,3.5,37,19,5.9,23.1,9.467,626
2023-11-07T00:00:00.000Z,0.4,34.4,7.3,4.8,18.3,9.729,629
2023-11-08T00:00:00.000Z,0,33.6,6.7,2.5,17.5,8.558,585
2023-11-09T00:00:00.000Z,0.7,40.1,6.9,3.7,17.7,8.836,596
2023-11-10T00:00:00.000Z,0,37.8,6.3,3.1,15.75,7.882,632
2023-11-11T00:00:00.000Z,0,33.4,20.9,13.9,25.55,8.839,624
2023-11-12T00:00:00.000Z,7.9,44.3,30,22.95,33,7.705,376
2023-11-13T00:00:00.000Z,0,39.8,4.7,1.6,21.15,11.838,645
2023-11-14T00:00:00.000Z,0.3,34.8,9.9,4.7,23.5,9.754,279