# Sensor AireCiudadan CL VillaAlemana 6352f8, Villa Alemana, Chile (Ciencia ciudadana por la Calidad del Aire/6352f8)
# https://aqicn.org/station/@373114/
# Daily pm25
date,min,max,median,q1,q3,stdev,count
2023-03-02T00:00:00.000Z,6,9,7,7,8,0.653,19
2023-03-03T00:00:00.000Z,3,23,8,5,14,4.538,1431
2023-03-04T00:00:00.000Z,4,50,8,6,9,3.986,1408
2023-03-05T00:00:00.000Z,5,24,10,7,13,4.112,1431
2023-03-06T00:00:00.000Z,3,25,9,8,13,5.154,1426
2023-03-07T00:00:00.000Z,3,44,7,6,16,9.904,1286
2023-03-08T00:00:00.000Z,2,20,9,6,11,3.122,1229
2023-03-09T00:00:00.000Z,1,11,3,2,5,1.995,988
2023-03-10T00:00:00.000Z,3,44,7,4,25,11.996,822
2023-03-11T00:00:00.000Z,2,32,11,5,21,7.723,790
2023-03-12T00:00:00.000Z,2,17,5,3,7,2.926,1426
2023-03-13T00:00:00.000Z,2,10,3,3,4,1.295,1426
2023-03-14T00:00:00.000Z,2,27,7,3,11.5,6.615,1413
2023-03-15T00:00:00.000Z,0,12,2,2,4,2.178,1423
2023-03-16T00:00:00.000Z,0,10,2,1,2,1.755,1417
2023-03-17T00:00:00.000Z,1,10,3,2,4,1.566,1424
2023-03-18T00:00:00.000Z,1,113,3,2,4,4.855,1425
2023-03-19T00:00:00.000Z,2,11,5,4,6,1.977,1398
2023-03-20T00:00:00.000Z,2,25,11,10,17,5.093,1422
2023-03-21T00:00:00.000Z,4,26,8,6,13,5.406,1424
2023-03-22T00:00:00.000Z,5,23,9,8,10,2.574,1412
2023-03-23T00:00:00.000Z,9,33,15,14,17,3.883,1406
2023-03-24T00:00:00.000Z,8,109,20,15,23,7.511,1402
2023-03-25T00:00:00.000Z,9,34,20,15,23,5.104,1411
2023-03-26T00:00:00.000Z,6,36,19,15,23,6.616,1425
2023-03-27T00:00:00.000Z,8,35,14,11,18,4.741,1430
2023-03-28T00:00:00.000Z,1,26,14,9,18,6.331,1427
2023-03-29T00:00:00.000Z,1,16,3,3,5,2.563,1427
2023-03-30T00:00:00.000Z,2,15,4,3,5,2.298,1428
2023-03-31T00:00:00.000Z,2,20,8,6,10,3.132,1429
2023-04-01T00:00:00.000Z,5,28,14,9,19,5.424,1431
2023-04-02T00:00:00.000Z,5,56,18,9,26,9.351,1430
2023-04-03T00:00:00.000Z,4,20,7,6,9,2.352,1431
2023-04-04T00:00:00.000Z,5,24,8,7,10,2.431,1432
2023-04-05T00:00:00.000Z,2,21,15,9,17,4.938,1430
2023-04-06T00:00:00.000Z,2,11,4,3,6,1.847,1434
2023-04-07T00:00:00.000Z,2,13,6,5,8,2.188,1436
2023-04-08T00:00:00.000Z,10,97,23,15,30,13.903,1434
2023-04-09T00:00:00.000Z,10,41,25,20,28,6.39,1385
2023-04-10T00:00:00.000Z,8,28,17,11,19,4.672,1423
2023-04-11T00:00:00.000Z,1,26,11,4,14,6.377,1425
2023-04-12T00:00:00.000Z,1,19,5,2,7,3.923,1435
2023-04-13T00:00:00.000Z,1,32,5,2,7,3.749,1433
2023-04-14T00:00:00.000Z,1,12,4,3,5,1.928,1437
2023-04-15T00:00:00.000Z,5,42,9,7,10,3.304,1435
2023-04-16T00:00:00.000Z,3,32,7,5,10,5.243,1437
2023-04-17T00:00:00.000Z,3,16,8,7,9,2.34,1432
2023-04-18T00:00:00.000Z,3,18,7,6,8,2.117,1434
2023-04-19T00:00:00.000Z,4,33,9,7,11,3.674,1436
2023-04-20T00:00:00.000Z,2,54,14,10,25,13.813,1434
2023-04-21T00:00:00.000Z,2,17,7,4,9,3.817,1437
2023-04-22T00:00:00.000Z,3,28,11,9,14,5.285,1429
2023-04-23T00:00:00.000Z,14,73,22,18,26,5.188,1433
2023-04-24T00:00:00.000Z,7,51,20,16,27,7.731,1435
2023-04-25T00:00:00.000Z,10,215,24,20,29,10.196,1435
2023-04-26T00:00:00.000Z,24,63,40,36,46,6.956,1438
2023-04-27T00:00:00.000Z,21,64,32,29,45,10.127,1435
2023-04-28T00:00:00.000Z,1,37,10,3,16,10.235,1437
2023-04-29T00:00:00.000Z,1,65,6,4,10,7.562,1435
2023-04-30T00:00:00.000Z,0,22,2,1,8,4.794,1433
2023-05-01T00:00:00.000Z,2,23,6,3,12,4.567,1432
2023-05-02T00:00:00.000Z,3,20,9,6,14,4.365,1435
2023-05-03T00:00:00.000Z,6,38,17,12,25,6.87,1438
2023-05-04T00:00:00.000Z,19,66,29,26,36,9.262,1434
2023-05-05T00:00:00.000Z,22,148,41,37,46,14.293,1434
2023-05-06T00:00:00.000Z,15,172,64,30,113,43.765,1435
2023-05-07T00:00:00.000Z,22,152,63,35,97,31.809,1423
2023-05-15T00:00:00.000Z,4,202,14,11,18,14.272,1431
2023-05-16T00:00:00.000Z,7,70,22,10,30,13.542,1397
2023-05-17T00:00:00.000Z,2,31,12,5,15,5.389,1425
2023-05-18T00:00:00.000Z,6,69,13,10,23,10.309,1427
2023-05-19T00:00:00.000Z,8,71,18,14,28,8.311,1429
2023-05-20T00:00:00.000Z,19,93,33,26,41,10.892,1428
2023-05-21T00:00:00.000Z,10,72,29,19,32,8.07,1435
2023-05-22T00:00:00.000Z,1,63,5,2,19.5,11.9,1429
2023-05-23T00:00:00.000Z,6,156,28,18,36,15.05,1430
2023-05-24T00:00:00.000Z,2,195,46,17,98,44.746,1429
2023-05-25T00:00:00.000Z,10,116,23,18,28.5,11.155,1433
2023-05-26T00:00:00.000Z,1,110,21,4,49,26.483,1426
2023-05-27T00:00:00.000Z,6,84,11,10,15,9.582,1428
2023-05-28T00:00:00.000Z,12,162,48,23,61,20.937,1435
2023-05-29T00:00:00.000Z,13,78,23,20,30,10.598,1298
2023-05-30T00:00:00.000Z,26,104,41,35,54,15.37,1431
2023-05-31T00:00:00.000Z,9,181,46,20,79,33.536,1437
2023-06-01T00:00:00.000Z,10,150,35,25,51,17.066,1436
2023-06-02T00:00:00.000Z,2,110,35,16,40,16.691,1436
2023-06-03T00:00:00.000Z,1,90,15,7,19,8.588,1437
2023-06-04T00:00:00.000Z,6,80,15,10,23,14.654,1437
2023-06-05T00:00:00.000Z,8,80,27,12,35,14.579,1433
2023-06-06T00:00:00.000Z,7,71,28,14,35,12.777,1436
2023-06-07T00:00:00.000Z,14,98,33,25,47,17.066,1436
2023-06-08T00:00:00.000Z,1,193,27,18,31,13.723,1433
2023-06-09T00:00:00.000Z,1,72,7,3,11,6.113,1438
2023-06-10T00:00:00.000Z,2,41,5,3,7,3.427,1436
2023-06-11T00:00:00.000Z,10,1608,20,16,40,47.28,1435
2023-06-12T00:00:00.000Z,20,135,44,30,66,24.892,1432
2023-06-13T00:00:00.000Z,21,225,81,41,122,52.024,1411
2023-06-14T00:00:00.000Z,17,326,98,43,165,67.951,1407
2023-06-15T00:00:00.000Z,10,267,49,21,101,48.127,1437
2023-06-16T00:00:00.000Z,9,96,26,15,45,17.194,1408
2023-06-17T00:00:00.000Z,8,211,49,31.5,68,25.178,1436
2023-06-18T00:00:00.000Z,8,141,50,19,62,21.82,1434
2023-06-19T00:00:00.000Z,3,79,24,10,35,15.945,1435
2023-06-20T00:00:00.000Z,4,100,27,11,38,20.491,1433
2023-06-21T00:00:00.000Z,13,719,27,22,35,29.427,1438
2023-06-22T00:00:00.000Z,4,139,18,9,72,38.548,1423
2023-06-23T00:00:00.000Z,4,643,19,15,42,38.072,1418
2023-06-24T00:00:00.000Z,2,100,26,17,44,18.333,1431
2023-06-25T00:00:00.000Z,3,106,22,13,37,19.721,1433
2023-06-26T00:00:00.000Z,3,123,25,11,44,20.216,1431
2023-06-27T00:00:00.000Z,2,141,20,5,31,16.465,1431
2023-06-28T00:00:00.000Z,5,151,19,12,44,31.493,1433
2023-06-29T00:00:00.000Z,5,472,109.5,9,138,64.784,638
2023-06-30T00:00:00.000Z,3,141,24,14,64,40.491,963
2023-07-03T00:00:00.000Z,2,102,22,11,43,21.77,1156
2023-07-04T00:00:00.000Z,1,164,40,7,63,29.589,1431
2023-07-05T00:00:00.000Z,1,111,23,4,44,24.747,1298
2023-07-06T00:00:00.000Z,1,198,24,7,45,30.853,1431
2023-07-07T00:00:00.000Z,2,314,27,12,38,25.1,1434
2023-07-08T00:00:00.000Z,1,144,30,6,51,26.026,1435
2023-07-09T00:00:00.000Z,3,103,15,7,56.5,26.48,384
2023-07-10T00:00:00.000Z,4,177,30,12,46,22.287,1432
2023-07-11T00:00:00.000Z,1,151,13,6,24,14.906,1258
2023-07-14T00:00:00.000Z,5,135,23,14,49,30.073,1244
2023-07-15T00:00:00.000Z,10,133,41,28,62.5,29.076,1428
2023-07-16T00:00:00.000Z,19,144,68,31,100,34.585,1433
2023-07-17T00:00:00.000Z,33,210,81,57,121,39.112,1426
2023-07-18T00:00:00.000Z,5,201,77,27,152,60.665,1432
2023-07-19T00:00:00.000Z,7,120,24,19,34,17.747,1430
2023-07-20T00:00:00.000Z,12,170,39,28,67,28.1,1434
2023-07-21T00:00:00.000Z,1,155,25,18,35,16.427,1436
2023-07-22T00:00:00.000Z,1,170,5,3,13,16.643,1435
2023-07-23T00:00:00.000Z,3,157,49,10,90,43.845,1432
2023-07-24T00:00:00.000Z,2,101,26,8,41,23.941,1432
2023-07-25T00:00:00.000Z,1,106,20,4,56,27.141,1433
2023-07-26T00:00:00.000Z,4,109,27,19,40,19.998,1435
2023-07-27T00:00:00.000Z,13,253,32,23,40,24.466,1433
2023-07-28T00:00:00.000Z,6,230,56,20,72,29.972,1437
2023-07-29T00:00:00.000Z,14,201,45.5,19,74,30.721,1432
2023-07-30T00:00:00.000Z,17,100,44,37,53,15.892,1432
2023-07-31T00:00:00.000Z,11,165,27,18,34,23.122,1436
2023-08-01T00:00:00.000Z,4,163,23,8,28,10.957,1422
2023-08-02T00:00:00.000Z,8,86,13,9,18,7.636,1417
2023-08-03T00:00:00.000Z,9,67,24,19,30,7.385,1414
2023-08-04T00:00:00.000Z,12,126,25,21,34,12.758,1437
2023-08-05T00:00:00.000Z,4,214,23,15,28,14.621,1428
2023-08-06T00:00:00.000Z,3,123,11,6,17,11.347,1427
2023-08-07T00:00:00.000Z,8,56,20,16,28,7.914,1432
2023-08-08T00:00:00.000Z,24,317,41,36,55,17.656,1428
2023-08-09T00:00:00.000Z,20,219,60,51,66,23.485,1433
2023-08-10T00:00:00.000Z,1,112,4,3,30,18.076,1423
2023-08-11T00:00:00.000Z,2,72,16,3,26,14.49,1435
2023-08-12T00:00:00.000Z,2,80,11,5,22,15.9,1433
2023-08-13T00:00:00.000Z,1,85,10,4,25,13.262,1425
2023-08-14T00:00:00.000Z,8,44,17,14,20,5.397,1424
2023-08-15T00:00:00.000Z,2,88,12,7,16,7.62,1430
2023-08-16T00:00:00.000Z,2,83,6,4,12,7.498,1434
2023-08-17T00:00:00.000Z,1,60,12,5,25,11.204,1395
2023-08-18T00:00:00.000Z,1,36,9,5,16,7.182,1429
2023-08-19T00:00:00.000Z,2,118,14,8,31,18.763,1435
2023-08-20T00:00:00.000Z,1,90,10,3,28,18.889,1421
2023-08-21T00:00:00.000Z,1,66,3,2,19,13.42,1397
2023-08-22T00:00:00.000Z,0,100,2,1,4,8.796,1434
2023-08-23T00:00:00.000Z,0,98,3,1,7,9.751,1425
2023-08-24T00:00:00.000Z,0,91,12,2,17,9.077,1426
2023-08-25T00:00:00.000Z,1,131,5,3,12,9.868,1417
2023-08-26T00:00:00.000Z,3,215,14,5,32,26.092,1420
2023-08-27T00:00:00.000Z,2,94,14,6,27,16.647,1424
2023-08-28T00:00:00.000Z,2,97,14,7,19,9.481,1429
2023-08-29T00:00:00.000Z,2,414,16,4,28,24.25,1419
2023-08-30T00:00:00.000Z,1,25,5,3,7,3.178,1428
2023-08-31T00:00:00.000Z,2,30,7,5,11,4.52,1410
2023-09-01T00:00:00.000Z,5,90,10,9,11,6.671,1367
2023-09-02T00:00:00.000Z,3,82,17,8,20,10.332,1283
2023-09-03T00:00:00.000Z,2,132,16,3,51,29.391,1417
2023-09-04T00:00:00.000Z,2,105,17,7,21,10.67,1418
2023-09-05T00:00:00.000Z,12,120,20,17,25.5,7.905,732
2023-09-06T00:00:00.000Z,1,64,22,14,26,9.226,695
2023-09-07T00:00:00.000Z,1,128,6,3,19.5,33.706,724
2023-09-08T00:00:00.000Z,3,69,5,4,7,3.93,738
2023-09-09T00:00:00.000Z,1,53,13,8,26,13.208,743
2023-09-10T00:00:00.000Z,4,94,19,11,25,10.497,707
2023-09-18T00:00:00.000Z,4,39,9,7,11,4.269,297
2023-09-19T00:00:00.000Z,6,64,12,10,14,4.153,737
2023-09-20T00:00:00.000Z,2,31,6,4,13,6.543,665
2023-09-21T00:00:00.000Z,1,24,5,3,7,3.584,715
2023-09-22T00:00:00.000Z,2,27,10,4,12,5.614,721
2023-09-23T00:00:00.000Z,3,20,8,7,11,3.226,720
2023-09-24T00:00:00.000Z,3,12,5,4,8,2.171,731
2023-09-25T00:00:00.000Z,0,14,5,2,8,3.102,704
2023-09-26T00:00:00.000Z,0,18,2,1,4,2.887,696
2023-09-27T00:00:00.000Z,3,149,5,4,7,6.198,690
2023-09-28T00:00:00.000Z,3,36,4,3,7,3.185,898
2023-09-29T00:00:00.000Z,3,26,7,6,9,3.046,1435
2023-09-30T00:00:00.000Z,7,58,15,11,18,5.017,1434
2023-10-01T00:00:00.000Z,4,24,13,8,16,4.595,1423
2023-10-02T00:00:00.000Z,1,27,10,5,15,5.839,1424
2023-10-03T00:00:00.000Z,1,8,2,2,3,1.196,1428
2023-10-04T00:00:00.000Z,2,22,4,3,5,2.594,1429
2023-10-05T00:00:00.000Z,2,25,6,4,7,2.899,1424
2023-10-06T00:00:00.000Z,1,10,3,2,5,2.017,1424
2023-10-07T00:00:00.000Z,1,47,4,3,7,3.273,1416
2023-10-08T00:00:00.000Z,3,24,6,5,8,3.131,1423
2023-10-09T00:00:00.000Z,4,21,7,5,10,2.968,916
2023-10-10T00:00:00.000Z,2,19,5,4,8,3.033,1417
2023-10-11T00:00:00.000Z,2,13,4,3,6,1.973,1422
2023-10-12T00:00:00.000Z,3,18,6,4,7,2.848,1423
2023-10-13T00:00:00.000Z,3,65,6,5,7,4.172,1413
2023-10-14T00:00:00.000Z,2,45,8,5,10,2.97,1415
2023-10-15T00:00:00.000Z,3,73,7,4,9,4.606,1419
2023-10-16T00:00:00.000Z,2,58,4,3,6,5.741,1430
2023-10-17T00:00:00.000Z,2,24,5,4,6,1.832,1412
2023-10-18T00:00:00.000Z,2,10,5,4,6,1.572,1419
2023-10-19T00:00:00.000Z,4,31,6,5,8,3.37,1413
2023-10-20T00:00:00.000Z,9,29,15,13,21,4.688,1417
2023-10-21T00:00:00.000Z,5,647,10,8,13,20.298,1427
2023-10-22T00:00:00.000Z,7,29,12,10,14,3.058,1429
2023-10-23T00:00:00.000Z,3,27,5,4,11,3.521,1424
2023-10-24T00:00:00.000Z,4,13,7,6,8,1.892,1224
2023-10-25T00:00:00.000Z,5,18,10,8,15,3.482,1427
2023-10-26T00:00:00.000Z,4,26,10,8,11,2.849,1422
2023-10-27T00:00:00.000Z,2,19,7,3,8,3.222,1425
2023-10-28T00:00:00.000Z,1,88,11,3,21,9.947,1432
2023-10-29T00:00:00.000Z,1,113,3,2,5,5.171,1426
2023-10-30T00:00:00.000Z,2,26,3,3,5,2.637,1426
2023-10-31T00:00:00.000Z,2,10,3,3,4,1.374,1367
2023-11-01T00:00:00.000Z,1,10,3,2,4,1.251,731
2023-11-02T00:00:00.000Z,1,20,2,1,4,2.775,922
2023-11-03T00:00:00.000Z,1,32,3,2,4,2.965,1407
2023-11-04T00:00:00.000Z,4,21,7,5,9,2.843,1232
2023-11-05T00:00:00.000Z,2,16,6,4,8,3.162,703
2023-11-06T00:00:00.000Z,2,10,5,3,6,1.882,708
2023-11-07T00:00:00.000Z,1,6,3,2,4,1.408,1023
2023-11-08T00:00:00.000Z,2,15,5,3,6,1.991,1410
2023-11-09T00:00:00.000Z,3,17,7,5,7,1.554,1353
2023-11-10T00:00:00.000Z,1,32,7,4,8,2.468,1415
2023-11-11T00:00:00.000Z,1,35,5,3,11,5.314,1422
2023-11-12T00:00:00.000Z,1,9,3,3,4,1.04,883
2023-11-13T00:00:00.000Z,2,55,4,3,5,2.465,1410
2023-11-14T00:00:00.000Z,2,19,4,4,5,1.515,1413
2023-11-15T00:00:00.000Z,5,9,7,7,8,0.915,414