# Sensor S14_CHC, Rancagua, Chile (Purple Air/47263)
# https://aqicn.org/station/@349156/
# Daily pm25
date,min,max,median,q1,q3,stdev,count
2022-07-22T00:00:00.000Z,7.6,49.5,20.3,15.3,28.4,9.438,243
2022-07-23T00:00:00.000Z,23.1,45.9,30.3,27.2,32.7,4.702,623
2022-07-24T00:00:00.000Z,26.8,69.6,45.9,41.95,49.8,9.441,621
2022-07-25T00:00:00.000Z,33.5,53.8,41.7,38.85,45.4,4.367,577
2022-07-26T00:00:00.000Z,20.4,58.2,44.1,35.6,51,10.383,610
2022-07-27T00:00:00.000Z,16.7,44.3,19.6,18,28.65,9.32,637
2022-07-28T00:00:00.000Z,12.4,47.5,30.15,22.5,34.2,8.219,634
2022-07-29T00:00:00.000Z,22.6,68.2,46.3,36.6,50,9.708,622
2022-07-30T00:00:00.000Z,38.2,49.3,45.5,44.1,47.2,2.539,627
2022-07-31T00:00:00.000Z,34.5,51.3,40.29,39.5,43.3,3.61,632
2022-08-01T00:00:00.000Z,35.5,58,46.9,40.6,51.2,6.052,570
2022-08-02T00:00:00.000Z,38.3,79.1,45.8,41.4,46.9,7.578,596
2022-08-03T00:00:00.000Z,35.6,44.3,40.3,39,41.2,1.793,609
2022-08-04T00:00:00.000Z,24.1,45.4,39.2,36,40.6,5.121,631
2022-08-05T00:00:00.000Z,17.8,40.4,32.5,22.6,34.1,6.472,625
2022-08-06T00:00:00.000Z,18.3,34.4,26.5,22.05,30.05,4.444,636
2022-08-07T00:00:00.000Z,0.9,23,2.5,2,5.8,4.884,595
2022-08-08T00:00:00.000Z,6,18.9,10.2,8.4,12.3,2.492,620
2022-08-09T00:00:00.000Z,15.2,36.2,27.2,23.7,28.6,4.717,631
2022-08-10T00:00:00.000Z,23.9,42.4,32.1,29.8,34.7,4.064,635
2022-08-11T00:00:00.000Z,22.5,56.5,40.8,36.3,45.4,7.578,643
2022-08-12T00:00:00.000Z,16.7,41.8,27.8,25.2,31.1,4.974,642
2022-08-13T00:00:00.000Z,20.6,50.4,32.6,30.2,37.8,6.499,625
2022-08-14T00:00:00.000Z,8.7,34.8,29.6,18.2,31.6,7.728,623
2022-08-15T00:00:00.000Z,2.3,12.3,5.5,3.8,7.1,2.422,615
2022-08-16T00:00:00.000Z,10,35.4,19.55,15.5,25.4,6.777,620
2022-08-17T00:00:00.000Z,8.1,29,15,12.5,20,5.71,603
2022-08-18T00:00:00.000Z,4.6,23,14.5,9.69,15.4,3.384,646
2022-08-19T00:00:00.000Z,16,29.3,23.9,21,27,3.127,630
2022-08-20T00:00:00.000Z,15.6,37.3,31.8,23.75,35,6.636,633
2022-08-21T00:00:00.000Z,20.5,46.5,38.6,33.29,43.5,6.012,615
2022-08-22T00:00:00.000Z,30.2,45.1,35.5,33.79,38.2,3.313,617
2022-08-23T00:00:00.000Z,34,49.9,41.6,39.85,46.5,4.019,628
2022-08-24T00:00:00.000Z,25.4,64.2,40.35,38.4,47.25,8.512,640
2022-08-25T00:00:00.000Z,26.4,50.8,35.6,35,36.6,3.612,628
2022-08-26T00:00:00.000Z,32.8,41.8,36.9,35.2,37.9,1.82,637
2022-08-27T00:00:00.000Z,25.1,48.8,38.54,34.85,42.6,6.001,636
2022-08-28T00:00:00.000Z,13.1,43.7,34.4,29.55,40.2,9.083,632
2022-08-29T00:00:00.000Z,14.4,36.6,21.1,17.3,26.8,5.493,633
2022-08-30T00:00:00.000Z,31.2,46.6,35.29,33.6,37.7,3.923,636
2022-08-31T00:00:00.000Z,28.9,46.7,34.2,33.1,36.2,3.87,612
2022-09-01T00:00:00.000Z,27.5,46.8,33.2,32.2,36,5.118,640
2022-09-02T00:00:00.000Z,22.8,45.8,34.2,32.8,37.1,5.356,606
2022-09-03T00:00:00.000Z,18.6,33.4,24.7,23.3,26.4,2.821,641
2022-09-04T00:00:00.000Z,26.9,38.8,29.85,29.2,32,2.553,634
2022-09-05T00:00:00.000Z,22.9,41.8,29.1,25.8,33.2,4.906,610
2022-09-06T00:00:00.000Z,19.8,51.2,36.1,31.1,38.8,7.17,627
2022-09-07T00:00:00.000Z,6.2,35.9,18.14,10.3,27.7,9.274,614
2022-09-08T00:00:00.000Z,1.2,16.1,3.1,2.3,6.7,3.674,558
2022-09-09T00:00:00.000Z,7.2,46.5,14,10.3,17,7.337,639
2022-09-10T00:00:00.000Z,16.1,29.8,23.2,21.1,24.4,2.58,614
2022-09-11T00:00:00.000Z,13.2,24,16.6,15.4,18.3,2.237,625
2022-09-12T00:00:00.000Z,14.2,31,23.1,17.5,26.4,4.957,540
2022-09-13T00:00:00.000Z,14.9,29.1,21.3,19.7,23.8,2.665,615
2022-09-14T00:00:00.000Z,16.7,42.2,29.6,27.05,35.25,6.162,617
2022-09-15T00:00:00.000Z,15.4,32.1,22.3,19.85,25.65,4.099,593
2022-09-16T00:00:00.000Z,26.6,36.8,31.2,29.2,33.7,2.624,632
2022-09-17T00:00:00.000Z,12.8,36.4,28.7,22.3,32.79,6.299,602
2022-09-18T00:00:00.000Z,2,15.2,4.6,3.1,11.5,4.255,603
2022-09-19T00:00:00.000Z,8.6,19.1,13.5,11.9,15.2,2.412,609
2022-09-20T00:00:00.000Z,9.1,19.9,16.5,15.2,17.5,2.094,608
2022-09-21T00:00:00.000Z,4,26.3,6.1,4.9,10.5,4.48,604
2022-09-22T00:00:00.000Z,5.8,22.1,10.9,7.8,12,3.09,597
2022-09-23T00:00:00.000Z,9.9,25.5,14.9,13.8,16.6,3.521,625
2022-09-24T00:00:00.000Z,15.1,29.1,23.4,21.7,26.25,3.485,621
2022-09-25T00:00:00.000Z,8.3,21.9,16.6,10.8,19.2,4.297,639
2022-09-26T00:00:00.000Z,10.5,26.5,14.4,13,17,3.884,626
2022-09-27T00:00:00.000Z,11.6,19.6,15.3,13.4,16.7,1.923,616
2022-09-28T00:00:00.000Z,12.7,34.6,17.6,16.3,19.2,4.534,617
2022-09-29T00:00:00.000Z,13.6,31.6,25,16,28.8,6.276,615
2022-09-30T00:00:00.000Z,24.5,50.1,30.9,29.7,38.1,5.803,643
2022-10-01T00:00:00.000Z,18.3,32,28.4,26,29.7,3.356,627
2022-10-02T00:00:00.000Z,18.1,33.3,28.9,25.9,30.4,4.002,631
2022-10-03T00:00:00.000Z,10.3,23.3,20.1,17.5,20.9,3.355,507
2022-10-04T00:00:00.000Z,10.3,29.5,20.4,13.25,25.65,6.24,228
2022-10-05T00:00:00.000Z,10.3,38.7,17.2,15.4,29.5,8.95,437
2022-10-21T00:00:00.000Z,8,13.8,11.3,10.6,11.8,1.099,255
2022-10-22T00:00:00.000Z,5.6,9.9,8,7.1,8.6,0.962,563
2022-10-23T00:00:00.000Z,4.5,9,6.1,5.6,6.9,0.93,572
2022-10-24T00:00:00.000Z,4.1,7.5,6.2,5,6.7,0.905,582
2022-10-25T00:00:00.000Z,3.1,10.9,5.2,4.3,6.6,1.436,599
2022-10-26T00:00:00.000Z,1.5,8.9,4.8,2.4,5.7,1.682,613
2022-10-27T00:00:00.000Z,4.1,10.2,5.3,4.9,6.2,1.152,596
2022-10-28T00:00:00.000Z,2,8,5,3.3,5.8,1.436,612
2022-10-29T00:00:00.000Z,0.5,8.3,5.8,4.4,6.4,1.851,583
2022-10-30T00:00:00.000Z,0,1.6,0.9,0.6,1,0.323,565
2022-10-31T00:00:00.000Z,0.3,4.9,2.6,2,3.4,0.929,598
2022-11-01T00:00:00.000Z,4.6,14.6,8,6.4,11.1,2.752,616
2022-11-02T00:00:00.000Z,4.4,17.1,7.8,5.5,11,3.436,628
2022-11-03T00:00:00.000Z,6,16.5,10.1,8.4,11.5,2.352,585
2022-11-04T00:00:00.000Z,9.1,28.3,15.3,12.1,21.6,5.267,625
2022-11-05T00:00:00.000Z,5.4,19.5,11.4,7.3,17.5,4.794,615
2022-11-06T00:00:00.000Z,10.1,18.4,13.4,12,15.1,2.242,643
2022-11-07T00:00:00.000Z,10.3,18.4,14.3,12.2,16.6,2.264,641
2022-11-08T00:00:00.000Z,12.3,23.5,16.2,14.8,21.2,3.38,630
2022-11-09T00:00:00.000Z,4.5,28.3,8.9,6.35,10.35,3.067,633
2022-11-10T00:00:00.000Z,4.2,42.7,8.8,5.2,12.1,7.092,628
2022-11-11T00:00:00.000Z,2.1,12.7,5.7,3.4,9,3.244,595
2022-11-12T00:00:00.000Z,1.2,5.8,3,2.6,3.8,0.908,602
2022-11-13T00:00:00.000Z,0.8,6.9,3.3,2.7,4,1.218,600
2022-11-14T00:00:00.000Z,0.8,5.7,2.7,1.8,3.2,0.946,571
2022-11-15T00:00:00.000Z,2.3,9.7,3.9,3.6,4.3,1.307,607
2022-11-16T00:00:00.000Z,3,14.5,5.5,4.7,7.9,2.657,585
2022-11-17T00:00:00.000Z,5.2,11.3,6.7,6.1,8,1.271,610
2022-11-18T00:00:00.000Z,3,10.8,5.5,4.4,7.1,1.901,627
2022-11-19T00:00:00.000Z,2.9,7.5,4.6,4.1,5.7,0.96,609
2022-11-20T00:00:00.000Z,0.6,6.6,2.5,1.9,3.5,1.203,613
2022-11-21T00:00:00.000Z,0.8,8.5,2.4,1.9,3.4,1.511,597
2022-11-22T00:00:00.000Z,1.6,11.5,4.9,4.4,5.5,1.267,606
2022-11-23T00:00:00.000Z,0.5,8.7,6.1,5.2,7,2.175,625
2022-11-24T00:00:00.000Z,1.1,7.1,4.8,2.54,5.6,1.669,601
2022-11-25T00:00:00.000Z,4.1,14.8,7.7,5.2,10.1,2.717,619
2022-11-26T00:00:00.000Z,4,13.4,7.6,5.09,11.1,2.975,606
2022-11-27T00:00:00.000Z,6.3,16.4,10.7,8.6,12.2,2.355,626
2022-11-28T00:00:00.000Z,5.1,23.7,11.5,6.2,15.2,4.802,633
2022-11-29T00:00:00.000Z,3.5,26.8,9.44,6,18.8,6.812,638
2022-11-30T00:00:00.000Z,4.6,23.2,9.1,6.4,16.55,5.18,621
2022-12-01T00:00:00.000Z,3.5,14.6,7.3,5.7,8.6,2.265,572
2022-12-02T00:00:00.000Z,3.8,13.1,5.6,5,6,1.059,599
2022-12-03T00:00:00.000Z,3.2,32.2,5.85,4.9,7.8,3.881,610
2022-12-04T00:00:00.000Z,2.2,13.3,4.4,3.5,4.9,1.956,611
2022-12-05T00:00:00.000Z,2.8,15.1,6.7,4.4,7.7,2.773,618
2022-12-06T00:00:00.000Z,1,16.7,4,2.6,9.5,4.072,615
2022-12-07T00:00:00.000Z,1.6,22.5,7.55,5.8,12.4,5.071,634
2022-12-08T00:00:00.000Z,1.5,32.1,15.2,8.8,22.55,8.14,637
2022-12-09T00:00:00.000Z,1,19.8,3.5,2.2,6.55,4.546,604
2022-12-10T00:00:00.000Z,0.9,25.5,4.3,3.5,5.7,5.43,614
2022-12-11T00:00:00.000Z,1.4,15.1,3.9,3,4.8,1.646,603
2022-12-12T00:00:00.000Z,2,18,4.59,3.5,6.2,3.544,586
2022-12-13T00:00:00.000Z,2,10.8,5.6,4.4,6.45,1.909,640
2022-12-14T00:00:00.000Z,2.4,15.7,5.7,5.1,7.6,1.542,612
2022-12-15T00:00:00.000Z,1.9,11.6,5,3.7,5.9,1.681,620
2022-12-16T00:00:00.000Z,2.6,43.2,7.8,6.4,30.35,13.113,624
2022-12-17T00:00:00.000Z,8.2,33.7,26.55,20.2,29.25,6.1,652
2022-12-18T00:00:00.000Z,5.4,17.2,9.4,8.7,11.8,2.284,632
2022-12-19T00:00:00.000Z,2,12.6,6.7,5.8,8.3,2.227,595
2022-12-20T00:00:00.000Z,0.4,10.8,4.3,2.5,6.2,2.18,608
2022-12-21T00:00:00.000Z,1.1,9.7,4.1,2.7,5.5,1.623,575
2022-12-22T00:00:00.000Z,0.8,9.2,2.4,1.8,3,1.118,613
2022-12-23T00:00:00.000Z,2.6,23.9,6.4,4,8.3,3.429,587
2022-12-24T00:00:00.000Z,1.6,12.7,3.7,3,4.3,1.58,606
2022-12-25T00:00:00.000Z,4.5,32.5,22.1,17.3,25,6.404,654
2022-12-26T00:00:00.000Z,5.8,19.3,10.5,7.1,12.5,3.056,608
2022-12-27T00:00:00.000Z,6.8,17.7,10.7,8.7,14,2.806,630
2022-12-28T00:00:00.000Z,6.2,13.2,9.69,8.8,10.3,1.243,624
2022-12-29T00:00:00.000Z,5.7,47.8,8.8,7.2,10.6,6.712,611
2022-12-30T00:00:00.000Z,16,48.7,26.4,23.5,28.6,5.92,637
2022-12-31T00:00:00.000Z,8,28,14.85,9.7,20.5,5.483,618
2023-01-01T00:00:00.000Z,7.8,35.6,19.8,17.9,25.45,6.593,629
2023-01-02T00:00:00.000Z,7.6,16.4,11.6,9.9,12.6,1.67,623
2023-01-03T00:00:00.000Z,2.3,14.3,8.7,7.8,9.5,2.156,627
2023-01-04T00:00:00.000Z,1.4,14.9,6.2,5.3,8.5,2.826,605
2023-01-05T00:00:00.000Z,4.3,31.7,15,9.6,21.8,7.502,620
2023-01-06T00:00:00.000Z,6.5,21.2,11.3,9.6,13.3,2.759,609
2023-01-07T00:00:00.000Z,6.9,23.4,14.3,10,18.2,4.504,631
2023-01-08T00:00:00.000Z,5.4,14.2,8.5,7.7,9.8,1.738,617
2023-01-09T00:00:00.000Z,5.9,17.4,9.5,7.1,12.2,2.738,630
2023-01-10T00:00:00.000Z,3.5,12,6,4.8,9.6,2.474,598
2023-01-11T00:00:00.000Z,5.3,41.5,10.2,8,11.8,6.046,618
2023-01-12T00:00:00.000Z,3.1,9.4,4.9,4.2,6.1,1.342,580
2023-01-13T00:00:00.000Z,2.9,21,7.1,4.8,9.9,3.776,594
2023-01-14T00:00:00.000Z,1.7,24,5.7,4.7,6.9,2.209,583
2023-01-15T00:00:00.000Z,4.2,18.6,9.2,8.2,10.1,1.965,611
2023-01-16T00:00:00.000Z,10.1,32,25.1,17.2,28.1,6.384,631
2023-01-17T00:00:00.000Z,8.6,22.1,10.4,9.6,14.4,2.935,422
2023-01-18T00:00:00.000Z,8.2,26.9,13.3,11,16.9,3.474,229
2023-01-19T00:00:00.000Z,12.4,34.9,22,16.1,27.2,5.828,656
2023-01-20T00:00:00.000Z,15.3,38.1,22.4,19.7,28.4,5.51,674
2023-01-21T00:00:00.000Z,10.6,45.7,16.6,14.6,20.9,4.256,655
2023-01-22T00:00:00.000Z,6.9,101,17.8,14.4,21.6,11.589,676
2023-01-23T00:00:00.000Z,6.3,32,11.75,9.5,17.25,6.001,324
2023-01-30T00:00:00.000Z,5.8,10,8.1,7.4,8.6,0.884,211
2023-01-31T00:00:00.000Z,5.8,31.6,8.7,7.6,10.6,3.316,605
2023-02-01T00:00:00.000Z,6.3,19.1,10.6,8.5,13.5,2.879,616
2023-02-02T00:00:00.000Z,6.2,29,11.5,9.3,13.4,3.345,621
2023-02-03T00:00:00.000Z,8.6,40.4,15,11.4,19.7,6.968,295
2023-02-05T00:00:00.000Z,39.2,59.5,45.5,42.9,49.7,4.466,177
2023-02-06T00:00:00.000Z,35.3,42.5,40.3,36.7,40.8,2.196,62
2023-02-14T00:00:00.000Z,4.5,28.1,8.2,6.4,18,7.539,195
2023-02-15T00:00:00.000Z,1.6,37.2,18.8,6,22.45,8.406,628
2023-02-16T00:00:00.000Z,2.4,29.8,4.1,3.4,5.2,4.285,628
2023-02-17T00:00:00.000Z,3.2,81.3,6.5,5.45,9.69,5.188,616
2023-02-18T00:00:00.000Z,2.5,134.5,12.2,8.44,14.55,12.819,617
2023-02-19T00:00:00.000Z,2.1,37.8,6.2,5.6,7.1,2.952,609
2023-02-20T00:00:00.000Z,5.6,40.7,25.7,17,33,10.508,550
2023-02-21T00:00:00.000Z,26.2,158.2,50.1,37.4,54.7,11.544,618
2023-02-22T00:00:00.000Z,5.6,56,36.8,31.8,38.9,10.76,638
2023-02-23T00:00:00.000Z,6.4,44.6,13.7,12.1,25.7,7.838,650
2023-02-24T00:00:00.000Z,7.5,40.2,17.4,12.8,25.2,7.172,649
2023-02-25T00:00:00.000Z,2,32.4,17,15.7,18.8,5.671,646
2023-02-26T00:00:00.000Z,0.6,14,3.4,2.2,5.1,1.899,656
2023-02-27T00:00:00.000Z,2.7,57.7,5.6,4.4,8.19,5.261,619
2023-02-28T00:00:00.000Z,2.7,42.9,7.4,6.2,8.4,2.901,643
2023-03-01T00:00:00.000Z,0.8,80.2,7.7,3.7,9.4,5.393,632
2023-03-02T00:00:00.000Z,2.7,23,4.8,3.9,5.8,2.274,568
2023-03-03T00:00:00.000Z,2,42.4,7.1,4.7,8,3.571,603
2023-03-04T00:00:00.000Z,1.4,109.7,6.5,5.6,8,6.635,635
2023-03-05T00:00:00.000Z,3.6,83.7,11,6.4,17.75,9.35,601
2023-03-06T00:00:00.000Z,0.6,54.9,7.85,4.4,11.5,5.274,634
2023-03-07T00:00:00.000Z,0.2,35.4,4.4,3.2,5.65,2.685,588
2023-03-08T00:00:00.000Z,0,47.6,1.9,1.3,2.9,3.097,609
2023-03-09T00:00:00.000Z,0,53.8,3.2,2,4.9,3.539,582
2023-03-10T00:00:00.000Z,0,20.5,1.7,1,2.7,2.165,589
2023-03-11T00:00:00.000Z,0.8,24.3,3.1,2.5,3.9,2.015,580
2023-03-12T00:00:00.000Z,2.3,30.9,4.3,3.7,5.6,2.391,600
2023-03-13T00:00:00.000Z,0.6,57.4,3.7,3,5.05,3.373,613
2023-03-14T00:00:00.000Z,0,32.4,3.1,2.3,4,2.849,539
2023-03-15T00:00:00.000Z,0,20.5,0.9,0.5,1.8,1.841,382
2023-08-28T00:00:00.000Z,6.4,71.7,17.7,13.2,26.8,13.219,203
2023-08-29T00:00:00.000Z,5.5,115.6,40.4,18.7,58.05,27.865,645
2023-08-30T00:00:00.000Z,4.5,49.8,17.2,11.45,29.75,11.291,652
2023-08-31T00:00:00.000Z,6.9,70.8,27,17.55,39.79,14.877,637
2023-09-01T00:00:00.000Z,16.8,74.9,39.1,34.7,42.4,5.957,627
2023-09-02T00:00:00.000Z,10.3,170.2,43.8,34.5,48.3,15.398,651
2023-09-03T00:00:00.000Z,22.2,105,40.4,33.1,44.2,9.749,632
2023-09-04T00:00:00.000Z,10.6,179.1,32.2,25.9,40.29,14.783,643
2023-09-05T00:00:00.000Z,27.5,131.8,46.2,38.5,55.7,20.796,654
2023-09-06T00:00:00.000Z,0.8,72.8,29.4,5.09,49.4,20.97,623
2023-09-07T00:00:00.000Z,14.3,73.4,36.1,24.9,43.4,12.609,620
2023-09-08T00:00:00.000Z,13.4,103.5,28.7,25,35.7,11.528,658
2023-09-09T00:00:00.000Z,11.8,144.1,42.05,32.75,48.75,17.014,664
2023-09-10T00:00:00.000Z,24.3,99,43.9,37.65,58.1,17.53,656
2023-09-18T00:00:00.000Z,8,148.2,27.35,18.5,42.1,24.233,636
2023-09-19T00:00:00.000Z,27.2,198.3,42.9,36.8,50.7,21.467,612
2023-09-20T00:00:00.000Z,30.4,225.1,88.95,38.5,120.1,47.516,586
2023-09-21T00:00:00.000Z,11.3,124.4,41.9,25.5,47.2,15.625,586
2023-09-22T00:00:00.000Z,8.7,68,32.7,22.5,39.6,11.863,639
2023-09-23T00:00:00.000Z,34,92.4,56.7,49.5,63.1,12.181,639
2023-09-24T00:00:00.000Z,11.3,47.2,25.85,19.4,32,8.67,668
2023-09-25T00:00:00.000Z,2.3,103.9,27.6,15.25,34.35,13.868,604
2023-09-26T00:00:00.000Z,0.8,37.8,6,3.3,8.69,4.991,622
2023-09-27T00:00:00.000Z,6.5,48.7,17.9,14.2,29.15,9.097,616
2023-09-28T00:00:00.000Z,13.2,107.9,30.5,22.8,33.79,12.565,594
2023-09-29T00:00:00.000Z,21.6,106,41,31.7,57.3,19.403,291
2023-10-12T00:00:00.000Z,7.6,29.6,11.5,10.3,14.65,4.776,285
2023-10-13T00:00:00.000Z,7.8,38.7,13,11.6,16.6,4.581,659
2023-10-14T00:00:00.000Z,7,89.2,16,12.4,23.8,11.175,639
2023-10-15T00:00:00.000Z,6.1,39.7,12.65,8.7,22.6,7.965,646
2023-10-16T00:00:00.000Z,4.6,73.6,9.8,8.1,11.4,5.693,610
2023-10-17T00:00:00.000Z,7.6,56.3,12.35,11,18.39,6.432,458
2023-10-18T00:00:00.000Z,5.9,58.7,12.2,9.7,15.4,5,575
2023-10-19T00:00:00.000Z,5.3,50.8,16.7,11.8,27.5,8.936,631
2023-10-20T00:00:00.000Z,13.1,43.8,27,22.3,31.85,7.163,365
2023-10-23T00:00:00.000Z,20.2,52.8,30.7,24.7,35.9,6.114,321
2023-10-24T00:00:00.000Z,10.5,61.3,22.6,19.7,26,6.06,616
2023-10-25T00:00:00.000Z,11.7,44.3,19.1,15.9,25.5,6.279,645
2023-10-26T00:00:00.000Z,9.9,41.4,17.8,14.9,21.9,6.835,632
2023-10-27T00:00:00.000Z,9.3,33.4,18.8,11.6,25.5,7.001,610
2023-10-28T00:00:00.000Z,5.1,83.2,25.2,11.8,35.6,12.576,633
2023-10-29T00:00:00.000Z,0.7,20,4.8,3.3,5.9,2.207,636
2023-10-30T00:00:00.000Z,4,68,13.45,9,19.39,7.284,614
2023-10-31T00:00:00.000Z,6.8,53.5,24.7,14.8,28.9,8.506,622
2023-11-01T00:00:00.000Z,3.5,51,10.8,7,14.6,8.221,647
2023-11-02T00:00:00.000Z,0.5,45.5,13.4,8.94,17.6,8.269,665
2023-11-03T00:00:00.000Z,1.9,42.2,6.4,4.3,9.35,4.331,637
2023-11-04T00:00:00.000Z,8.8,35.9,16.5,14,22,6.006,631
2023-11-05T00:00:00.000Z,8.7,41.4,16.55,12.1,22.5,7.084,616
2023-11-06T00:00:00.000Z,14.4,81.2,30.1,26.1,36.85,8.494,468