# Sensor S3_JMB, Rancagua, Chile (Purple Air/158149)
# https://aqicn.org/station/@368275/
# Daily pm25
date,min,max,median,q1,q3,stdev,count
2023-01-12T00:00:00.000Z,2.9,5.7,4.1,3.7,4.7,0.596,199
2023-01-13T00:00:00.000Z,2.8,20.2,6.7,4.6,9.5,3.783,599
2023-01-14T00:00:00.000Z,1.5,25,5.4,4.4,6.6,2.23,617
2023-01-15T00:00:00.000Z,3.7,18.6,8.9,7.9,9.8,1.921,637
2023-01-16T00:00:00.000Z,14.7,32.1,26.8,25,30.15,3.304,365
2023-01-18T00:00:00.000Z,4.4,17.5,8,6.5,11.55,2.797,249
2023-01-19T00:00:00.000Z,6.9,31.2,14.75,10.3,22.1,6.465,678
2023-01-20T00:00:00.000Z,8.5,36.4,14.6,11.5,20.9,6.926,651
2023-01-21T00:00:00.000Z,5.6,41.6,10.19,8.6,17.3,5.514,651
2023-01-22T00:00:00.000Z,3.4,97.2,12.2,9,19,12.321,670
2023-01-23T00:00:00.000Z,3.8,32.9,10,7.3,15,6.575,329
2023-01-24T00:00:00.000Z,9.8,14.3,11.15,10.5,12.1,1.176,38
2023-01-25T00:00:00.000Z,3.4,43.9,8.1,6.2,11,5.06,666
2023-01-26T00:00:00.000Z,4.2,38.4,8,6.6,10.3,4.042,652
2023-01-27T00:00:00.000Z,5.1,9.2,7.6,6.2,8.35,1.222,24
2023-01-28T00:00:00.000Z,4.2,16.2,6.3,5.4,7.65,2.6,149
2023-01-29T00:00:00.000Z,4.1,24,14.05,5.45,16.6,5.731,76
2023-07-25T00:00:00.000Z,10.1,62.3,38.1,24.25,43.8,12.965,261
2023-07-26T00:00:00.000Z,19,87.6,38.1,31.9,41.1,9.454,638
2023-07-27T00:00:00.000Z,11.3,158.9,48.2,32.5,66.8,29.404,635
2023-07-28T00:00:00.000Z,13.4,154.5,55.6,37.1,87.4,30.544,641
2023-07-29T00:00:00.000Z,13.9,273.8,84.5,43.4,145.19,55.551,653
2023-07-30T00:00:00.000Z,26.8,258,81.5,56.25,108.45,32.887,656
2023-07-31T00:00:00.000Z,24.6,238.1,67.6,46.5,124.4,54.973,656
2023-08-01T00:00:00.000Z,9.6,134.6,49.3,37.8,55.7,17.931,586
2023-08-02T00:00:00.000Z,5.4,76.8,44.7,34.3,48.9,15.083,640
2023-08-03T00:00:00.000Z,10.5,101.3,56.2,36.3,67.09,21.198,638
2023-08-04T00:00:00.000Z,9.3,128.8,60.9,45.3,76.2,21.632,643
2023-08-05T00:00:00.000Z,47.4,177.4,65.9,57.1,95.7,32.801,670
2023-08-06T00:00:00.000Z,16.3,150.1,73.9,30.9,81.95,26.537,669
2023-08-07T00:00:00.000Z,34.4,110.7,57.45,45.4,63.7,11.77,598
2023-08-08T00:00:00.000Z,20.2,132.9,68.65,44.9,90.25,25.034,636
2023-08-09T00:00:00.000Z,59.6,126.4,89.55,81.9,94.9,10.758,656
2023-08-10T00:00:00.000Z,0.4,125,16.2,3.8,47.4,26.641,619
2023-08-11T00:00:00.000Z,3.9,100.2,26.7,17.39,37.4,16.705,656
2023-08-12T00:00:00.000Z,4.5,76.9,34.7,21.55,41.85,14.334,676
2023-08-13T00:00:00.000Z,4.2,152.9,44.5,23.6,64.09,22.942,671
2023-08-14T00:00:00.000Z,8.8,122.9,44.3,23.7,59.1,24.412,639
2023-08-15T00:00:00.000Z,24.8,87.7,42.1,37.3,45.7,6.189,636
2023-08-16T00:00:00.000Z,26.4,70.8,39.25,36.4,43.1,4.793,662
2023-08-17T00:00:00.000Z,1.2,116.3,35.79,15.2,47.3,21.673,603
2023-08-18T00:00:00.000Z,16.4,140.3,46.7,34.2,56.8,20.66,639
2023-08-19T00:00:00.000Z,0.7,91.8,12.95,6.4,56.7,28.024,608
2023-08-20T00:00:00.000Z,0.1,69.9,3.5,1.2,6.3,6.72,608
2023-08-21T00:00:00.000Z,0.5,48.2,3.5,1.7,7.55,9.821,565
2023-08-22T00:00:00.000Z,0,38.5,1.8,0.4,4.09,5.242,506
2023-08-23T00:00:00.000Z,0,44.5,9.1,4.15,16.7,9.089,612
2023-08-24T00:00:00.000Z,4.1,75.7,15.4,9.44,25.45,11.353,632
2023-08-25T00:00:00.000Z,3,105,16.7,13.2,29.2,17.156,607
2023-08-26T00:00:00.000Z,13.3,77.4,40.45,30,51.9,14.8,434
2023-08-28T00:00:00.000Z,5.9,47.9,24.3,17.14,29,9.359,197
2023-08-29T00:00:00.000Z,5.1,107.3,43.95,16.7,69,28.063,666
2023-08-30T00:00:00.000Z,4.1,89.1,16.6,9.5,27.9,11.187,622
2023-08-31T00:00:00.000Z,7.1,57.1,19.5,13.7,34.2,12.517,639
2023-09-01T00:00:00.000Z,18.3,115.4,39.85,37.1,42.7,8.339,614
2023-09-02T00:00:00.000Z,2.9,83.1,46.1,34.9,50.9,14.411,654
2023-09-03T00:00:00.000Z,19.3,330.8,39.4,29.6,43.6,15.586,598
2023-09-04T00:00:00.000Z,4.6,53.1,26.2,16.8,38.7,12.646,615
2023-09-05T00:00:00.000Z,26.5,91.4,50,39.75,59.45,13.109,632
2023-09-06T00:00:00.000Z,0.4,90.1,24.4,5.3,51.1,22.077,638
2023-09-07T00:00:00.000Z,8.1,74.8,32.5,19.2,42,14.789,646
2023-09-08T00:00:00.000Z,9.5,80.8,27.7,17.6,34.2,10.708,475
2023-09-09T00:00:00.000Z,7,163.1,37.9,28.2,44.8,19.797,666
2023-09-10T00:00:00.000Z,26.4,88.2,48.2,40.15,53.4,10.782,657
2023-09-18T00:00:00.000Z,7.1,99.4,19.39,14.7,34.35,15.053,637
2023-09-19T00:00:00.000Z,21.7,126.1,35.7,30.75,43.65,15.881,641
2023-09-20T00:00:00.000Z,17.2,172.2,69.09,36.5,93.2,29.881,635
2023-09-21T00:00:00.000Z,7.6,78.4,37.7,22.05,49.35,14.889,596
2023-09-22T00:00:00.000Z,6,81.2,21.95,11.8,32.6,11.564,658
2023-09-23T00:00:00.000Z,28,155.9,49.55,45.6,52.5,15.254,638
2023-09-24T00:00:00.000Z,8.4,116.8,22.65,14.7,29.1,9.533,630
2023-09-25T00:00:00.000Z,0.2,57.3,22.25,8.3,37.9,15.188,574
2023-09-26T00:00:00.000Z,0,45.3,4.7,2.6,6.9,3.614,581
2023-09-27T00:00:00.000Z,6.7,50.3,14.8,11.85,18.5,7.499,633
2023-09-28T00:00:00.000Z,10,299.3,24,18.39,31.5,17.851,623
2023-09-29T00:00:00.000Z,21.8,210.3,45.8,40.29,54.5,16.656,467
2023-10-02T00:00:00.000Z,12.6,40.4,18.25,15.6,21.6,4.826,316
2023-10-03T00:00:00.000Z,9.4,50.6,19.1,15.6,24.8,7.658,635
2023-10-04T00:00:00.000Z,7.7,46.2,17.89,12.5,24.4,8.994,643
2023-10-05T00:00:00.000Z,11.6,50.1,29.8,21.55,37.9,9.586,421
2023-10-10T00:00:00.000Z,9.9,40,15.3,12.95,21.05,6.393,305
2023-10-11T00:00:00.000Z,9.2,45.1,13.7,11.4,16.8,4.68,628
2023-10-12T00:00:00.000Z,7.4,53.7,14.8,10.9,23.3,7.867,644
2023-10-13T00:00:00.000Z,7.2,72.5,14.6,10,22.25,9.129,477
2023-10-16T00:00:00.000Z,5.7,31.2,9.3,8.19,10.8,2.72,333
2023-10-17T00:00:00.000Z,6.3,41.9,12.4,9.8,19.4,6.337,639
2023-10-18T00:00:00.000Z,6.2,38.3,11.75,10.1,15.2,3.994,622
2023-10-19T00:00:00.000Z,6.5,96.4,15.5,11.8,22.7,8.272,648
2023-10-20T00:00:00.000Z,11,43.3,24.75,19.14,30.3,6.988,456
2023-10-23T00:00:00.000Z,19.4,42.2,28.8,24.9,32.45,4.52,297
2023-10-24T00:00:00.000Z,10.5,49.7,22,16.6,26.1,6.107,639
2023-10-25T00:00:00.000Z,10.6,106.7,19.2,15.3,32,9.919,641
2023-10-26T00:00:00.000Z,12.4,45.6,20.2,17,25.6,6.036,519
2023-10-30T00:00:00.000Z,4.6,27.7,17.39,14.25,19.8,5.153,321
2023-10-31T00:00:00.000Z,5,51.6,20.8,10.3,27.6,9.132,516
2023-11-02T00:00:00.000Z,0.4,25,10.3,5.09,12.6,4.459,319
2023-11-03T00:00:00.000Z,1.8,67.2,8.3,3.3,26.9,12.583,612
2023-11-04T00:00:00.000Z,7.3,49,14.1,11.4,23.9,8.864,549
2023-11-05T00:00:00.000Z,7.6,35.9,16.05,11.5,22.2,5.912,616
2023-11-06T00:00:00.000Z,4.2,55.5,29.9,13.8,34.1,11.153,595
2023-11-07T00:00:00.000Z,1.5,11.9,4.6,3.4,7.6,2.506,590
2023-11-08T00:00:00.000Z,1.5,26.6,3.9,2.7,5,3.749,591
2023-11-09T00:00:00.000Z,3.5,41.5,7.2,5.9,9.5,4.162,566
2023-11-10T00:00:00.000Z,0.2,83.7,12.7,5.9,16.7,8.045,439
2023-11-13T00:00:00.000Z,4.6,22.6,8.85,6.4,10.9,2.777,324
2023-11-14T00:00:00.000Z,3.7,48.8,9.3,6.4,11.2,5.036,561
2023-11-15T00:00:00.000Z,2.8,20.8,5.5,3.8,7.3,2.874,323