# Sensor FAV Lonquimay, Chile (Purple Air/118587)
# https://aqicn.org/station/@343849/
# Daily pm25
date,min,max,median,q1,q3,stdev,count
2022-06-01T00:00:00.000Z,19.6,385.6,54.45,36.95,201.4,96.583,208
2022-06-02T00:00:00.000Z,27.6,341.3,93.6,58.6,165.1,78.885,670
2022-06-03T00:00:00.000Z,15.4,377,103.45,67.3,152.75,66.772,676
2022-06-04T00:00:00.000Z,0.1,297.2,92,57.2,134.9,58.434,651
2022-06-05T00:00:00.000Z,0.8,241.4,49.5,28.7,77.34,38.076,681
2022-06-06T00:00:00.000Z,1.5,249.5,32.3,22,45.1,36.371,656
2022-06-07T00:00:00.000Z,0,167.5,28,10.5,46.3,29.235,659
2022-06-08T00:00:00.000Z,0,276.7,48.5,25.25,88.05,49.638,653
2022-06-09T00:00:00.000Z,0,489.1,29.4,8.69,57.8,55.107,655
2022-06-10T00:00:00.000Z,0.6,382.1,48.1,33.4,153.35,78.552,677
2022-06-11T00:00:00.000Z,2.8,380.1,76.5,42.55,209.95,98.01,685
2022-06-12T00:00:00.000Z,7.4,400.4,84.9,39.2,248.9,111.27,671
2022-06-13T00:00:00.000Z,10.7,523.5,158.15,63.8,263.45,123.518,684
2022-06-14T00:00:00.000Z,2.1,409.5,78.55,39.1,151.94,80.988,672
2022-06-15T00:00:00.000Z,0,331.2,59.15,31.6,117.1,64.331,666
2022-06-16T00:00:00.000Z,0.2,266,39.5,20.35,82.6,41.317,601
2022-06-17T00:00:00.000Z,0,194.2,31.55,17.8,50.7,33.786,598
2022-06-18T00:00:00.000Z,0,217.8,45,26.8,85.5,42.451,667
2022-06-19T00:00:00.000Z,0,260.1,34.7,18.5,65.2,49.116,649
2022-06-20T00:00:00.000Z,0,239.8,37.7,20,70.9,47.274,670
2022-06-21T00:00:00.000Z,0,238,36.4,14.8,66.5,50.758,655
2022-06-22T00:00:00.000Z,7.1,277.2,59.3,37.3,99.6,49.527,661
2022-06-23T00:00:00.000Z,26.4,506.1,85.7,55.7,165.4,98.784,642
2022-06-24T00:00:00.000Z,2.7,460.7,77.9,40.9,216.15,106.563,665
2022-06-25T00:00:00.000Z,1.4,359.5,81.95,55.7,128.8,63.811,670
2022-06-26T00:00:00.000Z,11.1,369.4,81.7,47.4,140.75,75.449,612
2022-06-27T00:00:00.000Z,27.1,414,146.9,109.8,187.55,63.434,669
2022-06-28T00:00:00.000Z,1.2,266.8,33.5,23.85,45,37.429,633
2022-06-29T00:00:00.000Z,0.3,140.6,35.7,23.9,51.8,25.431,491
2022-06-30T00:00:00.000Z,0.1,467.6,65.25,39.4,109.1,57.746,634
2022-07-01T00:00:00.000Z,0,223.4,38.04,12.4,86.9,55.663,668
2022-07-02T00:00:00.000Z,0.6,272.5,38.4,29.7,72,48.164,647
2022-07-03T00:00:00.000Z,5.6,299.5,48.7,34.04,88.7,48.861,669
2022-07-04T00:00:00.000Z,0,194.2,29.9,15.3,40.15,26.022,633
2022-07-05T00:00:00.000Z,0,203.3,28.7,8.4,49.1,27.897,638
2022-07-06T00:00:00.000Z,0,193.9,24.6,11,40.7,23.801,664
2022-07-07T00:00:00.000Z,0,259.5,28.1,9.15,50.35,45.916,428
2022-07-08T00:00:00.000Z,4.1,337.7,39.3,28.4,110.7,65.286,631
2022-07-09T00:00:00.000Z,9.5,274.4,74.8,45.4,108.3,47.942,655
2022-07-10T00:00:00.000Z,1.8,378.6,52.1,33.1,101.7,54.515,634
2022-07-11T00:00:00.000Z,0,263.1,47.95,28.4,94.8,52.289,650
2022-07-12T00:00:00.000Z,0,285.8,34.29,19.5,58.3,49.873,631
2022-07-13T00:00:00.000Z,19.2,407.9,104.7,59.5,183.3,80.337,323
2022-07-14T00:00:00.000Z,2.4,335.2,60.5,35.4,131.15,70.099,665
2022-07-15T00:00:00.000Z,0.5,360.2,52.5,35,100.2,73.988,654
2022-07-16T00:00:00.000Z,2.1,293.1,48.5,35.45,89.35,49.595,649
2022-07-17T00:00:00.000Z,0,294.5,23.1,6,41.7,32.743,663
2022-07-18T00:00:00.000Z,0,248.3,38.4,23.4,77.7,52.826,659
2022-07-19T00:00:00.000Z,7.3,358.4,53.1,32.9,120.8,69.002,659
2022-07-20T00:00:00.000Z,9.8,354.8,57,37.95,150.44,77.375,573
2022-07-21T00:00:00.000Z,0.4,545.1,47,31.9,75.7,54.755,674
2022-07-22T00:00:00.000Z,0,355.3,47,32.79,102,68.139,676
2022-07-23T00:00:00.000Z,0,432.4,39.4,17,89.45,65.6,661
2022-07-24T00:00:00.000Z,0,244.6,54.2,32.7,86.7,46.211,651
2022-07-25T00:00:00.000Z,4.7,324.4,48.35,33.2,86.2,46.957,644
2022-07-26T00:00:00.000Z,0,327,56.65,32.1,105.5,55.041,658
2022-07-27T00:00:00.000Z,2,277.4,37.29,25.2,70.8,51.624,674
2022-07-28T00:00:00.000Z,0.8,366.2,48.8,33.8,108,58.366,674
2022-07-29T00:00:00.000Z,5.3,405,84.2,29.3,142.6,72.249,683
2022-07-30T00:00:00.000Z,5.9,343.1,74.34,44.8,139.4,78.789,670
2022-07-31T00:00:00.000Z,8.1,340.9,52.8,30.9,147.05,76.068,693
2022-08-01T00:00:00.000Z,18.3,353.6,59.9,35.6,125.8,82.96,607
2022-08-02T00:00:00.000Z,24.7,328.7,65.8,43.75,108.35,52.979,653
2022-08-03T00:00:00.000Z,5.6,356.1,57.95,38.9,126.4,67.018,658
2022-08-04T00:00:00.000Z,0.4,214.5,41.9,15.2,83.7,41.447,383
2022-08-22T00:00:00.000Z,4.2,266,43.15,26.95,77.45,53.602,200
2022-08-23T00:00:00.000Z,2.4,270.4,53,32.9,96.1,55.518,686
2022-08-24T00:00:00.000Z,3.8,332.2,47.1,32.15,93.7,58.062,668
2022-08-25T00:00:00.000Z,1.3,299.7,35.2,22.7,69.5,56.386,656
2022-08-26T00:00:00.000Z,0,315.2,58.1,21.6,101.5,69.738,682
2022-08-27T00:00:00.000Z,0,222.4,21.3,5.3,41.3,37.929,647
2022-08-28T00:00:00.000Z,5.8,273.2,55.3,32.1,92.3,40.339,670
2022-08-29T00:00:00.000Z,1.1,421.4,58,29.55,157.55,86.638,657
2022-08-30T00:00:00.000Z,2.1,346.1,49.8,31,115.4,64.135,655
2022-08-31T00:00:00.000Z,8.6,268,38.9,31.3,63.3,43.378,656
2022-09-01T00:00:00.000Z,0.1,228.4,39.4,23.2,69.9,38.827,651
2022-09-02T00:00:00.000Z,0.2,278.4,55.2,35.75,86.55,43.701,680
2022-09-03T00:00:00.000Z,0,308.7,42.3,21.2,78.25,53.35,652
2022-09-04T00:00:00.000Z,0.9,252.8,47.45,27.2,98.7,50.946,698
2022-09-05T00:00:00.000Z,0,325.5,42.4,22.65,79.45,53.816,636
2022-09-06T00:00:00.000Z,0,285.3,40.5,19.89,87.9,58.541,663
2022-09-07T00:00:00.000Z,0,237.7,29.45,16.2,44.1,36.538,662
2022-09-08T00:00:00.000Z,0,187.4,26.5,9.1,40,26.302,648
2022-09-09T00:00:00.000Z,0.1,180.9,27.9,9.4,45.9,30.07,663
2022-09-10T00:00:00.000Z,0,209.4,40.95,23.2,79.5,39.399,650
2022-09-11T00:00:00.000Z,5.9,298.2,44.5,26.2,69.7,46.905,647
2022-09-12T00:00:00.000Z,0.3,249.9,37.29,22.15,56.9,33.799,613
2022-09-13T00:00:00.000Z,8.5,217.5,44,29.95,63.95,33.34,632
2022-09-14T00:00:00.000Z,2.5,213.8,44.05,29.7,73.2,39.867,666
2022-09-15T00:00:00.000Z,1.2,217.8,38.6,23.8,60,39.261,648
2022-09-16T00:00:00.000Z,0.8,49.4,9.94,6.3,17.7,8.931,676
2022-09-17T00:00:00.000Z,0,109.9,8.15,2.1,23.45,20.462,616
2022-09-18T00:00:00.000Z,0,138.7,6.9,1.8,27.5,22.945,581
2022-09-19T00:00:00.000Z,0,167.2,28.7,11.1,41.7,25.973,627
2022-09-20T00:00:00.000Z,0,211.2,40.85,22.75,54.65,34.87,676
2022-09-21T00:00:00.000Z,0.1,153,33.79,18,55.7,31.275,687
2022-09-22T00:00:00.000Z,0.1,193.8,23.1,9.3,38.9,21.924,662
2022-09-23T00:00:00.000Z,0,234.5,30.5,5.09,62.5,46.22,658
2022-09-24T00:00:00.000Z,7.2,192.9,45,33.1,72,34.387,351
2022-09-26T00:00:00.000Z,1.7,311.3,35,23.2,56.5,46.926,351
2022-09-27T00:00:00.000Z,0,540.7,23.7,4.8,58.4,63.702,625
2022-09-28T00:00:00.000Z,0,300.4,35.1,9,77,52.89,560
2022-09-29T00:00:00.000Z,0,302.6,30.4,4,47.8,42.088,644
2022-09-30T00:00:00.000Z,0.3,241.3,25.8,6.7,39.6,28.754,671
2022-10-01T00:00:00.000Z,0,94.1,24.5,13.5,35.4,18.027,595
2022-10-02T00:00:00.000Z,0,122,23.95,2.95,37.65,21.156,660
2022-10-03T00:00:00.000Z,2.5,134.3,23.65,14.95,38.75,21.526,680
2022-10-04T00:00:00.000Z,0,124.4,18.2,7.75,27.85,15.646,664
2022-10-05T00:00:00.000Z,0,248.9,17.6,3.8,37.2,29.505,666
2022-10-06T00:00:00.000Z,0,168.3,12.3,4,26.7,21.718,631
2022-10-07T00:00:00.000Z,0,263.9,23.1,6.5,40.5,27.605,683
2022-10-08T00:00:00.000Z,0,120.9,5.65,1.3,17.35,16.428,620
2022-10-09T00:00:00.000Z,0,165.1,31.8,11.8,54.2,33.454,631
2022-10-10T00:00:00.000Z,0,170.9,30.2,10.7,46.6,29.499,583
2022-10-11T00:00:00.000Z,0,160,25.25,4.09,38.4,24.502,612
2022-10-12T00:00:00.000Z,0,158.4,16.39,2.9,33.2,23.456,635
2022-10-13T00:00:00.000Z,0,179.9,18.8,3.3,30.75,19.35,616
2022-10-14T00:00:00.000Z,0,136.3,25.95,9.4,43,25.196,530
2022-10-15T00:00:00.000Z,0,130.2,23.4,3.8,38.5,20.076,600
2022-10-16T00:00:00.000Z,0,66.8,12.3,3.95,22.65,12.192,633
2022-10-17T00:00:00.000Z,0,113.6,14.7,1.4,41.15,25.393,565
2022-10-18T00:00:00.000Z,0,165.1,28.9,6.6,47,29.073,482
2022-10-21T00:00:00.000Z,0,133.7,12,2.25,30.45,20.329,609
2022-10-22T00:00:00.000Z,0,184.9,22.6,4.5,40.95,32.118,565
2022-10-23T00:00:00.000Z,0,90.5,32.8,11.5,41.6,19.047,343
2022-10-24T00:00:00.000Z,0,62.5,1.8,0.1,9.5,12.841,227
2022-10-25T00:00:00.000Z,0,202.2,19,6.9,29.2,17.511,647
2022-10-26T00:00:00.000Z,0,186.9,5.8,1,20.2,24.436,622
2022-10-27T00:00:00.000Z,0,184.7,16.9,1.6,43.35,31.18,673
2022-10-28T00:00:00.000Z,0,126.9,12.4,2.3,27.75,18.388,673
2022-10-29T00:00:00.000Z,0,250.5,8.4,1.8,24.4,26.853,622
2022-10-30T00:00:00.000Z,0,152.9,9.9,2.8,24.45,17.637,633
2022-10-31T00:00:00.000Z,0,218.4,25.1,3,51.7,35.666,666
2022-11-01T00:00:00.000Z,0,132.2,28.1,4.2,39.7,21.744,563
2022-11-02T00:00:00.000Z,0,231.4,27.05,7.95,40.75,30.703,516
2022-11-03T00:00:00.000Z,0,144.2,10.45,2.6,25.45,17.853,620
2022-11-04T00:00:00.000Z,3.6,109.5,14.9,8.9,22.15,14.057,660
2022-11-05T00:00:00.000Z,0,61,13.3,6.35,19.7,8.553,649
2022-11-06T00:00:00.000Z,0,31.9,3.9,2.2,8.69,6.451,638
2022-11-07T00:00:00.000Z,0,191.4,5.05,3.5,9.19,15.818,632
2022-11-08T00:00:00.000Z,0,48,4,1.4,7.9,8.515,596
2022-11-09T00:00:00.000Z,0,105,12.3,5.05,15.9,11.365,644
2022-11-10T00:00:00.000Z,0,228.1,2.8,0.4,10.1,20.202,514
2022-11-11T00:00:00.000Z,0,79.4,3.8,0.7,13.15,11.472,569
2022-11-12T00:00:00.000Z,0,92.9,5.65,1.2,18.1,12.995,574
2022-11-13T00:00:00.000Z,0,293.8,7.2,2.5,23.3,24.845,667
2022-11-14T00:00:00.000Z,0,157.3,6.4,2.29,16.95,19.448,669
2022-11-15T00:00:00.000Z,0,106.4,22.3,1.85,37.65,20.229,561
2022-11-16T00:00:00.000Z,0,82.1,11.9,4.8,25.25,12.846,457
2022-11-17T00:00:00.000Z,0,55.6,4.4,0.9,9.5,8.517,458
2022-11-18T00:00:00.000Z,0,63.7,2.5,0.6,9.8,9.509,439
2022-11-19T00:00:00.000Z,0,40.7,4.7,2.29,10.6,8.714,419
2022-11-20T00:00:00.000Z,0,51,1.6,0.2,5.7,7.353,402
2022-11-21T00:00:00.000Z,0,117.5,7.3,1,16.89,12.02,428
2022-11-22T00:00:00.000Z,0,52.8,6.6,3.1,13.4,7.365,421
2022-11-23T00:00:00.000Z,0,67,3.6,0.8,10.9,13.945,339
2022-11-24T00:00:00.000Z,0,80.6,0.6,0.1,4.05,11.766,204
2022-11-25T00:00:00.000Z,0,29.7,2.7,1.1,5,3.926,524
2022-11-26T00:00:00.000Z,0,34.8,0.8,0.1,2.8,4.736,356
2022-11-27T00:00:00.000Z,0,37,0.8,0.2,2.29,3.643,523
2022-11-28T00:00:00.000Z,0,55.1,2.1,1,4.09,6.449,498
2022-11-29T00:00:00.000Z,0,42.6,2,0.4,5,7.632,331
2022-11-30T00:00:00.000Z,0,115.7,3.6,0.6,14.95,16.584,253
2022-12-01T00:00:00.000Z,0,49.2,2,0.4,6,5.315,348
2022-12-02T00:00:00.000Z,0,65.1,3.8,0.9,7.2,9.359,287
2022-12-03T00:00:00.000Z,0,41.1,1,0.1,2.5,8.634,221
2022-12-04T00:00:00.000Z,0,11.1,3.2,1.7,4.4,2.172,392
2022-12-05T00:00:00.000Z,0,34.9,1.2,0.1,4.09,5.694,289
2022-12-06T00:00:00.000Z,0,25.3,0.6,0.1,2.9,3.343,251
2022-12-07T00:00:00.000Z,0,58.8,3.5,0.7,9.75,8.843,608
2022-12-08T00:00:00.000Z,0,43.2,4.55,0.2,20.5,12.465,188
2022-12-09T00:00:00.000Z,0,25.8,0.6,0.1,2.35,5.476,105