# Sensor SICAM9_FRUTILLAR, Chile (Purple Air/51917)
# https://aqicn.org/station/@113527/
# Daily pm25
date,min,max,median,q1,q3,stdev,count
2020-04-10T00:00:00.000Z,4.3,182.15,42.58,15.05,61.21,33.673,556
2020-04-11T00:00:00.000Z,0,64.06,5.24,3.64,10.95,9.355,720
2020-04-12T00:00:00.000Z,1.2,222.71,32.15,8.15,56.13,41.118,718
2020-04-13T00:00:00.000Z,2.66,358.04,63.57,14.71,125.11,76.341,721
2020-04-14T00:00:00.000Z,8.77,414.72,77.45,49.06,129.54,82.386,720
2020-04-15T00:00:00.000Z,23.33,279.6,102.76,80.18,154.59,51.229,721
2020-04-16T00:00:00.000Z,11.14,370.25,108,49.55,187.38,80.565,716
2020-04-17T00:00:00.000Z,11.64,370.38,57.25,39.58,128.66,84.913,712
2020-04-18T00:00:00.000Z,0,140.3,6.89,2.02,23.62,20.565,702
2020-04-19T00:00:00.000Z,1.7,263.79,18.55,7.22,58.61,55.793,694
2020-04-20T00:00:00.000Z,0,340.63,40.65,15.52,108.95,71.753,677
2020-04-21T00:00:00.000Z,4.71,148.69,23.96,16.47,45.11,26.878,718
2020-04-22T00:00:00.000Z,35.11,585.17,133.79,61.7,291.06,144.472,720
2020-04-23T00:00:00.000Z,10.79,412.5,66.94,34.61,170.07,100.051,703
2020-04-24T00:00:00.000Z,2.81,105.51,9.46,5.49,25.45,18.568,719
2020-04-25T00:00:00.000Z,0.81,85.18,12.82,6.11,24.98,13.191,718
2020-04-26T00:00:00.000Z,16.17,195.88,48.15,37.97,56.87,19.314,695
2020-04-27T00:00:00.000Z,1.84,232.4,17.79,7.62,28.58,15.305,703
2020-04-28T00:00:00.000Z,2.84,368.93,17.52,7.54,66.65,56.918,715
2020-04-29T00:00:00.000Z,4.38,686,45.52,29.65,347.23,195.001,709
2020-04-30T00:00:00.000Z,5.83,367.65,51.45,22.08,76.06,70.212,644
2020-05-01T00:00:00.000Z,34.07,805.62,62.15,51.54,276.41,159.735,701
2020-05-02T00:00:00.000Z,10.53,512.47,56.75,50.36,127.79,102.9,719
2020-05-03T00:00:00.000Z,11.35,567.35,64.2,34.22,160.09,103.845,710
2020-05-04T00:00:00.000Z,3.04,252.48,27.74,8.76,64.09,39.629,706
2020-05-05T00:00:00.000Z,2.5,572.95,42.43,16.89,169.95,137.565,708
2020-05-06T00:00:00.000Z,2.46,534.73,41.8,13.56,141,116.808,703
2020-05-07T00:00:00.000Z,15.87,360,58.25,34.09,97.66,63.786,514
2020-05-08T00:00:00.000Z,21.42,539.53,123.5,93.07,161.63,103.722,485
2020-05-09T00:00:00.000Z,3.69,289.58,25.98,13.89,44.68,37.476,472
2020-05-10T00:00:00.000Z,1.45,144.18,32.99,9.83,50.6,29.1,340
2020-05-11T00:00:00.000Z,23.76,640.76,99.05,53.17,187.23,102.676,481
2020-05-12T00:00:00.000Z,9.78,538.36,63.84,43.09,142.78,105.352,684
2020-05-13T00:00:00.000Z,21.45,584.66,93.69,56.54,194.52,104.955,716
2020-05-14T00:00:00.000Z,12.73,527.8,57,45.05,128.35,96.815,711
2020-05-15T00:00:00.000Z,1.89,369.53,36.61,11.49,61.79,33.925,715
2020-05-16T00:00:00.000Z,1.77,385.68,33.61,12.96,50.61,67.875,708
2020-05-17T00:00:00.000Z,8.75,159.87,38.06,19.18,53.94,26.075,651
2020-05-18T00:00:00.000Z,17.82,533.16,56.56,45.21,90.7,104.234,659
2020-05-19T00:00:00.000Z,0.12,288.5,58.36,34.42,93.39,54.793,708
2020-05-20T00:00:00.000Z,27.55,450.65,74.98,55.22,177.11,78.8,687
2020-05-21T00:00:00.000Z,37.46,752.42,116.8,66.84,468.82,233.578,699
2020-05-22T00:00:00.000Z,14.47,723.74,153.41,87.4,330.49,176.153,717
2020-05-23T00:00:00.000Z,32.36,741.62,175.35,125.37,457.58,191.009,715
2020-05-24T00:00:00.000Z,3.39,491.3,71.61,30.31,168.15,106.099,707
2020-05-25T00:00:00.000Z,11.69,408.18,67.2,39.47,101.7,79.213,715
2020-05-26T00:00:00.000Z,8.78,521.83,49.31,30.83,156.96,123.773,714
2020-05-27T00:00:00.000Z,1.12,371.32,15.73,6.32,123.93,90.162,695
2020-05-28T00:00:00.000Z,2.12,143.96,14.8,8.85,21.96,20.177,715
2020-05-29T00:00:00.000Z,3.32,617,65.76,28.33,156.52,166.653,512
2020-05-30T00:00:00.000Z,12.31,729.7,63.47,48.57,183.35,187.381,602
2020-05-31T00:00:00.000Z,6.79,682.38,56.94,35.95,155.91,154.882,694
2020-06-01T00:00:00.000Z,63.7,801.08,221.45,147.69,379.87,171.671,639
2020-06-02T00:00:00.000Z,9.25,451.14,66.27,43.44,193.21,101.889,716
2020-06-03T00:00:00.000Z,5.01,1001.87,56.92,31.7,222.77,247.407,710
2020-06-04T00:00:00.000Z,4.88,669.55,135.97,29.14,333.82,177.461,714
2020-06-05T00:00:00.000Z,28.31,768.62,161.13,90.76,384.73,190.741,720
2020-06-06T00:00:00.000Z,24.03,675.48,101.05,57.02,274.58,170.747,717
2020-06-07T00:00:00.000Z,37.21,504.66,90.91,62.11,176.32,101.279,698
2020-06-08T00:00:00.000Z,1.8,666.77,60.22,21.99,166.55,107.916,672
2020-06-09T00:00:00.000Z,16.45,625.65,78.04,49.44,235.23,142.614,247
2020-06-10T00:00:00.000Z,3.51,148.41,37.52,14.82,54.44,25.535,167
2020-06-11T00:00:00.000Z,1.48,118.78,25.76,4.38,50.42,24.499,126
2020-06-13T00:00:00.000Z,21.76,733.39,75.41,62.41,97.36,97.877,444
2020-06-14T00:00:00.000Z,33,807.61,206.11,68.42,447.28,220.549,371
2020-06-15T00:00:00.000Z,211.4,781.14,550.55,502,690.69,147.278,70
2020-06-16T00:00:00.000Z,40.18,250.16,63.33,52.25,84.02,41.679,52
2020-06-17T00:00:00.000Z,36.82,742.92,96.07,78.45,128.62,71.174,279
2020-06-18T00:00:00.000Z,0,232.33,14.24,2.5,35.67,33.567,445
2020-06-19T00:00:00.000Z,1.34,228.47,37.35,27.54,52.92,43.586,240
2020-06-20T00:00:00.000Z,2.31,234.47,23.1,8.03,48.89,40.588,427
2020-06-21T00:00:00.000Z,20.64,335.33,87.25,50.18,144.08,61.332,271
2020-06-22T00:00:00.000Z,0.35,511.21,34.92,7.58,54.27,93.821,218
2020-06-23T00:00:00.000Z,3.49,661.92,60.45,38.64,168.03,151.967,188
2020-06-24T00:00:00.000Z,0.94,431.23,86.35,51.35,140.03,62.977,300
2020-06-25T00:00:00.000Z,32.28,513.64,142.44,72.16,212.24,94.752,559
2020-06-26T00:00:00.000Z,2.82,716.77,59.03,45.86,106.77,181.956,259
2020-06-27T00:00:00.000Z,8.49,261.52,57.36,40.52,86.56,46.978,421
2020-06-28T00:00:00.000Z,2.49,351.38,38.97,16.43,65.79,58.296,393
2020-06-29T00:00:00.000Z,11.26,256.91,101.26,67.36,133.76,50.735,90
2020-06-30T00:00:00.000Z,8.26,329.8,58.63,43.99,85.88,50.569,384
2020-07-01T00:00:00.000Z,0.27,342.44,34.59,9.69,50.16,46.502,488
2020-07-02T00:00:00.000Z,10.83,515.54,78.72,50.86,140.47,84.728,533
2020-07-03T00:00:00.000Z,0.09,530.29,46.87,19.87,99.63,115.287,525
2020-07-04T00:00:00.000Z,8.59,479.48,64.09,46.76,151,92.594,574
2020-07-05T00:00:00.000Z,2.25,503.56,41.95,19.07,63.11,88.046,540
2020-07-06T00:00:00.000Z,49.31,882.68,276.14,130.86,515,230.504,346
2020-07-07T00:00:00.000Z,19.55,883.44,137.71,54.94,538.32,257,528
2020-07-08T00:00:00.000Z,2.48,355.03,66.19,45.39,113.93,59.856,421
2020-07-09T00:00:00.000Z,1.09,205.89,44.5,27.32,63.18,38.51,512
2020-07-10T00:00:00.000Z,0.41,367.83,18.72,5.21,52.18,65.485,521
2020-07-11T00:00:00.000Z,1.68,251.54,46.11,24.84,60.07,32.39,458
2020-07-12T00:00:00.000Z,3.47,369.86,56.9,29.28,89.13,53.748,528
2020-07-13T00:00:00.000Z,18.53,690.05,99.09,64.93,138.02,126.818,434
2020-07-14T00:00:00.000Z,52.16,861.3,233.36,145.66,407.43,173.941,465
2020-07-15T00:00:00.000Z,66.19,736.52,193.83,159.03,260.23,98.381,416
2020-07-16T00:00:00.000Z,52.58,898.46,205.76,149.63,351.28,209.172,359
2020-07-17T00:00:00.000Z,3.59,309.62,39.14,22.74,57.01,44.881,464
2020-07-18T00:00:00.000Z,2.27,267.66,34.42,7.16,58.61,45.399,511
2020-07-19T00:00:00.000Z,9.94,325.12,61.3,36.29,133.13,71.961,538
2020-07-20T00:00:00.000Z,2.27,467.48,43.67,29.33,68.88,88.579,389
2020-07-21T00:00:00.000Z,25.4,229.84,48.01,38.09,66.7,35.794,336
2020-07-22T00:00:00.000Z,18.3,364.42,93.61,57.11,165.72,65.968,483
2020-07-23T00:00:00.000Z,2.81,697.8,61.72,17.51,136.79,142.395,389
2020-07-24T00:00:00.000Z,5.93,400.47,69.04,49.72,108.57,73.067,511
2020-07-25T00:00:00.000Z,5,270.5,41.25,21.28,59.21,27.867,542
2020-07-26T00:00:00.000Z,1.05,91.32,21.64,9.96,40.38,18.776,519
2020-07-27T00:00:00.000Z,7.07,694.31,76.44,48.04,161.62,96.654,498
2020-07-28T00:00:00.000Z,10.65,765.9,66.45,47.73,329.22,207.364,485
2020-07-29T00:00:00.000Z,42.21,883.94,145.16,74.43,293.17,208.928,479
2020-07-30T00:00:00.000Z,29.62,527.17,131.44,73.72,238.77,109.028,481
2020-07-31T00:00:00.000Z,9.47,661.85,81.96,53.88,182.4,147.416,497
2020-08-01T00:00:00.000Z,6.63,401.2,73.65,30.01,139.12,83.596,389
2020-08-02T00:00:00.000Z,11.53,464.75,61.95,29.3,128.09,88.266,307
2020-08-03T00:00:00.000Z,11.95,662.41,55.09,32.02,227.54,177.825,472
2020-08-04T00:00:00.000Z,0.37,465.07,47.42,17.85,82.17,69.155,553
2020-08-05T00:00:00.000Z,2.89,320.75,43.59,15.1,64.5,81.018,215
2020-08-06T00:00:00.000Z,1.89,198.54,26,12.35,39.59,32.923,206
2020-08-07T00:00:00.000Z,9.88,638.15,97.23,40.58,207.86,126.658,621
2020-08-08T00:00:00.000Z,10.78,737.68,148.38,58.05,313.49,195.488,627
2020-08-09T00:00:00.000Z,8.94,674.44,54.02,31.64,225.3,153.82,567
2020-08-10T00:00:00.000Z,0.17,611.75,31.23,10.64,57.16,53.319,558
2020-08-11T00:00:00.000Z,15.94,777.19,114.76,64.55,201.87,173.428,517
2020-08-12T00:00:00.000Z,15.91,563.89,93.72,56.03,211.67,133.793,536
2020-08-13T00:00:00.000Z,0.79,241.03,55.14,36.31,87.51,44.92,584
2020-08-14T00:00:00.000Z,2.04,548.13,39.25,22.79,63.52,61.15,638
2020-08-15T00:00:00.000Z,1.15,270.11,43.7,18.78,63.65,35.067,647
2020-08-16T00:00:00.000Z,4.26,327.77,40.88,24.76,69.7,74.321,638
2020-08-17T00:00:00.000Z,0.93,290.2,48.3,26.35,72.04,48.168,612
2020-08-18T00:00:00.000Z,0,239.05,31.7,14.52,55.36,36.489,624
2020-08-19T00:00:00.000Z,3.89,868.27,165.53,19.43,332.22,222.24,584
2020-08-20T00:00:00.000Z,3.81,277.31,16.95,11.53,32.42,34.842,577
2020-08-21T00:00:00.000Z,6.58,570.97,68.45,25.2,187.44,126.958,589
2020-08-22T00:00:00.000Z,19.66,597.03,96.34,56.44,203.48,117.098,518
2020-08-23T00:00:00.000Z,22.98,604.63,66.41,50.8,94,113.982,542
2020-08-24T00:00:00.000Z,12.2,120.92,40.59,24.02,54.64,21.883,487
2020-08-25T00:00:00.000Z,0,118.73,23.87,10.4,35.65,16.088,478
2020-08-26T00:00:00.000Z,0.31,164.27,32.19,19.62,46.08,21.245,496
2020-08-27T00:00:00.000Z,5.07,190.77,48.1,25.41,67.36,32.444,360
2020-08-28T00:00:00.000Z,1.25,410.26,45.47,19.05,82.65,78.643,451
2020-08-29T00:00:00.000Z,5.32,675.76,163.66,39.46,274.89,154.255,365
2020-08-30T00:00:00.000Z,3.46,765.86,92.15,21.77,290.13,178.996,467
2020-08-31T00:00:00.000Z,5.05,515.86,33.69,15.37,56.26,59.227,463
2020-09-01T00:00:00.000Z,9.19,659.41,78.54,22.84,197.09,145.466,426
2020-09-02T00:00:00.000Z,16.23,195.37,64.37,40.4,80.98,26.717,462
2020-09-03T00:00:00.000Z,1.65,298.47,36.04,15.21,55.97,50.802,408
2020-09-04T00:00:00.000Z,16.03,745.03,169.91,106.09,281.61,152.333,356
2020-09-05T00:00:00.000Z,33.58,810.47,82,53.38,566.42,266.161,250
2020-09-06T00:00:00.000Z,19.72,856.19,87.76,51.67,506.7,269.871,392
2020-09-07T00:00:00.000Z,23.35,249.97,53.2,40.97,72.06,24.863,325
2020-09-08T00:00:00.000Z,5.82,213.34,47.15,23.49,61.73,34.538,319
2020-09-09T00:00:00.000Z,20.07,384.92,87.44,46.37,132.72,77.876,271
2020-09-10T00:00:00.000Z,2.94,208.86,23.06,9.41,60.12,39.797,317
2020-11-04T00:00:00.000Z,0.8,588.47,4.21,3.15,9.55,56.131,266
2020-11-05T00:00:00.000Z,460.78,595.79,528.29,460.78,595.79,67.505,2
2020-11-06T00:00:00.000Z,2.62,57.3,7.47,4.67,12.59,16.073,75
2020-11-07T00:00:00.000Z,1.67,96.78,17.1,8.82,31.37,18.119,344
2020-11-09T00:00:00.000Z,5.35,50.69,12.21,8.91,16.32,8.398,89
2020-11-10T00:00:00.000Z,3.05,101.8,11.56,6.88,25.78,16.925,280
2020-11-11T00:00:00.000Z,3.46,98.91,23.83,11.98,39.77,18.125,300
2020-11-12T00:00:00.000Z,2.74,132.81,21.46,12.3,39.81,19.264,289
2020-11-13T00:00:00.000Z,3.32,315.2,38.69,16.43,50.77,42.764,269
2020-11-14T00:00:00.000Z,2.71,373.79,32.19,21.36,52.54,65.415,289
2020-11-15T00:00:00.000Z,1.88,91.4,14.04,7.25,48.16,22.851,258
2020-11-16T00:00:00.000Z,2.93,70.15,16.55,9.52,30.54,15.586,245
2020-11-17T00:00:00.000Z,1.33,104.38,8.67,4.16,30.81,22.945,240
2020-11-20T00:00:00.000Z,49.84,172.48,69,60.98,86.4,23.2,34
2020-11-21T00:00:00.000Z,1.15,121.24,30.76,4.03,46.61,24.172,269
2020-11-22T00:00:00.000Z,1.05,159.72,25.32,6.66,40.29,25.634,271
2020-11-23T00:00:00.000Z,1.59,107.38,26.82,6.25,42.53,20.875,240
2020-11-24T00:00:00.000Z,4.93,173.77,34.83,18.47,47.67,22.933,274
2020-11-25T00:00:00.000Z,1.28,212.8,24.26,10.36,36.85,22.448,273
2020-11-26T00:00:00.000Z,3.24,149.6,27,11.36,48.98,27.167,265
2020-11-27T00:00:00.000Z,1.34,149.63,46.48,15.96,56.74,28.225,246
2020-11-28T00:00:00.000Z,2.04,96.89,31.76,12.43,48.02,21.327,252
2020-11-29T00:00:00.000Z,3.71,139.28,25.81,14.53,42.63,24.57,258
2020-11-30T00:00:00.000Z,1.66,133.71,13.83,6.91,40.86,30.184,231
2020-12-01T00:00:00.000Z,0.46,127.98,19.51,8.1,33.9,20.334,230
2020-12-02T00:00:00.000Z,2.18,135.52,15.04,7.46,36.06,23.915,272
2020-12-03T00:00:00.000Z,0.89,54.88,10.56,6.66,16.64,9.981,230
2020-12-04T00:00:00.000Z,0.7,61.11,8.65,3.63,22.45,15.78,228
2020-12-05T00:00:00.000Z,1.02,50.71,9.07,3.8,17.48,12.766,242
2020-12-06T00:00:00.000Z,2.02,55.75,8.96,5.24,17.51,11.916,306
2020-12-07T00:00:00.000Z,0,175.79,6.47,2.86,17.18,29.747,238
2020-12-08T00:00:00.000Z,1,79.56,15.46,4.69,30.47,17.718,223
2021-04-10T00:00:00.000Z,0.8,113.4,28.7,16.45,43.2,20.439,241
2021-04-11T00:00:00.000Z,0.4,175.9,23.4,7.75,43.2,29.074,393
2021-04-12T00:00:00.000Z,3.4,76.2,22.1,14.4,35.15,15.681,385
2021-04-13T00:00:00.000Z,2.6,173.3,25.8,8.6,62.2,35.605,383
2021-04-14T00:00:00.000Z,3,112.3,32.8,16.1,52.6,23.42,383
2021-04-15T00:00:00.000Z,1.8,227.7,36.2,19.85,55.05,34.842,400
2021-04-16T00:00:00.000Z,1.4,275.6,59,23.65,118.75,62.105,405
2021-04-17T00:00:00.000Z,8.1,189.7,38.7,23,59.65,27.533,412
2021-04-18T00:00:00.000Z,5.4,231.8,44.7,14.8,55.2,30.212,390
2021-04-19T00:00:00.000Z,13.2,169.7,41.5,32.15,54,24.344,401
2021-04-20T00:00:00.000Z,3.9,191.1,55.5,37.5,73,29.935,398
2021-04-21T00:00:00.000Z,3.2,284.5,40.79,23.5,57.3,42.534,399
2021-04-22T00:00:00.000Z,7.9,421.3,44.6,22.1,180.2,107.194,383
2021-04-23T00:00:00.000Z,6.5,281.3,46.7,20,61,35.338,387
2021-04-24T00:00:00.000Z,6,502.1,86.2,30.95,211.8,115.898,404
2021-04-25T00:00:00.000Z,6,391.3,61.25,43.7,154.4,85.388,418
2021-04-26T00:00:00.000Z,7.1,543.5,41.85,22.4,85.9,72.623,408
2021-04-27T00:00:00.000Z,5.8,226.2,32.6,17.64,46.35,25.31,409
2021-04-28T00:00:00.000Z,4.2,265.4,29.1,16.5,45.5,39.064,411
2021-04-29T00:00:00.000Z,7.3,259.9,38.65,21.15,80.4,49.073,396
2021-04-30T00:00:00.000Z,2.7,147.5,40.6,8.1,53.5,27.298,387
2021-05-01T00:00:00.000Z,2,202.6,31.85,8.5,48.6,32.695,402
2021-05-02T00:00:00.000Z,4.8,255.8,44.4,21.7,56.6,31.816,387
2021-05-03T00:00:00.000Z,4.2,343.5,47.4,34.2,98.3,74.952,378
2021-05-04T00:00:00.000Z,9.9,276.4,55.25,38,79.8,54.79,386
2021-05-05T00:00:00.000Z,4.2,309.9,60.3,36.29,103.7,60.632,379
2021-05-06T00:00:00.000Z,14.1,552.7,76.4,47.95,219.5,119.787,369
2021-05-07T00:00:00.000Z,13.8,625.9,61,48.95,93.8,75.8,380
2021-05-08T00:00:00.000Z,19,214.1,53.65,37.4,77.3,43.541,372
2021-05-09T00:00:00.000Z,8.8,321.8,49.9,35.29,104.9,63.358,379
2021-05-10T00:00:00.000Z,4.4,319.6,49.65,30.4,76.84,55.507,396
2021-05-11T00:00:00.000Z,2.3,374.8,54.65,33.9,85.95,65.916,384
2021-05-12T00:00:00.000Z,17.5,731,49.95,38.5,164.4,173.612,390
2021-05-13T00:00:00.000Z,14.3,398,56.2,41.4,92.65,69.06,372
2021-05-14T00:00:00.000Z,16.6,414.1,54.4,40.5,87.35,75.557,377
2021-05-15T00:00:00.000Z,14.1,483.9,101.1,57.4,184.45,109.146,365
2021-05-16T00:00:00.000Z,12.2,836.2,93.4,42.5,223.3,173.815,391
2021-05-17T00:00:00.000Z,19.2,476.3,76.5,49.9,127.8,72.882,373
2021-05-18T00:00:00.000Z,22.6,360.8,61.2,49.7,119.4,73.967,391
2021-05-19T00:00:00.000Z,5.1,73.7,25.8,14,39.25,16.499,381
2021-05-20T00:00:00.000Z,0,58.2,13.5,6.7,22.7,12.683,370
2021-05-21T00:00:00.000Z,0.9,114.7,30.8,13,44.3,20.448,390
2021-05-22T00:00:00.000Z,12.4,291.8,64.15,45.2,98.9,53.427,376
2021-05-23T00:00:00.000Z,2.1,160.2,34,18.85,55.75,29.294,393
2021-05-24T00:00:00.000Z,3.1,283.5,64.4,33,97.9,49.382,407
2021-05-25T00:00:00.000Z,6.2,473.9,67.45,49.4,152.3,103.82,418
2021-05-26T00:00:00.000Z,2.9,187.9,52.9,27.6,63.8,31.511,402
2021-05-27T00:00:00.000Z,0,185,44.8,15.7,65.5,33.301,382
2021-05-28T00:00:00.000Z,0.6,214.7,46.2,20.25,63.95,34.296,404
2021-05-29T00:00:00.000Z,7,235.4,69.59,50.6,104.6,38.957,383
2021-05-30T00:00:00.000Z,2.5,165.2,46.5,14.85,61.2,26.748,393
2021-05-31T00:00:00.000Z,1,273.4,53.4,14.2,73.8,43.804,386
2021-06-01T00:00:00.000Z,0.2,433.8,48.35,29.9,72.65,65.427,412
2021-06-02T00:00:00.000Z,7.9,599.8,53.9,41,118.7,128.33,395
2021-06-03T00:00:00.000Z,0.3,304.9,41.9,19.7,53.5,48.413,403
2021-06-04T00:00:00.000Z,7.1,517.3,73.59,45.2,122.3,97.23,404
2021-06-05T00:00:00.000Z,8.2,503.9,71.34,47.9,138.8,90.952,414
2021-06-06T00:00:00.000Z,10,634.6,71.09,54.9,197.8,114.124,406
2021-06-07T00:00:00.000Z,2.7,62.8,18.3,8.44,29.05,13.794,460
2021-06-08T00:00:00.000Z,1.4,197.8,30.6,10,62.4,33.456,450
2021-06-09T00:00:00.000Z,1.2,276.8,38.4,11.4,54.9,48.115,459
2021-06-10T00:00:00.000Z,5.1,440.8,46.15,32.45,58.5,71.154,424
2021-06-11T00:00:00.000Z,0.8,118.6,28.8,7.6,41.8,20.774,546
2021-06-12T00:00:00.000Z,0.9,186,48.8,19.75,78.84,42.04,600
2021-06-13T00:00:00.000Z,4.3,431.8,66.65,41.1,101.8,64.759,602
2021-06-14T00:00:00.000Z,16.4,594.6,91.2,55.7,197.95,126.816,620
2021-06-15T00:00:00.000Z,5.2,280.7,61.3,41.75,88.55,41.709,600
2021-06-16T00:00:00.000Z,8.1,882.3,88.95,51.65,353.95,207.795,608
2021-06-17T00:00:00.000Z,0.8,296.5,31.2,11.1,56.5,48.16,606
2021-06-18T00:00:00.000Z,2.2,596.7,44.1,19.5,110.75,132.416,609
2021-06-19T00:00:00.000Z,32.6,996.9,92.6,60.9,204.4,265.789,609
2021-06-20T00:00:00.000Z,35,652.8,66.65,55.05,267.05,159.099,596
2021-06-21T00:00:00.000Z,8,228.5,40.85,14.9,82.5,47.2,606
2021-06-22T00:00:00.000Z,0.1,369,56.3,24.9,82.85,57.664,601
2021-06-23T00:00:00.000Z,2.9,246.5,61.05,31.3,95.7,43.91,614
2021-06-24T00:00:00.000Z,0.3,329.9,46.6,16.8,72.9,54.542,623
2021-06-25T00:00:00.000Z,2.5,430.1,84.1,47.05,179.5,92.665,609
2021-06-26T00:00:00.000Z,6.3,524.3,78.65,50,256.89,136.592,606
2021-06-27T00:00:00.000Z,16.8,697.7,175.2,76,318,146.653,611
2021-06-28T00:00:00.000Z,12.6,863.3,204.9,95.35,321.05,167.79,597
2021-06-29T00:00:00.000Z,13.4,774.7,105.5,65.4,180.3,147.83,598
2021-06-30T00:00:00.000Z,28.1,520,68.4,52.4,188,113.324,614
2021-07-01T00:00:00.000Z,9,403.9,52.7,32.15,72.45,65.538,585
2021-07-02T00:00:00.000Z,1.8,437,44.7,22.9,66.9,64.533,595
2021-07-03T00:00:00.000Z,1.2,548,36.6,10.6,54.25,93.998,613
2021-07-04T00:00:00.000Z,11.3,658,89.35,58.8,183.05,161.741,628
2021-07-05T00:00:00.000Z,13.4,149.6,54.7,29.7,66.5,26.025,595
2021-07-06T00:00:00.000Z,3,85.4,33.5,15.9,44.7,17.769,603
2021-07-07T00:00:00.000Z,5.6,234.3,31.2,16.9,47.55,43.678,588
2021-07-08T00:00:00.000Z,0.7,268.7,37.85,13.5,76.3,45.879,590
2021-07-09T00:00:00.000Z,2.1,244.7,53.5,22.2,78.5,39.054,603
2021-07-10T00:00:00.000Z,18.3,403.1,55.7,44,78.55,50.596,601
2021-07-11T00:00:00.000Z,6.3,390.6,59.65,43.4,79.7,55.378,620
2021-07-12T00:00:00.000Z,8.7,617.1,75.8,53,134.1,95.856,595
2021-07-13T00:00:00.000Z,18.9,816,74.7,53.1,242.1,158.753,598
2021-07-14T00:00:00.000Z,13.7,538.4,64.59,36.54,138,117.251,601
2021-07-15T00:00:00.000Z,5.5,720.2,55.7,42.55,83.45,113.953,625
2021-07-16T00:00:00.000Z,8.1,643.3,67.15,43.75,129.05,82.783,624
2021-07-17T00:00:00.000Z,9.6,574.2,105.55,58.5,188.5,104.016,598
2021-07-18T00:00:00.000Z,18,994.4,116.05,50.4,323.39,246.909,582
2021-07-19T00:00:00.000Z,10.3,778.2,62.35,32.79,120.2,158.1,602
2021-07-20T00:00:00.000Z,9,273.3,61.6,43.4,89.75,50.309,605
2021-07-21T00:00:00.000Z,4.5,304.2,59.3,33.85,83.1,46.816,588
2021-07-22T00:00:00.000Z,3,281.5,49.45,22.5,77.3,47.865,570
2021-07-23T00:00:00.000Z,8.3,341.5,52.8,34.29,93,62.869,595
2021-07-24T00:00:00.000Z,21.6,399.5,89.2,64,129.65,62.316,573
2021-07-25T00:00:00.000Z,2.1,297.1,48.1,35,71.25,52.992,581
2021-07-26T00:00:00.000Z,5.9,414.9,65.45,47,197,104.586,574
2021-07-27T00:00:00.000Z,27.2,580.3,66.4,52.2,154.15,121.718,593
2021-07-28T00:00:00.000Z,16,548.8,78.5,49.3,183.35,102.498,573
2021-07-29T00:00:00.000Z,8.2,453.7,61.25,44.2,86.4,66.176,576
2021-07-30T00:00:00.000Z,12.7,445.1,67.7,49.8,115.2,65.883,562
2021-07-31T00:00:00.000Z,12.4,721.4,148.3,58.75,303.14,162.982,593
2021-08-01T00:00:00.000Z,25.6,964.7,168,82.8,278.1,174.488,594
2021-08-02T00:00:00.000Z,25.4,981.1,111.85,69.5,229.85,228.537,580
2021-08-03T00:00:00.000Z,5.1,414.7,56.8,30.75,99.65,86.041,588
2021-08-04T00:00:00.000Z,4.1,334,52.95,31.9,85.9,47.664,564
2021-08-05T00:00:00.000Z,14.8,195.1,43.4,33.1,55.05,24.496,576
2021-08-06T00:00:00.000Z,1.7,219.9,53.9,14.4,81.95,45.203,548
2021-08-07T00:00:00.000Z,10.9,553.7,80.34,49.55,201.75,107.278,540
2021-08-08T00:00:00.000Z,6.6,509.4,56.1,36.2,156.35,107.882,532
2021-08-09T00:00:00.000Z,30,483.8,75.09,60,202.8,104.715,538
2021-08-10T00:00:00.000Z,1.9,191.3,44.3,21.8,55.9,29.22,534
2021-08-11T00:00:00.000Z,3.7,179.6,40.75,26.75,55.75,27.992,560
2021-08-12T00:00:00.000Z,4.6,248.8,51.8,30.85,111.7,51.441,565
2021-08-13T00:00:00.000Z,8.5,590.9,70.45,52.5,140.1,112.983,522
2021-08-14T00:00:00.000Z,18.7,241.5,61,35.9,89.8,41.585,340