# Sensor FAV Victoria, Chile (Purple Air/83933)
# https://aqicn.org/station/@211993/
# Daily pm25
date,min,max,median,q1,q3,stdev,count
2021-09-07T00:00:00.000Z,1.9,530.7,34.1,19.8,72.4,92.366,330
2021-09-08T00:00:00.000Z,21.1,632.2,107.5,43.2,224.6,123.804,591
2021-09-09T00:00:00.000Z,23.1,284.9,51.3,44.7,73.8,47.261,593
2021-09-10T00:00:00.000Z,9.9,411.3,61.75,31.8,119.7,68.505,600
2021-09-11T00:00:00.000Z,12.7,467.4,36.9,30.75,77.25,77.229,624
2021-09-12T00:00:00.000Z,3.1,117.8,37.29,15.2,46.5,20.515,609
2021-09-13T00:00:00.000Z,4.7,187.4,39.5,29.3,51.6,27.629,581
2021-09-14T00:00:00.000Z,6.6,743.7,92.6,35.5,186.7,130.317,619
2021-09-15T00:00:00.000Z,6.4,324.6,52,33.6,122.8,67.214,630
2021-09-16T00:00:00.000Z,10.5,503.9,87.7,30.5,187.45,104.67,629
2021-09-17T00:00:00.000Z,1.4,150.2,36.65,24.3,46.9,26.486,610
2021-09-18T00:00:00.000Z,8.1,108.5,35.7,25.95,47.2,17.468,617
2021-09-19T00:00:00.000Z,10.7,125.1,31.95,24.15,47.65,19.4,604
2021-09-20T00:00:00.000Z,12.5,414.4,45.2,33.79,78.8,55.826,611
2021-09-21T00:00:00.000Z,10.9,307.1,45.4,23.75,74.05,49.65,624
2021-09-22T00:00:00.000Z,14.3,263.8,27.8,19.1,49.8,35.321,398
2021-09-23T00:00:00.000Z,22.6,440.4,79.09,41.1,139.5,92.174,595
2021-09-24T00:00:00.000Z,8.9,307.6,52.1,30.1,78.8,49.488,607
2021-09-25T00:00:00.000Z,6.2,118.5,31.75,17.95,50.65,22.016,592
2021-09-26T00:00:00.000Z,8,494.2,30.95,22.5,62.3,93.174,596
2021-09-27T00:00:00.000Z,10.7,401.7,75.9,29.7,145.9,82.794,607
2021-09-28T00:00:00.000Z,6.5,315.4,50.4,23.4,118.3,70.039,611
2021-09-29T00:00:00.000Z,9.2,284.1,45.4,27.5,97.4,53.54,603
2021-09-30T00:00:00.000Z,9.4,189.3,37.75,25.8,59.9,31.369,574
2021-10-01T00:00:00.000Z,6.1,379.6,35.9,25.4,63.4,83.564,598
2021-10-02T00:00:00.000Z,4.2,104.2,38.95,27,51.4,19.765,594
2021-10-03T00:00:00.000Z,11.2,274.8,32.04,24.1,51.6,37.65,600
2021-10-04T00:00:00.000Z,8.5,178,32.4,23.35,54.45,33.46,592
2021-10-05T00:00:00.000Z,10.4,154.5,30.4,22.7,44.2,23.318,600
2021-10-06T00:00:00.000Z,5.6,170.4,46.45,20.7,77.7,35.516,600
2021-10-07T00:00:00.000Z,4.3,357.1,47.4,18.55,131.35,79.033,612
2021-10-08T00:00:00.000Z,7,316.7,31.1,17.64,63.4,60.998,596
2021-10-09T00:00:00.000Z,11,148,30.3,20.5,38.5,15.705,591
2021-10-10T00:00:00.000Z,9.8,250.9,36.54,30.2,42.85,28.548,592
2021-10-11T00:00:00.000Z,13.6,163.5,33.54,24.6,43.6,29.895,598
2021-10-12T00:00:00.000Z,13.3,355,46.8,39,70.9,72.984,595
2021-10-13T00:00:00.000Z,14.4,189.6,38.7,32.65,51.85,30.913,592
2021-10-14T00:00:00.000Z,4.9,131.9,37,29.45,45.7,15.432,600
2021-10-15T00:00:00.000Z,7.3,408.4,46,26.9,109.4,76.119,615
2021-10-16T00:00:00.000Z,13.4,190.2,42.4,30.2,83,37.108,607
2021-10-17T00:00:00.000Z,7.8,155.4,23.3,15.8,43,32.031,594
2021-10-18T00:00:00.000Z,8.4,157.4,27,18.39,45.9,24.872,617
2021-10-19T00:00:00.000Z,4.9,144.4,28.6,14.4,54.5,31.423,607
2021-10-20T00:00:00.000Z,7.8,190.3,35.7,26.45,43.3,16.79,601
2021-10-21T00:00:00.000Z,6.5,91.3,35.1,29,43.35,13.611,613
2021-10-22T00:00:00.000Z,10.1,259.4,33,24.5,63.35,43.952,625
2021-10-23T00:00:00.000Z,2.8,169.2,30.3,15.1,46.8,26.949,627
2021-10-24T00:00:00.000Z,0.7,244.8,22.5,7.3,55.5,45.346,617
2021-10-25T00:00:00.000Z,3.2,87.7,22.45,13.8,34.75,13.558,624
2021-10-26T00:00:00.000Z,3.8,107.5,22.9,13.4,33.9,15.58,611
2021-10-27T00:00:00.000Z,1.8,63.7,26.8,14.1,34.9,13.314,610
2021-10-28T00:00:00.000Z,4,104.6,24.2,17.5,34.15,14.966,624
2021-10-29T00:00:00.000Z,3.7,53.5,34.79,24.9,39.4,11.618,587
2021-10-30T00:00:00.000Z,3,116.5,18.1,10.1,33.29,18.57,595
2021-10-31T00:00:00.000Z,1.1,247.9,25.3,6.15,49.05,34.882,612
2021-11-01T00:00:00.000Z,5,87.9,13.7,9.19,19.7,8.905,585
2021-11-02T00:00:00.000Z,2.5,41.7,9.55,6.4,16.14,7.784,592
2021-11-03T00:00:00.000Z,6.7,78.6,24.35,15.95,34.25,13.734,592
2021-11-04T00:00:00.000Z,4.1,289.8,24.85,14.9,45.6,36.995,606
2021-11-05T00:00:00.000Z,3.1,73.8,14.6,7.8,27.4,15.029,586
2021-11-06T00:00:00.000Z,4.1,156.9,18.85,9.4,44.6,23.41,582
2022-02-01T00:00:00.000Z,0.4,31,3.3,2.29,4.59,3.475,387
2022-02-02T00:00:00.000Z,0.4,22.1,4.7,2.2,7.6,3.582,593
2022-02-03T00:00:00.000Z,1.6,31.4,7.1,4.75,9.55,4.247,596
2022-02-04T00:00:00.000Z,0.3,36.1,6,3.9,9.9,8.263,391
2022-02-05T00:00:00.000Z,0.7,33.9,6.7,4.4,9.1,4.293,602
2022-02-06T00:00:00.000Z,2.3,57.9,22,6.3,41.9,17.361,594
2022-02-07T00:00:00.000Z,1.4,49.5,5.4,4,7.5,6.28,578
2022-02-08T00:00:00.000Z,0.7,50.2,4.09,2.8,6,7.629,559
2022-02-09T00:00:00.000Z,1.2,45,4.9,3.7,7.75,7.665,584
2022-02-10T00:00:00.000Z,0.8,95.5,10.4,4.9,13.9,12,590
2022-02-11T00:00:00.000Z,1.3,48.6,4.7,3.4,8.15,10.251,589
2022-02-12T00:00:00.000Z,0.5,301.4,18.45,7.1,53.8,57.112,594
2022-02-13T00:00:00.000Z,20.8,453.9,66.25,43.9,163.5,101.871,588
2022-02-14T00:00:00.000Z,22.2,142.8,46.7,29.4,54.9,28.391,590
2022-02-15T00:00:00.000Z,3.7,154.3,32.6,26.6,41.2,24.08,558
2022-02-16T00:00:00.000Z,1.5,75.9,9.65,6.45,33.04,18.833,584
2022-02-17T00:00:00.000Z,0.1,82.9,15.8,3.8,36.2,18.409,589
2022-02-18T00:00:00.000Z,0.5,97.2,12.95,7,35.4,23.223,586
2022-02-19T00:00:00.000Z,1.7,69.5,10.75,6.7,26.8,16.734,590
2022-02-20T00:00:00.000Z,0.5,47.8,7.4,3.4,12.8,7.076,591
2022-02-21T00:00:00.000Z,0.2,103.4,13.2,3.1,24.8,20.808,607
2022-02-22T00:00:00.000Z,0,310.5,68,36.4,125.1,67.667,529
2022-02-23T00:00:00.000Z,4.3,189.4,49.1,34.2,85.65,38.109,597
2022-02-24T00:00:00.000Z,4.2,49,18.95,14,27.3,9.741,596
2022-02-25T00:00:00.000Z,1.7,94.2,20.95,10.8,42.8,19.645,610
2022-02-26T00:00:00.000Z,2.5,31.2,8.4,6.3,12.5,5.168,607
2022-02-27T00:00:00.000Z,1.5,32.8,9.1,6.3,12.7,5.647,606
2022-02-28T00:00:00.000Z,0.8,66.5,11.8,5.3,22.7,14.1,611
2022-03-01T00:00:00.000Z,1,86.7,10.45,5.8,17,9.582,596
2022-03-02T00:00:00.000Z,1.3,98.7,9.4,3.9,16.6,15.623,579
2022-03-03T00:00:00.000Z,1.4,40.1,6.6,4.9,9.4,5.382,602
2022-03-04T00:00:00.000Z,0.3,49.6,9.85,4.09,17.5,9.681,610
2022-03-05T00:00:00.000Z,0.9,94.7,10.4,4.65,20.65,17.733,601
2022-03-06T00:00:00.000Z,2,94.7,14.6,10.4,22.7,11.702,587
2022-03-07T00:00:00.000Z,2,69.8,11.7,7.3,24,12.589,606
2022-03-08T00:00:00.000Z,3,177.4,19.39,10.19,31.35,16.296,609
2022-03-09T00:00:00.000Z,2.9,123.7,17.8,7.85,32.45,18.937,609
2022-03-10T00:00:00.000Z,5.6,191.5,16.3,10.45,29.15,18.22,588
2022-03-11T00:00:00.000Z,0.9,326.9,22.9,11.7,39.29,29.742,597
2022-03-12T00:00:00.000Z,8.9,168.6,24.15,17.35,33.04,19.607,612
2022-03-13T00:00:00.000Z,2.4,57.7,21.75,13.8,28.05,10.818,604
2022-03-14T00:00:00.000Z,7.9,53.6,16.9,13.6,24.9,10.194,326
2022-08-22T00:00:00.000Z,5.6,117.8,24.45,12.9,29.6,21.896,252
2022-08-23T00:00:00.000Z,26.1,50.4,43.9,39.1,46.7,5.031,627
2022-08-24T00:00:00.000Z,5.9,97.4,38.7,22.9,48.7,19.156,619
2022-08-25T00:00:00.000Z,15,49.5,32.9,28.8,38.25,7.565,608
2022-08-26T00:00:00.000Z,22,62.5,38.04,30.45,45.8,10.468,620
2022-08-27T00:00:00.000Z,10.7,141.9,52,20.1,97.2,43.364,646
2022-08-28T00:00:00.000Z,19.4,58.9,37.65,25.3,44,10.334,636
2022-08-29T00:00:00.000Z,18,318.3,113.3,35.65,224.05,103.533,633
2022-08-30T00:00:00.000Z,23.4,112.8,63.5,48.2,94.7,25.676,637
2022-08-31T00:00:00.000Z,17.5,87.8,42.7,35.29,68.3,19.956,613
2022-09-01T00:00:00.000Z,8.3,41.9,21.5,17.39,33.9,9.544,622
2022-09-02T00:00:00.000Z,16.7,57.3,27.2,22.5,32.79,7.691,629
2022-09-03T00:00:00.000Z,15.8,40.2,28.6,24.35,32.29,5.879,624
2022-09-04T00:00:00.000Z,12.9,46.3,21.25,18.89,32.4,9.459,626
2022-09-05T00:00:00.000Z,8.1,161.6,34.29,28.5,39,18.428,629
2022-09-06T00:00:00.000Z,9.8,195.6,47.25,24.3,73.84,50.532,624
2022-09-07T00:00:00.000Z,4.3,42.3,12.8,7.4,25.4,10.325,626
2022-09-08T00:00:00.000Z,4.7,158.7,34.7,18.2,82.1,46.537,635
2022-09-09T00:00:00.000Z,11.2,52,20.75,18.14,22.4,7.311,612
2022-09-10T00:00:00.000Z,17.5,47.6,36.5,27.7,41.8,8.197,598
2022-09-11T00:00:00.000Z,27.6,138.8,43.9,37.2,64.4,31.64,631
2022-09-12T00:00:00.000Z,14,96,50.1,24.2,71.6,26.062,587
2022-09-13T00:00:00.000Z,21.9,101,51.5,37.1,65,17.287,625
2022-09-14T00:00:00.000Z,19.4,158.7,54.8,30.1,104.3,42.347,603
2022-09-15T00:00:00.000Z,19.7,102.1,44.75,27.8,58.6,24.96,614
2022-09-16T00:00:00.000Z,4.4,42.4,23.2,10.9,34.5,12.403,627
2022-09-17T00:00:00.000Z,2.5,49,22.2,11.1,41.9,15.904,596
2022-09-18T00:00:00.000Z,16,99.4,39.25,26.2,49.3,17.327,634
2022-09-19T00:00:00.000Z,25.6,265.3,73.59,44.15,202.75,82.594,641
2022-09-20T00:00:00.000Z,16.8,88.5,37.6,32.85,54,17.044,612
2022-09-21T00:00:00.000Z,9.9,111,37.15,30.6,48.7,17.794,622
2022-09-22T00:00:00.000Z,12.3,58.8,40.2,32.1,46.2,10.713,607
2022-09-23T00:00:00.000Z,6.8,102.8,32.29,12.8,36,18.965,629
2022-09-24T00:00:00.000Z,10.4,49.6,16.14,13.2,23.2,8.557,620
2022-09-25T00:00:00.000Z,13.8,110.6,48.4,36.4,80.8,27.828,638
2022-09-26T00:00:00.000Z,31,58.2,45.7,38.45,51.2,7.675,513
2022-09-27T00:00:00.000Z,10.3,55.2,20.5,14.45,32.85,13.5,601
2022-09-28T00:00:00.000Z,8.2,102.6,49.55,15.35,73.8,31.737,624
2022-09-29T00:00:00.000Z,14.8,55.1,28.1,21.3,31.8,9.136,547
2022-09-30T00:00:00.000Z,9.9,46.1,26.7,20.1,32.9,8.618,639
2022-10-01T00:00:00.000Z,17.3,40.4,25.25,21.85,31.8,6.612,620
2022-10-02T00:00:00.000Z,17.5,53.1,39.6,32.1,47.05,9.078,621
2022-10-03T00:00:00.000Z,20.3,58.3,27.1,25.5,35.5,8.989,639
2022-10-04T00:00:00.000Z,18.6,151,34,26.75,39.29,27.337,629
2022-10-05T00:00:00.000Z,9,137,57.3,31.1,67.9,29.045,627
2022-10-06T00:00:00.000Z,11,60.3,29.7,23.4,34.4,10.953,622
2022-10-07T00:00:00.000Z,8.6,42.2,23.4,13,32.29,9.914,621
2022-10-08T00:00:00.000Z,12.8,78,42.75,30.65,58.85,17.361,636
2022-10-09T00:00:00.000Z,8.3,33.8,16.6,12.5,26.3,7.915,635
2022-10-10T00:00:00.000Z,9.8,64.2,18.4,13.3,43.9,16.961,622
2022-10-11T00:00:00.000Z,17.8,37.1,30.5,22.9,33,5.546,603
2022-10-12T00:00:00.000Z,6.7,58.1,29.3,10.7,45.2,17.368,619
2022-10-13T00:00:00.000Z,8.2,47.4,21.8,12.7,30.1,10.456,628
2022-10-14T00:00:00.000Z,4.9,41.6,17.5,12.3,27.5,9.543,614
2022-10-15T00:00:00.000Z,5.1,14.6,11.8,8.1,13.1,2.724,605
2022-10-16T00:00:00.000Z,4.6,99.4,10.6,7,40.1,24.587,618
2022-10-17T00:00:00.000Z,4.3,46.6,22.2,13.15,33.8,11.573,624
2022-10-18T00:00:00.000Z,3.7,43.9,15.9,5,26.9,10.883,443
2022-10-21T00:00:00.000Z,9.4,60.5,25.1,16.2,37.1,12.845,607
2022-10-22T00:00:00.000Z,10.2,50.8,36.5,24.65,46.6,12.596,633
2022-10-23T00:00:00.000Z,11,22.2,18,16.1,19.3,2.286,624
2022-10-24T00:00:00.000Z,2.4,48.9,27.45,18.5,30.9,11.262,634
2022-10-25T00:00:00.000Z,12.1,54.8,28.75,23,32.9,7.84,642
2022-10-26T00:00:00.000Z,2.7,105.6,21.9,15,32.2,14.566,649
2022-10-27T00:00:00.000Z,3.1,33.5,13.5,11.25,17.5,6.997,624
2022-10-28T00:00:00.000Z,3.1,19.1,12.2,10.3,13.4,3.382,625
2022-10-29T00:00:00.000Z,3.8,19.6,10.8,8.25,13.3,3.814,608
2022-10-30T00:00:00.000Z,8.2,24.3,14.55,10.1,19.8,5.106,634
2022-10-31T00:00:00.000Z,7.8,45.5,24.4,12.7,37.6,12.541,599
2022-11-01T00:00:00.000Z,6.9,29.8,15.3,9.8,23.5,7.111,611
2022-11-02T00:00:00.000Z,5.6,33.3,8.19,7.3,14.3,7.219,623
2022-11-03T00:00:00.000Z,5.6,37.2,20.7,10.6,27.45,9.107,584
2022-11-04T00:00:00.000Z,16.1,43.7,29.05,21.3,38.5,8.717,626
2022-11-05T00:00:00.000Z,8,19.7,11.2,10.1,16.6,3.419,636
2022-11-06T00:00:00.000Z,5,9.9,7.45,6.65,8.4,1.088,640
2022-11-07T00:00:00.000Z,7.6,23.2,14.8,13,16.89,3.197,625
2022-11-08T00:00:00.000Z,5.7,27.9,10.3,8.8,11.8,2.78,599
2022-11-09T00:00:00.000Z,6,45.1,11.7,9.55,15.9,6.56,612
2022-11-10T00:00:00.000Z,3.6,28.5,10.8,8.8,17.45,6.156,605
2022-11-11T00:00:00.000Z,8.7,34.6,21.5,12.1,27.5,8.109,614
2022-11-12T00:00:00.000Z,7.3,16.9,12.4,10.4,14,2.387,617
2022-11-13T00:00:00.000Z,6.3,24.4,11.1,8.5,18.89,5.504,597
2022-11-14T00:00:00.000Z,10.3,29.1,22.4,19.35,24.6,3.952,625
2022-11-15T00:00:00.000Z,5.2,50.8,28.3,14.5,41.7,14.819,603
2022-11-16T00:00:00.000Z,3.9,17.2,6.1,5.4,6.6,2.202,326
2022-11-19T00:00:00.000Z,1,3.9,2.5,2,2.8,0.604,582
2022-11-20T00:00:00.000Z,1.4,5.5,3.3,2.6,4,0.897,590
2022-11-21T00:00:00.000Z,1.3,29.9,5.2,4,6.4,2.901,587
2022-11-22T00:00:00.000Z,1.4,22.1,5.4,2.9,7.7,3.285,610
2022-11-23T00:00:00.000Z,0.8,18.5,3,2,4.3,2.863,576
2022-11-24T00:00:00.000Z,0.5,23,2.6,1.9,6.1,4.459,617
2022-11-25T00:00:00.000Z,1,19.8,3.1,2,6.3,4.014,586
2022-11-26T00:00:00.000Z,1.6,8.4,5.7,4.2,6.9,1.707,573
2022-11-27T00:00:00.000Z,1.4,4.4,2.7,2.3,3.2,0.61,583
2022-11-28T00:00:00.000Z,1.6,21,5.2,2.9,9.44,3.713,621
2022-11-29T00:00:00.000Z,1.3,38.8,3.9,3,7.8,6.284,613
2022-11-30T00:00:00.000Z,0.1,25.5,3.3,1.95,5.7,4.465,597
2022-12-01T00:00:00.000Z,2.1,34.1,5.8,4.59,7.9,3.807,567
2022-12-02T00:00:00.000Z,1.4,13.8,3.5,2.29,5.6,2.499,589
2022-12-03T00:00:00.000Z,1,4.1,2.6,2,3.1,0.666,581
2022-12-04T00:00:00.000Z,0.6,4.7,2.8,1.9,3.5,0.993,606
2022-12-05T00:00:00.000Z,0,21.4,1.6,1.1,2.8,2.57,572
2022-12-06T00:00:00.000Z,0.3,28.9,3.3,2.7,5.1,4.963,606
2022-12-07T00:00:00.000Z,3.9,35.2,9.5,7.6,12.9,4.923,636
2022-12-08T00:00:00.000Z,1.3,7.8,4.6,2.8,5.6,1.57,580
2022-12-09T00:00:00.000Z,1,7.1,3.8,2,5.1,1.603,585
2022-12-10T00:00:00.000Z,2.2,5.6,4.2,3.5,4.7,0.762,589
2022-12-11T00:00:00.000Z,0.6,3.5,2.5,2.1,2.7,0.554,576
2022-12-12T00:00:00.000Z,0.3,31.6,6.2,4,12.8,6.299,582
2022-12-13T00:00:00.000Z,1.1,18,6.1,4.25,10.45,4.116,608
2022-12-14T00:00:00.000Z,0.8,48,2.6,2,6.7,6.164,591
2022-12-15T00:00:00.000Z,3.5,20.3,6.2,5.6,7.1,2.472,627
2022-12-16T00:00:00.000Z,2.3,26.9,4.5,3.4,9.4,4.32,590
2022-12-17T00:00:00.000Z,1.3,5.7,3.2,2.6,3.9,0.845,594
2022-12-18T00:00:00.000Z,1,3.8,2.1,1.8,2.5,0.53,574
2022-12-19T00:00:00.000Z,1.8,11.5,3.8,3.2,5,2.044,611
2022-12-20T00:00:00.000Z,1,8.5,3.7,2.9,4.8,1.415,581
2022-12-21T00:00:00.000Z,0.8,6.4,3.1,2.4,3.8,1.106,600
2022-12-22T00:00:00.000Z,1.7,125,4.4,3.7,41.1,30.819,591
2022-12-23T00:00:00.000Z,3.5,40.4,10.95,6.7,18.4,9.642,590
2022-12-24T00:00:00.000Z,0,5.8,2,0.9,3.2,1.316,569
2022-12-25T00:00:00.000Z,0,3.3,0.5,0.1,0.8,0.553,443
2022-12-26T00:00:00.000Z,0,9.1,6.2,3.2,7.3,2.798,553
2022-12-27T00:00:00.000Z,2.4,13.9,8.8,7.1,10.19,2.583,601
2022-12-28T00:00:00.000Z,1.5,16.7,4.5,2.5,7.75,3.54,609
2022-12-29T00:00:00.000Z,1.9,15.8,6.5,2.95,10.3,3.887,613
2022-12-30T00:00:00.000Z,2.9,12.6,5.05,4.2,7.6,2.627,572
2022-12-31T00:00:00.000Z,2,29.7,3.5,3,4.2,4.043,584
2023-01-01T00:00:00.000Z,8,22.3,12.8,10.3,17.39,4.043,627
2023-01-02T00:00:00.000Z,0.4,14.3,1.8,1.3,3.8,3.489,568
2023-01-03T00:00:00.000Z,0.4,20.7,4.2,1.5,7.4,4.341,622
2023-01-04T00:00:00.000Z,2.1,18.7,7.3,5.95,10.4,3.775,585
2023-01-05T00:00:00.000Z,1.2,20.1,4.4,2.29,6.3,3.232,597
2023-01-06T00:00:00.000Z,3.5,42,10.75,4.95,15.8,7.931,616
2023-01-07T00:00:00.000Z,8.4,45.5,12.6,10.7,14.4,4.293,652
2023-01-08T00:00:00.000Z,3.7,23.9,11.8,9,14,3.538,630
2023-01-09T00:00:00.000Z,1,34,2.9,1.9,5.4,4.035,600
2023-01-10T00:00:00.000Z,0.1,22,1.8,1,7.45,5.615,568
2023-01-11T00:00:00.000Z,0.4,19,2.3,1.1,3.6,3.72,586
2023-01-12T00:00:00.000Z,0.7,21.1,2.5,1.4,7.6,4.3,593
2023-01-13T00:00:00.000Z,0.3,19.1,2.4,1.3,5.85,3.877,577
2023-01-14T00:00:00.000Z,0.6,9.8,4.3,1.9,6.6,2.627,571
2023-01-15T00:00:00.000Z,1.6,5.8,3.2,2.4,4.09,1.043,586
2023-01-16T00:00:00.000Z,1.5,22.8,8.8,3,11.05,4.748,605
2023-01-17T00:00:00.000Z,1.6,14.2,8,3.1,9.9,3.665,602
2023-01-18T00:00:00.000Z,4.4,36.9,9.2,6.6,24.8,9.47,602
2023-01-19T00:00:00.000Z,4.5,46.1,17.2,11.3,22.75,8.036,628
2023-01-20T00:00:00.000Z,4.6,35.5,8.8,7.6,11.4,4.825,596
2023-01-21T00:00:00.000Z,1.3,14.4,5.5,3.2,7.6,3.117,605
2023-01-22T00:00:00.000Z,0.4,4.9,1.9,1.4,2.5,0.782,568
2023-01-23T00:00:00.000Z,1.5,54.2,8.6,5.09,16.8,11.19,618
2023-01-24T00:00:00.000Z,1.3,37.3,5.6,3.8,23.4,11.95,611
2023-01-25T00:00:00.000Z,0.4,35.6,1.8,1.2,6.3,4.98,586
2023-01-26T00:00:00.000Z,0.3,10.3,2.95,1.1,4.8,2.181,600
2023-01-27T00:00:00.000Z,0.8,28.5,4.9,3.1,6.9,4.626,633
2023-01-28T00:00:00.000Z,2.2,22.1,10.19,6.25,12.7,4.086,605
2023-01-29T00:00:00.000Z,1.4,46.1,11.7,5.3,29.9,14.367,603
2023-01-30T00:00:00.000Z,0.4,40,2.4,1.3,11.3,9.141,631
2023-01-31T00:00:00.000Z,2.9,42.5,12.6,7.4,28.5,12.375,602
2023-02-01T00:00:00.000Z,2.6,43.4,7.9,4.2,13.45,9.607,617
2023-02-02T00:00:00.000Z,1,32,5.6,2.1,10,5.711,602
2023-02-03T00:00:00.000Z,6,50.2,9.8,7.5,15.6,9.687,622
2023-02-04T00:00:00.000Z,5,325.3,17.8,7.15,21.8,77.334,633
2023-02-05T00:00:00.000Z,45.5,457,363.5,170.8,427.85,144.004,668
2023-02-06T00:00:00.000Z,2.3,60.4,21.35,11.9,38.4,16.625,622
2023-02-07T00:00:00.000Z,4,83.9,15.6,9.6,20.8,13.204,616
2023-02-08T00:00:00.000Z,10.4,162.8,39.54,26,89.65,36.969,632
2023-02-09T00:00:00.000Z,3.9,193.7,19.3,14.7,29.9,57.619,626
2023-02-10T00:00:00.000Z,6.9,58.9,30,12.15,42.7,15.181,649
2023-02-11T00:00:00.000Z,3.4,43.3,7.6,5.8,9.3,8.115,603
2023-02-12T00:00:00.000Z,4.7,32.5,9.25,6.7,23,9.502,606
2023-02-13T00:00:00.000Z,1.1,37.4,3.6,2.7,5,4.045,589
2023-02-14T00:00:00.000Z,2,18.4,3.6,3,7.7,3.963,593
2023-02-15T00:00:00.000Z,2.2,34.2,5,3.4,6.3,4.958,623
2023-02-16T00:00:00.000Z,1.4,45,19.8,14.3,30.5,11.402,640
2023-02-17T00:00:00.000Z,2.1,76.1,16.8,6.6,32.15,22.559,624
2023-02-18T00:00:00.000Z,34.6,149.7,70.3,52.6,111.9,34.778,619
2023-02-19T00:00:00.000Z,5.8,59,39.95,24.6,50.8,15.993,594
2023-02-20T00:00:00.000Z,3.4,29.1,11.1,8.7,14.5,4.113,631
2023-02-21T00:00:00.000Z,4.3,44.1,10.4,8.3,11.6,6.12,589
2023-02-22T00:00:00.000Z,2.5,29.6,4.3,3.5,7.7,4.763,602
2023-02-23T00:00:00.000Z,3.7,72.4,10.9,8,14.2,18.588,636
2023-02-24T00:00:00.000Z,6.8,74.5,32.85,15.6,54.4,21.559,634
2023-02-25T00:00:00.000Z,2.3,16.9,9,5.7,9.9,2.916,600
2023-02-26T00:00:00.000Z,1.4,10.1,3.7,2.7,6.3,2.049,606
2023-02-27T00:00:00.000Z,2.2,15.7,5.6,4.2,7.45,2.744,605
2023-02-28T00:00:00.000Z,2,28.7,6,3.4,11.7,6.2,607
2023-03-01T00:00:00.000Z,1.7,12,4.15,3,7.6,2.608,598
2023-03-02T00:00:00.000Z,1.2,24,6.9,2.3,9.1,3.812,611
2023-03-03T00:00:00.000Z,2,23.5,6.2,5,8.3,2.966,613
2023-03-04T00:00:00.000Z,1.4,7.3,2.8,2.2,4.09,1.388,602
2023-03-05T00:00:00.000Z,0.7,6.4,2.6,2.2,4,1.265,568
2023-03-06T00:00:00.000Z,1.4,14.6,3.1,2.5,8.4,3.353,584
2023-03-07T00:00:00.000Z,1.5,65,11.95,7.4,30.6,14.727,612
2023-03-08T00:00:00.000Z,3.6,24,10.4,7.8,11.7,3.172,585
2023-03-09T00:00:00.000Z,4.6,53.7,9,6.9,17.1,10.154,603
2023-03-10T00:00:00.000Z,7.6,39.2,10.85,9.9,14.2,5.609,566
2023-03-11T00:00:00.000Z,3.2,15.9,5.2,4.6,8,1.83,578
2023-03-12T00:00:00.000Z,3.8,10,6.65,5.9,7.8,1.246,592
2023-03-13T00:00:00.000Z,1.9,21.1,5.4,4.55,6,2.047,609
2023-03-14T00:00:00.000Z,1.2,26.9,5.4,3,7.2,4.298,609
2023-03-15T00:00:00.000Z,1.4,26.2,5,3.1,8.7,4.691,626
2023-03-16T00:00:00.000Z,2.9,43.4,10.5,4.9,18.2,9.35,611
2023-03-17T00:00:00.000Z,1.3,20.4,8.6,4,13.8,5.476,593
2023-03-18T00:00:00.000Z,8.2,15.6,10.4,9.8,12.6,1.741,616
2023-03-19T00:00:00.000Z,2.9,11.9,7.8,4.8,9.7,2.601,599
2023-03-20T00:00:00.000Z,6,38.9,13.35,9.3,17.35,7.274,620
2023-03-21T00:00:00.000Z,13.7,56.6,19.1,17.6,34.29,10.85,631
2023-03-22T00:00:00.000Z,15.1,43.3,24.3,19.9,33.04,8.055,629
2023-03-23T00:00:00.000Z,16.5,73.8,23.7,20.6,34.79,14.279,645
2023-03-24T00:00:00.000Z,3,91.2,37.29,23.4,49.8,19.56,638
2023-03-25T00:00:00.000Z,10.8,64.2,22.05,18.5,29.2,8.67,622
2023-03-26T00:00:00.000Z,6.9,32.5,17.8,10.6,27,8.454,644
2023-03-27T00:00:00.000Z,6.8,205,15.2,9.8,30.8,39.234,605
2023-03-28T00:00:00.000Z,11.4,179.9,30.65,22.05,80.65,37.973,652
2023-03-29T00:00:00.000Z,5.9,47.6,24.1,12.35,35.45,12.887,636
2023-03-30T00:00:00.000Z,9.2,79.7,34.4,20,47.6,17.256,609
2023-03-31T00:00:00.000Z,14.5,60.3,28.2,21.5,33.54,8.654,612
2023-04-01T00:00:00.000Z,19,66.1,44.65,33.04,51.1,11.776,628
2023-04-02T00:00:00.000Z,10.2,30.9,20.3,12.7,27.55,7.096,641
2023-04-03T00:00:00.000Z,11.2,49.7,21.4,17,28.9,6.73,645
2023-04-04T00:00:00.000Z,6.5,40.1,20.39,9.8,32.7,10.839,635
2023-04-05T00:00:00.000Z,8.3,148.2,52,39.79,85.4,35.055,638
2023-04-06T00:00:00.000Z,14.1,51.2,25.45,19.89,30.7,7.347,648
2023-04-07T00:00:00.000Z,5.6,18.8,8.1,7.3,12.3,3.032,594
2023-04-08T00:00:00.000Z,9.7,42.7,30.7,19,36.04,9.2,629
2023-04-09T00:00:00.000Z,15.2,108.1,71.15,44.45,94.8,28.038,636
2023-04-10T00:00:00.000Z,7.9,76.4,36.7,23,45.7,14.053,605
2023-04-11T00:00:00.000Z,7.6,44.4,10.7,9.8,12,4.278,634
2023-04-12T00:00:00.000Z,5.7,63.8,10.5,8.8,16.6,6.374,621
2023-04-13T00:00:00.000Z,14.9,97.3,33.9,26.9,42.4,9.547,639
2023-04-14T00:00:00.000Z,9.1,41.6,16.3,13.9,20.8,4.608,630
2023-04-15T00:00:00.000Z,9.7,20.9,13.2,12.2,16.3,2.908,621
2023-04-16T00:00:00.000Z,9.1,45.8,26.8,15.9,38.9,11.916,655
2023-04-17T00:00:00.000Z,9.8,31.5,17.55,12.5,25.95,6.868,640
2023-04-18T00:00:00.000Z,10.2,40,30.1,20.6,34.9,8.415,618
2023-04-19T00:00:00.000Z,9.6,65.6,37.54,14.6,50.4,18.133,626
2023-04-20T00:00:00.000Z,10.6,38.7,24.85,19.6,30.3,6.433,618
2023-04-21T00:00:00.000Z,10.8,31.4,24.6,22.8,28.2,5.084,627
2023-04-22T00:00:00.000Z,10.3,25,13.55,12.2,19.2,4.521,648
2023-04-23T00:00:00.000Z,10.8,38.7,19.39,14.4,32.04,9.111,645
2023-04-24T00:00:00.000Z,19.6,43.1,31.4,30.1,37.65,5.692,601
2023-04-25T00:00:00.000Z,21.2,48.1,35.6,30.6,42.05,7.196,609
2023-04-26T00:00:00.000Z,25.7,53.8,42.7,36.5,48.5,7.658,601
2023-04-27T00:00:00.000Z,25.8,82,46.7,42.5,49.1,7.627,625
2023-04-28T00:00:00.000Z,10.3,42.5,18.3,14.2,30.4,9.754,639
2023-04-29T00:00:00.000Z,2.9,14.3,6.2,4.6,8.3,2.549,602
2023-04-30T00:00:00.000Z,8.4,18,13.7,10.2,15.8,2.745,614
2023-05-01T00:00:00.000Z,16.1,110.8,62.6,38.2,92.6,28.985,642
2023-05-02T00:00:00.000Z,18,131.6,45.4,24.9,105.5,39.832,646
2023-05-03T00:00:00.000Z,24.2,80.8,38.29,33.4,43.2,8.952,631
2023-05-04T00:00:00.000Z,16.8,44.9,30.7,23.9,36.54,7.138,617
2023-05-05T00:00:00.000Z,19.1,42.8,31.2,27.35,35.7,5.854,601
2023-05-06T00:00:00.000Z,26.4,48.6,35,30.2,43,6.849,620
2023-05-07T00:00:00.000Z,14.6,39.2,30.45,19.39,36.5,8.274,626
2023-05-08T00:00:00.000Z,15.2,50,36.7,30.35,43.25,8.768,605
2023-05-09T00:00:00.000Z,21.8,50.1,33.6,30.6,46,8.103,606
2023-05-10T00:00:00.000Z,30.6,78.4,49.8,45.4,58.6,10.713,625
2023-05-11T00:00:00.000Z,14.8,50.6,37.7,32.29,40.7,8.916,637
2023-05-12T00:00:00.000Z,7.8,115.1,52,30.4,82.65,33.546,621
2023-05-13T00:00:00.000Z,10.4,47,30.6,21.2,41.5,10.662,631
2023-05-14T00:00:00.000Z,17.3,61.9,42.3,34.1,52,11.449,624
2023-05-15T00:00:00.000Z,15.7,43,28,22.7,30.6,5.182,632
2023-05-16T00:00:00.000Z,16.4,40.9,29.2,22.7,33.79,6.201,625
2023-05-17T00:00:00.000Z,14.7,57.1,27.1,23.1,43.9,11.916,619
2023-05-18T00:00:00.000Z,26.1,87.3,59.65,37.7,73.59,19.314,614
2023-05-19T00:00:00.000Z,8.7,119.3,50.6,20.35,93.9,37.377,641
2023-05-20T00:00:00.000Z,28.3,292.7,56.35,39.29,164.8,81.88,614
2023-05-21T00:00:00.000Z,13.4,41.1,23.2,17.45,34.54,9.155,617
2023-05-22T00:00:00.000Z,12,36.1,23,17.9,28.05,6.198,604
2023-05-23T00:00:00.000Z,6.2,150.4,13.2,10,26.3,22.206,626
2023-05-24T00:00:00.000Z,6,1121.8,21.2,15.5,33.6,116.297,603
2023-05-25T00:00:00.000Z,11.1,29.1,21.8,17.8,26.4,4.94,619
2023-05-26T00:00:00.000Z,5,42,10.4,8.3,18.1,9.994,604
2023-05-27T00:00:00.000Z,18.5,57.6,32.5,23.1,47.7,12.68,635
2023-05-28T00:00:00.000Z,43.6,173.5,85.2,55.5,140.5,44.57,639
2023-05-29T00:00:00.000Z,33.9,174.5,104.1,51,125.2,38.037,647
2023-05-30T00:00:00.000Z,30.9,249.1,71.09,41,150,69.456,603
2023-05-31T00:00:00.000Z,19.5,161.1,38,32.6,43.3,20.127,642
2023-06-01T00:00:00.000Z,29.1,230.3,51.1,36.2,99.7,60.691,622
2023-06-02T00:00:00.000Z,14.3,30.7,19.2,16.2,22.6,3.98,639
2023-06-03T00:00:00.000Z,1.4,29.2,8.85,4.4,15.1,7.727,614
2023-06-04T00:00:00.000Z,18.9,94.2,60.8,48.1,76.8,19.566,605
2023-06-05T00:00:00.000Z,30.5,115.4,64.3,40.65,85.65,27.589,429
2023-06-06T00:00:00.000Z,14.1,73,29.3,20.2,42.7,11.912,602
2023-06-07T00:00:00.000Z,24.3,97.9,40.29,29.5,53.1,21.37,277
2023-06-08T00:00:00.000Z,5.3,43.6,13.4,8.69,33.1,12.349,607
2023-06-09T00:00:00.000Z,9.1,50,30.55,16.14,42,13.491,568
2023-06-10T00:00:00.000Z,15.8,44.9,29,20,38.9,9.57,631
2023-06-11T00:00:00.000Z,15.5,43.5,24.45,19,36.79,9.28,620
2023-06-12T00:00:00.000Z,15.6,48.9,23.1,18.9,32.3,8.571,621
2023-06-13T00:00:00.000Z,21.4,136.3,51.3,35.8,100.7,36.534,623
2023-06-14T00:00:00.000Z,21.5,280.4,157,35.1,231.7,92.554,623
2023-06-15T00:00:00.000Z,33,172.8,50,40.4,93.9,42.67,618
2023-06-16T00:00:00.000Z,10,116.5,27.25,18.5,38.2,15.745,610
2023-06-17T00:00:00.000Z,41,292.8,60.5,49.3,190.2,87.68,638
2023-06-18T00:00:00.000Z,51.9,167.5,117.1,78.7,148.8,36.714,622
2023-06-19T00:00:00.000Z,69.1,152.4,96.6,80.8,107.7,20.824,634
2023-06-20T00:00:00.000Z,45.6,292.9,137.8,71.1,231.8,83.788,639
2023-06-21T00:00:00.000Z,26.7,58.3,45.45,29.5,55.9,12.141,630
2023-06-22T00:00:00.000Z,3.7,30.4,13.65,8.4,20.3,7.146,614
2023-06-23T00:00:00.000Z,8.6,23.6,17.5,12.2,19.2,4.067,587
2023-06-24T00:00:00.000Z,4.4,32.9,10.8,6.8,14.8,6.711,607
2023-06-25T00:00:00.000Z,4.5,39.9,11.45,6.8,33.04,12.8,624
2023-06-26T00:00:00.000Z,4.5,23.5,12.3,8.6,14.8,4.344,641
2023-06-27T00:00:00.000Z,6,72.4,18.4,12.9,23.25,14.473,597
2023-06-28T00:00:00.000Z,23.9,98.4,44.9,31.7,61.5,21.482,607
2023-06-29T00:00:00.000Z,23.9,55.6,43.3,36.3,48.1,8.131,587
2023-06-30T00:00:00.000Z,31.4,113,51.6,45.8,84.3,24.233,623
2023-07-01T00:00:00.000Z,27.7,81.1,45.6,38.7,64.4,16.338,579
2023-07-02T00:00:00.000Z,7.4,28.9,15.9,11.1,19.2,5.237,611
2023-07-03T00:00:00.000Z,6.9,21.5,14,12.4,17.7,3.519,634
2023-07-04T00:00:00.000Z,2.7,22.2,15.35,9.4,17.2,5.014,594
2023-07-05T00:00:00.000Z,22.7,49,33.4,29.6,43.3,7.597,585
2023-07-06T00:00:00.000Z,14.5,48.9,36.6,30.05,38,8.188,604
2023-07-07T00:00:00.000Z,24,82.8,49.3,33.95,73.3,18.753,609
2023-07-08T00:00:00.000Z,6.2,30.1,10.4,8.6,17.7,6.662,593
2023-07-09T00:00:00.000Z,23.9,67.7,48.3,39.04,59.35,11.609,597
2023-07-10T00:00:00.000Z,11.9,432.4,51.3,35.4,119.45,64.438,608
2023-07-11T00:00:00.000Z,43.9,194.5,87.9,55.4,129.65,46.086,641
2023-07-12T00:00:00.000Z,19.7,62.1,38.3,32.7,42.7,7.142,595
2023-07-13T00:00:00.000Z,31.9,125.9,82.7,51.5,104.5,29.162,642
2023-07-14T00:00:00.000Z,20.1,151.6,66.3,35.9,117.2,44.061,627
2023-07-15T00:00:00.000Z,24,114.4,80.8,53.4,100.6,25.747,611
2023-07-16T00:00:00.000Z,12.7,52.6,25.6,15.1,43.75,14.643,617
2023-07-17T00:00:00.000Z,29,149.6,98,48.8,127.2,38.759,615
2023-07-18T00:00:00.000Z,43.4,142.6,65.6,51.55,108.4,32.707,604
2023-07-19T00:00:00.000Z,32.8,59.4,43.5,41.3,46.5,4.615,625
2023-07-20T00:00:00.000Z,23.5,44.3,36.4,31.9,38.9,4.462,621
2023-07-21T00:00:00.000Z,8.4,42.6,22.9,14.5,30.3,8.992,631
2023-07-22T00:00:00.000Z,16,30.8,24.6,20,28.4,4.347,665
2023-07-23T00:00:00.000Z,17.6,34.6,30.3,26.6,32.2,3.904,629
2023-07-24T00:00:00.000Z,21.9,48.7,36.8,31.3,41.1,5.467,611
2023-07-25T00:00:00.000Z,12,41,28.6,21.5,30.8,7.65,599
2023-07-26T00:00:00.000Z,27.3,108.4,49.6,34.29,58.2,16.317,587
2023-07-27T00:00:00.000Z,29.4,94,65.9,44.2,82.35,20.127,597
2023-07-28T00:00:00.000Z,27.4,217.3,113.4,50.15,177.3,64.003,628
2023-07-29T00:00:00.000Z,27.3,81.5,46.2,36.5,65.8,16.614,637
2023-07-30T00:00:00.000Z,25.2,36,29.2,27.9,32.6,2.726,603
2023-07-31T00:00:00.000Z,17.6,52,38.95,27.85,47.85,11.034,584
2023-08-01T00:00:00.000Z,13.9,43.7,18.6,17.5,30,7.547,619
2023-08-02T00:00:00.000Z,10.7,43.8,19.6,16,26.4,8.214,621
2023-08-03T00:00:00.000Z,18,48.5,30.8,27.7,37.29,7.619,586
2023-08-04T00:00:00.000Z,19.3,55.9,36.79,30.3,45.2,9.187,598
2023-08-05T00:00:00.000Z,29.5,110.8,53.4,45.6,77.09,22.266,578
2023-08-06T00:00:00.000Z,42.9,115.6,75.59,54,92.8,22.037,591
2023-08-07T00:00:00.000Z,38.8,277.4,131.25,52.5,223.1,86.335,620
2023-08-08T00:00:00.000Z,38.8,226.3,77.9,47.6,135.7,59.956,627
2023-08-09T00:00:00.000Z,35.2,54.4,45.3,41.8,50.1,4.844,589
2023-08-10T00:00:00.000Z,10.9,36.9,28.15,20.3,32.2,7.347,624
2023-08-11T00:00:00.000Z,16.2,75.5,40.79,28.3,44.6,12.166,591
2023-08-12T00:00:00.000Z,28.4,56.9,43.3,35.2,49.9,7.747,631
2023-08-13T00:00:00.000Z,35,111.5,67.09,50.2,98.8,24.929,523
2023-08-14T00:00:00.000Z,33.1,63.7,54.8,47.05,58.35,8.791,593
2023-08-15T00:00:00.000Z,34.6,53.9,43,39.7,50.1,5.616,587
2023-08-16T00:00:00.000Z,19.4,42.9,31.5,25.6,37.79,6.872,627
2023-08-17T00:00:00.000Z,8.3,36.2,28.75,21.8,31.7,6.384,596
2023-08-18T00:00:00.000Z,19.2,51.2,41.6,28.3,47.3,10.008,607
2023-08-19T00:00:00.000Z,7.1,31.2,13.4,9.69,22.1,7.696,587
2023-08-20T00:00:00.000Z,10.6,29.4,20.9,15.8,26.3,5.621,638
2023-08-21T00:00:00.000Z,5.6,28.3,10.1,8.6,17.1,5.691,548
2023-08-22T00:00:00.000Z,5.3,48.2,30.1,18.25,36.85,12.351,553
2023-08-23T00:00:00.000Z,21.2,40.9,29.65,25.6,35.9,5.58,594
2023-08-24T00:00:00.000Z,14,78.4,40.7,29.05,45.7,14.32,612
2023-08-25T00:00:00.000Z,11.8,93,40,26.15,53.4,21.237,609
2023-08-26T00:00:00.000Z,20.3,158.3,72.95,44.4,126.6,43.937,602
2023-08-27T00:00:00.000Z,33.2,139.4,64.59,43.6,104.4,34.857,607
2023-08-28T00:00:00.000Z,22.1,52.8,31.9,28,43.9,8.803,612
2023-08-29T00:00:00.000Z,19.6,48.2,40.29,31.6,43.5,7.618,607
2023-08-30T00:00:00.000Z,12.7,44.4,27.5,19.75,33.6,8.13,621
2023-08-31T00:00:00.000Z,35.3,113.9,70.09,50.15,108.45,27.142,621
2023-09-01T00:00:00.000Z,18,47.3,33.45,23.1,38.2,8.801,586
2023-09-02T00:00:00.000Z,34.2,66.8,41.1,37,52.6,10.025,624
2023-09-03T00:00:00.000Z,24.6,49.7,39.6,32.35,43.5,7.121,597
2023-09-04T00:00:00.000Z,31.8,71.4,39.4,35.3,47,8.736,623
2023-09-05T00:00:00.000Z,13.2,49.6,32,27.3,35.9,7.426,615
2023-09-06T00:00:00.000Z,10.5,116.1,19.3,12.2,34.7,19.035,623
2023-09-07T00:00:00.000Z,6.3,31.9,19.9,12.9,22.2,5.942,654
2023-09-08T00:00:00.000Z,25.9,48.4,33.5,30.1,42.4,6.664,622
2023-09-09T00:00:00.000Z,11.7,43.8,19.5,15,36.4,11.065,591
2023-09-10T00:00:00.000Z,10.3,24.6,17,12.8,20.5,4.083,611
2023-09-11T00:00:00.000Z,13.6,36.7,24.2,19.8,29.6,6.449,619
2023-09-12T00:00:00.000Z,7.8,102.1,42.7,16.35,80.09,31.882,552
2023-09-13T00:00:00.000Z,11.8,83.5,35.04,19.89,52.95,21.178,624
2023-09-14T00:00:00.000Z,3.7,29.6,14.7,6.9,19.7,6.622,607
2023-09-15T00:00:00.000Z,6,71.6,17.3,11.9,23.85,18.188,637
2023-09-16T00:00:00.000Z,10,48.4,13.1,11.7,23.8,10.652,612
2023-09-17T00:00:00.000Z,11.2,45.9,37.4,23.4,44,10.879,615
2023-09-18T00:00:00.000Z,13.8,51.5,32.29,19.3,46.6,13.214,610
2023-09-19T00:00:00.000Z,12.1,33.8,18.55,14.3,26.7,6.853,622
2023-09-20T00:00:00.000Z,13,34.6,20.8,18.2,24.5,4.908,434
2023-09-21T00:00:00.000Z,12.2,90.4,30,22.15,36.4,10.174,592
2023-09-22T00:00:00.000Z,9.3,35.6,14.6,12.6,22.4,6.929,610
2023-09-23T00:00:00.000Z,7.6,17,12.8,10.9,14.6,2.434,606
2023-09-24T00:00:00.000Z,7.5,19.3,11.2,10.6,11.8,1.415,593
2023-09-25T00:00:00.000Z,10.1,63.5,16.2,12.7,31.7,13.866,614
2023-09-26T00:00:00.000Z,7.2,34,19.39,16,26.3,7.3,580
2023-09-27T00:00:00.000Z,5.3,53.8,25.2,13.6,33.35,14.309,645
2023-09-28T00:00:00.000Z,7.7,27.7,13.85,10.4,17.8,4.62,620
2023-09-29T00:00:00.000Z,3.3,47,24.3,9.69,34.4,13.039,606
2023-09-30T00:00:00.000Z,3.5,70.3,50,39.85,57.9,16.085,601
2023-10-01T00:00:00.000Z,11,35.6,19.1,13.7,26.6,6.873,641
2023-10-02T00:00:00.000Z,12.8,35.7,27.5,21.45,31.5,6.777,621
2023-10-03T00:00:00.000Z,5.2,30.7,12.75,9,15.2,5.11,628
2023-10-04T00:00:00.000Z,4.2,35.5,19.89,9.19,28.4,9.91,568
2023-10-05T00:00:00.000Z,2.1,44.9,12.9,5.3,31.9,12.445,623
2023-10-06T00:00:00.000Z,7.8,40.3,23.8,15.4,30.15,9.346,621
2023-10-07T00:00:00.000Z,8.7,27.7,17.2,12.2,21.5,5.426,643
2023-10-08T00:00:00.000Z,8.1,81.9,36.4,13.4,54.25,22.587,629
2023-10-09T00:00:00.000Z,8.1,40.2,20.1,11.8,30.7,9.635,627
2023-10-10T00:00:00.000Z,9,16,12,10.9,13.6,1.568,605
2023-10-11T00:00:00.000Z,5.5,33.8,17.7,11.7,19.5,5.656,612
2023-10-12T00:00:00.000Z,5.7,52.3,21,16.8,31.8,10.509,629
2023-10-13T00:00:00.000Z,8.3,30.6,20.1,14.45,24.15,5.715,632
2023-10-14T00:00:00.000Z,8,20.9,14.85,10.85,17.64,3.559,604
2023-10-15T00:00:00.000Z,4.8,14.3,8.35,6.15,11,2.649,596
2023-10-16T00:00:00.000Z,4.9,35.6,14.55,8.8,26.8,9.952,618
2023-10-17T00:00:00.000Z,4.7,24.1,14.4,8.2,18.1,5.339,626
2023-10-18T00:00:00.000Z,4.3,69.6,19.89,13.3,41.6,18.779,623
2023-10-19T00:00:00.000Z,13.9,23.1,18.39,16.5,19.2,1.926,616
2023-10-20T00:00:00.000Z,7.8,34.8,15.4,12,22,5.946,631
2023-10-21T00:00:00.000Z,7,12.6,9.8,8.9,10.7,1.145,616
2023-10-22T00:00:00.000Z,4.9,12.6,9.19,7.1,10.7,2.055,627
2023-10-23T00:00:00.000Z,4,15,6.6,5.9,8.8,2.556,589
2023-10-24T00:00:00.000Z,5.2,33.7,10.7,7.4,15.2,7.088,635
2023-10-25T00:00:00.000Z,7.7,30.8,13.7,11.9,21.8,6.468,639
2023-10-26T00:00:00.000Z,7.6,59.3,19.3,14.6,25.4,8.1,602
2023-10-27T00:00:00.000Z,10,27.5,17.05,12.35,21.9,5.242,624
2023-10-28T00:00:00.000Z,3.6,12,5.09,4.4,7.8,2.227,591
2023-10-29T00:00:00.000Z,4.2,9.7,6.7,5.6,7.5,1.209,616
2023-10-30T00:00:00.000Z,5.2,54,23.5,8.25,45.3,18.357,628
2023-10-31T00:00:00.000Z,5.4,37.7,16.5,8.6,25.95,9.704,628
2023-11-01T00:00:00.000Z,8,17,11.6,9.8,13.9,2.316,622
2023-11-02T00:00:00.000Z,3.2,39.5,16.45,9,32.65,12.106,592
2023-11-03T00:00:00.000Z,4.3,48.4,16.5,7.6,35.5,14.377,595
2023-11-04T00:00:00.000Z,4.8,14.6,9.69,7.5,11.6,2.36,603
2023-11-05T00:00:00.000Z,4.6,15.6,8.1,6.1,9.9,2.588,609
2023-11-06T00:00:00.000Z,10.4,30.3,18.8,15.1,22.9,4.893,614
2023-11-07T00:00:00.000Z,3.3,54.5,11.7,8.5,13.5,8.86,622
2023-11-08T00:00:00.000Z,3.7,23.5,6.9,5.7,9.4,3.699,598
2023-11-09T00:00:00.000Z,3.7,29.4,8.3,6,12.7,6.237,577
2023-11-10T00:00:00.000Z,4,26.5,7.6,6.4,12.6,4.491,599
2023-11-11T00:00:00.000Z,3.9,15.5,7.1,5.9,9.6,2.956,591
2023-11-12T00:00:00.000Z,4.9,45.2,12.9,6.65,28.8,12.72,376
2023-11-13T00:00:00.000Z,2.4,28.7,10.1,5.55,12.4,5.633,568
2023-11-14T00:00:00.000Z,2.8,42.1,11.6,7.7,28.7,11.49,603
2023-11-15T00:00:00.000Z,5.4,44.6,9.5,7.2,13.9,8.361,519