# Sensor FAV - Mulchen - Escuela La Granja, Mulchén, Chile (Purple Air/83849)
# https://aqicn.org/station/@211981/
# Daily pm25
date,min,max,median,q1,q3,stdev,count
2021-09-07T00:00:00.000Z,0,279.8,21.1,3.35,65.3,69.057,313
2021-09-08T00:00:00.000Z,15.8,398.3,76.15,34.75,166.45,82.985,588
2021-09-09T00:00:00.000Z,30.6,217.1,66.2,50.5,94.5,38.959,407
2021-09-19T00:00:00.000Z,11.6,197.8,26.1,20.3,32.95,25.352,172
2021-09-20T00:00:00.000Z,10.4,321.7,45.6,31.5,100.7,51.862,614
2021-09-21T00:00:00.000Z,4.8,343.8,41,14.1,66.6,51.423,622
2021-09-22T00:00:00.000Z,6.5,107.8,15.2,14,16.6,11.661,488
2021-09-28T00:00:00.000Z,2.2,233.5,20.5,10.5,43.6,39.002,295
2021-09-29T00:00:00.000Z,2.4,194.4,45.7,18.1,70.5,38.321,542
2021-09-30T00:00:00.000Z,0.3,191.8,6.9,4.3,14.45,21.01,577
2021-10-01T00:00:00.000Z,0.4,313.9,14,5.6,53,46.906,593
2021-10-02T00:00:00.000Z,0,164,21.1,5.7,34.7,24.141,557
2021-10-03T00:00:00.000Z,7,172.5,31,21.1,51,29.606,607
2021-10-04T00:00:00.000Z,12.3,210.4,42.6,26.1,74.3,34.897,479
2021-10-05T00:00:00.000Z,6.7,116.8,28.1,20.1,37.6,16.746,230
2021-10-06T00:00:00.000Z,5.4,270.7,57.15,22.5,82.9,45.024,546
2021-10-07T00:00:00.000Z,1.8,296.9,53.7,15.35,82.45,52.451,589
2021-10-08T00:00:00.000Z,4.5,206.6,27.05,14.65,60.45,44.561,580
2021-10-09T00:00:00.000Z,9.4,103.1,28.8,20.3,36.6,14.197,601
2021-10-10T00:00:00.000Z,10.5,151.6,29.2,21.5,41.25,16.207,469
2021-10-11T00:00:00.000Z,11.2,117.2,26.7,16.3,38,20.895,603
2021-10-12T00:00:00.000Z,13.8,106.8,33,19.64,57.55,24.523,588
2021-10-13T00:00:00.000Z,4.2,149.3,24.2,14.3,39.1,20.063,598
2021-10-14T00:00:00.000Z,0,137.8,4.6,1.6,15.6,15.211,566
2021-10-15T00:00:00.000Z,0.7,250.3,44.2,18.7,76.7,56.547,619
2021-10-16T00:00:00.000Z,6.1,103.4,39,21.5,53.95,21.023,604
2021-10-17T00:00:00.000Z,4.3,155,17,11.3,41.1,25.703,596
2021-10-18T00:00:00.000Z,5.1,98.4,25.1,13.5,39.79,17.009,609
2021-10-19T00:00:00.000Z,10,294.5,40.79,31.9,49.8,31.345,434
2021-10-20T00:00:00.000Z,12.5,35.4,15.5,14.6,16.55,5.009,109
2021-10-21T00:00:00.000Z,7.7,71.1,28.6,22.25,34.79,10.243,597
2021-10-22T00:00:00.000Z,7.7,124.4,35.79,22.7,50.45,23.235,613
2021-10-23T00:00:00.000Z,0.5,79.8,8.3,3.1,35.5,17.811,610
2021-10-24T00:00:00.000Z,0.3,98.4,21.15,5.6,49.7,24.429,608
2021-10-25T00:00:00.000Z,1.4,82,13.45,7.4,27,12.246,618
2021-10-26T00:00:00.000Z,3.6,95.3,17.39,12.8,27.6,15.868,610
2021-10-27T00:00:00.000Z,2.7,61.6,21.7,13.4,30.9,11.095,601
2021-10-28T00:00:00.000Z,4.5,98.3,22,15.9,27.4,15.516,625
2021-10-29T00:00:00.000Z,5,147.9,30.1,20.9,36.8,12.79,598
2021-10-30T00:00:00.000Z,4.3,63.1,15.4,9.8,30,12.651,613
2021-10-31T00:00:00.000Z,0.5,92.7,23.6,5.7,41.1,20.024,610
2021-11-01T00:00:00.000Z,5.6,115.6,14.2,8.8,18.89,10.123,583
2021-11-02T00:00:00.000Z,2.6,65.6,11.9,6.7,19,9.276,603
2021-11-03T00:00:00.000Z,0.2,82.1,15.2,7.55,23.85,12.311,593
2021-11-04T00:00:00.000Z,1.6,124.4,16.6,8.15,32.29,21.404,601
2021-11-05T00:00:00.000Z,3.7,77.1,15,9.6,29.15,13.577,601
2021-11-06T00:00:00.000Z,4.6,140.4,15.8,8.35,43.2,27.994,589
2022-02-01T00:00:00.000Z,0.6,79.4,4.2,2.4,8.19,9.154,395
2022-02-02T00:00:00.000Z,0.9,65.4,5.6,3.2,8.85,6.928,581
2022-02-03T00:00:00.000Z,1.8,48.1,7.35,5,10.8,4.979,604
2022-02-04T00:00:00.000Z,0.5,58.2,6.3,3.9,9.75,8.228,624
2022-02-05T00:00:00.000Z,1.3,85.3,6.9,4,10.4,6.888,607
2022-02-06T00:00:00.000Z,2.3,70.5,9.69,5.1,17,15.087,600
2022-02-07T00:00:00.000Z,1.2,36,7.1,4.4,16.5,8.093,590
2022-02-08T00:00:00.000Z,1.1,51.2,4.4,3.2,9.6,9.653,583
2022-02-09T00:00:00.000Z,1.4,80.5,6.3,4.4,9.9,11.762,585
2022-02-10T00:00:00.000Z,0.8,48.5,9.6,5.7,16.1,12.019,602
2022-02-11T00:00:00.000Z,1.1,87.2,6.4,4.2,11.1,16.37,602
2022-02-12T00:00:00.000Z,0.4,270.7,39.04,17.55,146.35,80.003,608
2022-02-13T00:00:00.000Z,25.7,459.8,67.4,47.4,140.1,102.833,595
2022-02-14T00:00:00.000Z,23.2,144.2,46,31.2,57.3,27.363,594
2022-02-15T00:00:00.000Z,7.2,144,35.79,31.95,42.05,19.785,612
2022-02-16T00:00:00.000Z,1.2,81.2,11.7,7.7,33.79,18.586,611
2022-02-17T00:00:00.000Z,0.2,48.8,11.6,4.4,28.5,14.789,593
2022-02-18T00:00:00.000Z,0.7,93.7,14.25,7.7,27.05,21.031,592
2022-02-19T00:00:00.000Z,1.9,79.1,15.75,7.65,34.9,16.288,600
2022-02-20T00:00:00.000Z,0.9,49.8,7.8,3.75,11.7,6.641,592
2022-02-21T00:00:00.000Z,0.1,126.4,32.4,10,51,27.064,607
2022-02-22T00:00:00.000Z,0,319.5,64.15,33.95,123.9,74.222,548
2022-02-23T00:00:00.000Z,3.4,176,48.45,36.9,89.8,37.149,598
2022-02-24T00:00:00.000Z,3,77.9,13.9,9.8,20.1,11.569,594
2022-02-25T00:00:00.000Z,2.7,116.3,24.2,10.5,43.9,20.258,598
2022-02-26T00:00:00.000Z,0.9,51.1,7,4.5,9.3,5.605,597
2022-02-27T00:00:00.000Z,0.6,173.4,5.6,3.7,11.2,16.64,585
2022-02-28T00:00:00.000Z,0.4,70,11.8,6.1,19.4,14.263,595
2022-03-01T00:00:00.000Z,7.9,47.3,16.5,11,24.8,10.122,323
2022-07-08T00:00:00.000Z,15.3,471.3,73.65,51.5,131.55,78.265,600
2022-07-09T00:00:00.000Z,2.9,219.6,34.79,16.1,53.35,42.794,368
2022-07-10T00:00:00.000Z,28.4,638.8,97.4,62.4,166.2,125.382,454
2022-07-11T00:00:00.000Z,13.6,416,124.5,58.8,191.3,85.115,366
2022-07-12T00:00:00.000Z,7.4,271.6,52.1,32.3,103.45,53.946,285
2022-07-13T00:00:00.000Z,33.9,400,127.4,92.8,169.5,60.612,163
2022-07-14T00:00:00.000Z,13.9,290.2,46.65,33.5,64.3,38.281,334
2022-07-15T00:00:00.000Z,28.1,727.7,100.5,70.1,322.8,185.452,313
2022-07-16T00:00:00.000Z,30.9,438.7,104,54.2,153.1,67.264,422
2022-07-17T00:00:00.000Z,21.8,294.6,53.2,40.5,95.4,60.823,70
2022-07-18T00:00:00.000Z,33.4,814.2,62.8,49.4,311.3,229.742,151
2022-07-19T00:00:00.000Z,30.4,814.4,167.7,72.7,373.1,206.518,368
2022-07-20T00:00:00.000Z,33,546.3,96.5,65.5,174.3,88.837,663
2022-07-21T00:00:00.000Z,30,307.4,111.6,66.09,163.75,58.069,613
2022-07-22T00:00:00.000Z,5.9,535,79.15,43.8,136.3,84.569,622
2022-07-23T00:00:00.000Z,8.2,393.8,82.2,45.25,128.44,60.545,669
2022-07-24T00:00:00.000Z,8.1,548.6,120.55,76.8,211.9,111.915,370
2022-07-25T00:00:00.000Z,25.8,457.5,100.1,64.55,200.55,101.235,493
2022-07-26T00:00:00.000Z,14.6,268.3,67.65,52.5,93.2,40.883,312
2022-07-27T00:00:00.000Z,11,499.9,82.9,48.2,153.8,80.038,574
2022-07-28T00:00:00.000Z,10.8,504.8,73.95,40.6,147.5,86.337,574
2022-07-29T00:00:00.000Z,16.7,290.9,41.55,35.6,55.3,41.341,638
2022-07-30T00:00:00.000Z,22.6,505.6,55.8,42.6,169.3,102.113,617
2022-07-31T00:00:00.000Z,49.5,565.7,127.8,89.45,201.8,95.044,648
2022-08-01T00:00:00.000Z,24.4,559.8,75.5,52.7,148.35,93.747,601
2022-08-02T00:00:00.000Z,27.6,739,151.1,72.95,228.8,142.109,581
2022-08-03T00:00:00.000Z,14.4,728.2,70.3,42.45,201.4,131.971,665
2022-08-04T00:00:00.000Z,37.7,662.9,88,61.3,138.8,99.533,651
2022-08-05T00:00:00.000Z,15.6,456,98.4,50.8,172.5,90.704,652
2022-08-06T00:00:00.000Z,4,386,63.65,43.2,97.25,55.293,676
2022-08-07T00:00:00.000Z,5.4,282.7,48.35,33,101.2,56.427,686
2022-08-08T00:00:00.000Z,10.3,477.5,60.8,40.3,108.05,80.855,644
2022-08-09T00:00:00.000Z,10.9,709.1,82.95,38.3,278.25,169.359,612
2022-08-10T00:00:00.000Z,19.1,786.8,117.6,56.6,264.2,180.932,527
2022-08-11T00:00:00.000Z,29.7,601.3,105.5,56.5,206.1,111.983,631
2022-08-12T00:00:00.000Z,23.7,759.9,74.2,44.3,122,135.639,659
2022-08-13T00:00:00.000Z,6.5,184.2,56.4,30,85.2,36.283,691
2022-08-14T00:00:00.000Z,8.3,379.6,57.6,40.9,117.6,74.384,691
2022-08-15T00:00:00.000Z,13.7,523.5,81,51.1,128.4,98.405,663
2022-08-16T00:00:00.000Z,0.6,224.5,37.45,18.2,100.15,52.9,480
2022-08-17T00:00:00.000Z,33.3,802.5,96.5,63.3,189.7,208.706,187
2022-08-18T00:00:00.000Z,13.3,705.3,67.7,38.8,187.2,138.436,656
2022-08-19T00:00:00.000Z,13.6,209.8,41.4,32.6,59.6,30.942,673
2022-08-20T00:00:00.000Z,8,509.9,39.2,29.5,79.55,97.931,641
2022-08-21T00:00:00.000Z,8.7,226.5,39.4,28.9,47.7,23.645,633
2022-08-22T00:00:00.000Z,10.3,714.1,84.5,53,181.8,132.239,641
2022-08-23T00:00:00.000Z,40.6,407.4,92.2,63.2,122.2,54.618,601
2022-08-24T00:00:00.000Z,15.2,371.6,56,40.7,100.1,57.369,662
2022-08-25T00:00:00.000Z,17.7,365.3,48.7,36.04,93.7,57.891,656
2022-08-26T00:00:00.000Z,24.6,376.4,65.5,47.5,109.4,46.35,667
2022-08-27T00:00:00.000Z,10.7,518.1,54.25,32.1,127.7,96.539,686
2022-08-28T00:00:00.000Z,11.8,737.1,47.45,35.4,67.65,102.833,680
2022-08-29T00:00:00.000Z,11.4,897.5,88.2,47.15,213.2,186.594,629
2022-08-30T00:00:00.000Z,35.5,695.6,95,51.85,174.05,140.202,637
2022-08-31T00:00:00.000Z,20.7,390.9,61.8,48.1,129.9,73.081,661
2022-09-01T00:00:00.000Z,10.7,391.3,44.5,29.9,91,64.907,672
2022-09-02T00:00:00.000Z,14.9,314.3,36.3,28.2,47,43.882,667
2022-09-03T00:00:00.000Z,11.2,92.7,31,21.3,41.9,13.424,300
2022-09-06T00:00:00.000Z,8.1,256.3,49.05,36.5,60.8,43.756,282
2022-09-07T00:00:00.000Z,4.5,264,41.65,26.55,72.15,41.861,664
2022-09-08T00:00:00.000Z,4.7,316.2,52.5,32.79,80.45,37.463,637
2022-09-09T00:00:00.000Z,8.5,820.2,100.1,51.2,158.19,121.198,423
2022-09-12T00:00:00.000Z,14,570,34.25,27.2,82.4,111.603,224
2022-09-13T00:00:00.000Z,21.1,454.1,50.7,37.79,106.1,79.536,629
2022-09-14T00:00:00.000Z,33.4,435.5,69.25,46.25,128.4,71.789,328
2022-09-26T00:00:00.000Z,13.3,259.6,54.35,42.6,70,28.528,330
2022-09-27T00:00:00.000Z,7,309.2,22.9,15.3,35.95,49.897,545
2022-09-28T00:00:00.000Z,2.3,194.8,40.4,16.5,72.7,42.947,582
2022-09-29T00:00:00.000Z,5.7,242.7,35.9,22.15,50.6,32.091,621
2022-09-30T00:00:00.000Z,9.8,196.5,31.6,23.1,40.7,20.289,631
2022-10-01T00:00:00.000Z,9,229.2,23.05,16.6,46.4,46.167,512
2022-10-02T00:00:00.000Z,14.4,95,35.4,28,43.6,13.977,521
2022-10-03T00:00:00.000Z,18.3,203.1,44.5,32.6,59.5,28.286,667
2022-10-04T00:00:00.000Z,20.9,450.9,51.7,41.1,81.4,55.551,671
2022-10-05T00:00:00.000Z,5.7,352.5,47,29.9,76.75,49.823,681
2022-10-06T00:00:00.000Z,5.5,261.2,49.15,25.6,73.2,42.215,662
2022-10-07T00:00:00.000Z,9.1,349.8,51.55,38.3,79.4,51.45,686
2022-10-08T00:00:00.000Z,8.9,350,28.65,20.8,54.3,50.342,668
2022-10-09T00:00:00.000Z,5.7,197.6,17.39,12.1,28.1,15.349,662
2022-10-10T00:00:00.000Z,4,261.4,18.2,12.05,26,31.508,665
2022-10-11T00:00:00.000Z,7.2,273.5,27.3,20.3,38.65,27.142,637
2022-10-12T00:00:00.000Z,3.6,257.9,24.6,15.4,43.8,28.912,667
2022-10-13T00:00:00.000Z,4.9,64.2,19.7,13.05,33.5,12.156,641
2022-10-14T00:00:00.000Z,4.8,43.7,15.2,10.9,20.5,8.309,650
2022-10-15T00:00:00.000Z,1.9,105.7,11.4,5.6,21.5,13.861,675
2022-10-16T00:00:00.000Z,5.8,78.8,13.4,10.1,19.1,11.371,675
2022-10-17T00:00:00.000Z,0.7,204.1,20.95,13.55,31.6,18.73,652
2022-10-18T00:00:00.000Z,8.9,220.8,37.1,30.1,49.7,19.38,475
2022-10-21T00:00:00.000Z,1.4,73.6,12.9,8.6,21.6,11.807,640
2022-10-22T00:00:00.000Z,3.2,118.5,21.4,8.8,36.2,17.145,683
2022-10-23T00:00:00.000Z,4.4,153.1,22.1,12.4,38.3,18.619,671
2022-10-24T00:00:00.000Z,0.5,227.3,16.89,8.3,32.2,22.238,666
2022-10-25T00:00:00.000Z,4.1,117.2,31.3,16.8,43.5,18.067,671
2022-10-26T00:00:00.000Z,4.1,219,28.45,14.85,43.7,25.26,680
2022-10-27T00:00:00.000Z,1,150.3,16.5,8.19,34.1,24.136,690
2022-10-28T00:00:00.000Z,4.8,177,34.5,16.5,50.1,23.743,689
2022-10-29T00:00:00.000Z,3.9,133.1,43.3,30.2,56.9,21.076,691
2022-10-30T00:00:00.000Z,3.8,535,20.45,11.7,55.5,67.563,670
2022-10-31T00:00:00.000Z,1.5,40.7,6.7,4.4,11.6,8.38,671
2022-11-01T00:00:00.000Z,1.4,139.2,6.3,3.5,16.6,18.454,674
2022-11-02T00:00:00.000Z,2.5,66.5,14.8,9.7,20.05,8.715,656
2022-11-03T00:00:00.000Z,15.2,72.6,23.2,19.7,32.15,7.071,625
2022-11-04T00:00:00.000Z,17.2,94.7,27.1,24.5,31.2,5.259,641
2022-11-05T00:00:00.000Z,10.8,82.5,18.2,15.6,22.5,6.112,651
2022-11-06T00:00:00.000Z,9.6,104.8,16.1,13.7,21.3,8.398,677
2022-11-07T00:00:00.000Z,5.3,37.4,13.6,9.2,21.45,7.931,669
2022-11-08T00:00:00.000Z,6.5,31.9,12.5,9.7,14.3,3.663,660
2022-11-09T00:00:00.000Z,4.7,103.7,13.2,7.8,21.2,13.95,665
2022-11-10T00:00:00.000Z,0.8,186.9,14.6,8.3,25,19.515,659
2022-11-11T00:00:00.000Z,4.5,246,24.1,14.3,37.29,24.922,669
2022-11-12T00:00:00.000Z,0.2,126.9,28.9,16.8,44.2,23.146,686
2022-11-13T00:00:00.000Z,4.7,197.3,26.5,14.1,40.79,33.892,685
2022-11-14T00:00:00.000Z,2.1,115.6,16.3,10.55,31.1,16.742,685
2022-11-15T00:00:00.000Z,2.4,105.4,8.4,4.45,30.15,20.56,652
2022-11-16T00:00:00.000Z,2,64.3,5.2,4.3,7.1,5.069,648
2022-11-17T00:00:00.000Z,1.3,15.6,4.2,3,5.8,2.193,606
2022-11-18T00:00:00.000Z,1.1,20.8,3.6,2.5,4.4,2.27,636
2022-11-19T00:00:00.000Z,0.6,54.2,2.5,1.6,4.3,3.618,613
2022-11-20T00:00:00.000Z,0.3,19,3.2,1.5,5.09,2.707,646
2022-11-21T00:00:00.000Z,0.4,34.4,4.2,2.1,6.8,4.171,642
2022-11-22T00:00:00.000Z,0.2,12.5,2.9,1.6,3.8,1.969,633
2022-11-23T00:00:00.000Z,0,20.2,2,0.9,3.1,2.021,607
2022-11-24T00:00:00.000Z,0.5,17.4,2.4,1.8,3.1,1.574,631
2022-11-25T00:00:00.000Z,1,17.9,3.5,2.9,4.09,1.575,634
2022-11-26T00:00:00.000Z,1.5,37,4.3,3.4,5.3,2.854,643
2022-11-27T00:00:00.000Z,2.3,95,4.6,3.45,7.35,8.212,644
2022-11-28T00:00:00.000Z,1.2,32.3,16.2,12.8,24.1,7.726,657
2022-11-29T00:00:00.000Z,0.9,36.6,4.1,2.8,5.6,4.143,582
2022-11-30T00:00:00.000Z,0.5,29.2,2.7,1.6,3.8,2.34,615
2022-12-01T00:00:00.000Z,0.4,25.2,3.4,2.5,4.4,2.61,597
2022-12-02T00:00:00.000Z,0.4,20.2,2.4,1.8,3.3,1.882,635
2022-12-03T00:00:00.000Z,0.1,20,3.3,1.5,4.8,2.438,622
2022-12-04T00:00:00.000Z,0,13.8,3.7,1.45,4.9,2.076,629
2022-12-05T00:00:00.000Z,0.2,28.9,2.5,1.7,3.55,2.376,637
2022-12-06T00:00:00.000Z,0,24.9,3.7,1.8,5.5,3.189,633
2022-12-07T00:00:00.000Z,0.7,52.3,7.4,5.2,11.7,6.657,639
2022-12-08T00:00:00.000Z,2.5,32.2,6.2,5.1,9,3.89,647
2022-12-09T00:00:00.000Z,0.9,40.2,4.7,2.5,6.8,3.745,602
2022-12-10T00:00:00.000Z,1,26.6,3.8,2.9,5.6,4.04,637
2022-12-11T00:00:00.000Z,0,31.7,2.6,1.5,4,3.312,629
2022-12-12T00:00:00.000Z,0,19.3,7.3,1.8,12,5.327,637
2022-12-13T00:00:00.000Z,0.4,23.8,4.3,2.1,8.5,4.277,637
2022-12-14T00:00:00.000Z,0.6,27,3.3,2.1,8,4.947,637
2022-12-15T00:00:00.000Z,1.2,17.4,4.4,2.7,6.8,2.48,636
2022-12-16T00:00:00.000Z,0.1,13.8,4,2.3,5.7,2.117,631
2022-12-17T00:00:00.000Z,0,17.3,3.3,2.1,4.3,2.714,626
2022-12-18T00:00:00.000Z,0.4,13.6,2.8,1.8,4.05,1.807,625
2022-12-19T00:00:00.000Z,0.6,33.5,5.8,3.85,8.4,4.075,644
2022-12-20T00:00:00.000Z,1,22.6,3.9,3.3,4.8,2.203,617
2022-12-21T00:00:00.000Z,0.8,45.5,6.2,3.7,10.05,5.716,628
2022-12-22T00:00:00.000Z,1.9,35.7,6,4.7,8.69,4.402,639
2022-12-23T00:00:00.000Z,0.3,58.3,3,1.3,4.9,5.988,616
2022-12-24T00:00:00.000Z,0,25.2,1.5,1.1,2.2,2.506,602
2022-12-25T00:00:00.000Z,0,28.7,3.8,0.9,8.1,6.729,523
2022-12-26T00:00:00.000Z,0.6,29.6,12.5,11.2,13.9,3.261,661
2022-12-27T00:00:00.000Z,1,46.1,11.8,4.4,18.6,8.515,645
2022-12-28T00:00:00.000Z,0.8,13.5,3.1,2.29,4,1.446,580
2022-12-29T00:00:00.000Z,0.6,15.3,3.9,2.75,5.5,2.298,625
2022-12-30T00:00:00.000Z,0,8.1,3.8,2.7,4.4,1.458,615
2022-12-31T00:00:00.000Z,3.1,116.4,13.75,6.9,29.8,19.259,650
2023-01-01T00:00:00.000Z,10.3,71,28,21.6,32.1,10.749,663
2023-01-02T00:00:00.000Z,0.6,52.9,2.5,1.6,4.4,6.941,614
2023-01-03T00:00:00.000Z,0.2,18.4,2.9,2,3.8,2.429,625
2023-01-04T00:00:00.000Z,0.8,17,3.1,2.3,5.4,3.566,602
2023-01-05T00:00:00.000Z,2.2,19.7,7.2,4.6,11.9,3.979,623
2023-01-06T00:00:00.000Z,11.1,63.4,16.55,15.1,19.89,4.516,646
2023-01-07T00:00:00.000Z,5.9,29.8,14.2,11.9,16.75,4.643,649
2023-01-08T00:00:00.000Z,2.1,34.3,10.7,7.2,13.9,6.55,663
2023-01-09T00:00:00.000Z,2.2,55.7,9,4.5,13.5,9.176,643
2023-01-10T00:00:00.000Z,0,32.2,1.9,1.4,2.6,5.004,602
2023-01-11T00:00:00.000Z,0,44.2,1.2,0.8,1.9,3.492,583
2023-01-12T00:00:00.000Z,0.2,18.4,2.1,1.2,4.09,2.051,614
2023-01-13T00:00:00.000Z,0.4,42.4,1.6,1.2,2.2,3.114,614
2023-01-14T00:00:00.000Z,1.2,11.3,3.9,2.6,5.8,2.029,641
2023-01-15T00:00:00.000Z,0.4,18.8,2.7,1.7,4.34,2.059,628
2023-01-16T00:00:00.000Z,0.9,64,4.5,3,8.35,13.25,629
2023-01-17T00:00:00.000Z,2.5,19.5,6.6,4.6,8.19,2.28,630
2023-01-18T00:00:00.000Z,5.8,60.1,13.4,10.7,18.89,7.245,625
2023-01-19T00:00:00.000Z,8.3,50.3,22.7,17.6,26.6,8.283,651
2023-01-20T00:00:00.000Z,7.3,45.8,13.6,11.7,15.7,7.852,646
2023-01-21T00:00:00.000Z,0.9,24.7,3.3,2,6.4,3.298,624
2023-01-22T00:00:00.000Z,0.1,16.7,3.5,2.2,5.2,1.967,630
2023-01-23T00:00:00.000Z,0.1,95.6,8.2,5.4,21.2,21.615,641
2023-01-24T00:00:00.000Z,0,41.4,1.8,1.1,2.8,3.52,579
2023-01-25T00:00:00.000Z,0.1,22.2,1.5,1,2.1,1.642,607
2023-01-26T00:00:00.000Z,0,33.9,1.4,1,2.1,2.554,609
2023-01-27T00:00:00.000Z,0.3,18.1,1.7,1.1,2.2,1.654,590
2023-01-28T00:00:00.000Z,1.3,38.8,8.4,4.7,14.1,9.247,644
2023-01-29T00:00:00.000Z,0.4,47.8,9.1,6.1,31.4,15.247,657
2023-01-30T00:00:00.000Z,0.5,10.3,1.8,1.4,2.6,1.239,599
2023-01-31T00:00:00.000Z,1.2,50.3,4.09,2.9,13.05,13.054,616
2023-02-01T00:00:00.000Z,2.5,66.4,7.7,5.09,13.2,14.393,640
2023-02-02T00:00:00.000Z,2.6,89.3,8.6,5.9,13.65,11.686,621
2023-02-03T00:00:00.000Z,0,288.4,16.05,9.4,28.8,31.134,662
2023-02-04T00:00:00.000Z,39.3,1135.3,389.5,148.3,616.7,310.518,674
2023-02-05T00:00:00.000Z,47.7,581.6,246.9,172.25,297.35,128.455,684
2023-02-06T00:00:00.000Z,9,328.8,59.85,42.1,168.6,76.875,550
2023-03-16T00:00:00.000Z,0.7,19.5,3.75,2.7,5.4,3.025,218
2023-03-17T00:00:00.000Z,1.6,29.9,7.3,5.3,10.4,5.153,651
2023-03-18T00:00:00.000Z,1.9,43.3,16.1,9.9,19.89,6.87,653
2023-03-19T00:00:00.000Z,2.8,45.4,6.5,5.4,8.05,6.396,624
2023-03-20T00:00:00.000Z,4.3,85.6,9.85,6.5,14.65,13.508,632
2023-03-21T00:00:00.000Z,3.8,259.7,32.9,17,44.6,31.276,627
2023-03-22T00:00:00.000Z,8.3,255.5,26.1,21.1,48.2,47.183,687
2023-03-23T00:00:00.000Z,17.8,212.1,30.1,22.6,44,39.849,671
2023-03-24T00:00:00.000Z,2,116.6,32.9,15.15,64.34,28.632,656
2023-03-25T00:00:00.000Z,6.7,78.7,21.95,13.35,41.8,18.511,664
2023-03-26T00:00:00.000Z,4.9,104.9,17.2,13.2,31.6,14.082,663
2023-03-27T00:00:00.000Z,8.6,95.8,35.9,17.1,48.7,20.612,666
2023-03-28T00:00:00.000Z,4.5,122.3,18.5,7.9,32.4,15.508,675
2023-03-29T00:00:00.000Z,1.5,156.1,14.15,7.4,33.29,25.298,658
2023-03-30T00:00:00.000Z,2,91.5,15.8,8.6,37.15,16.354,649
2023-03-31T00:00:00.000Z,1.1,134.9,34.79,19,47.35,24.737,689
2023-04-01T00:00:00.000Z,3.9,211,63.1,21.1,83.3,42.634,690
2023-04-02T00:00:00.000Z,8.7,109.7,34.1,24.3,42,12.658,683
2023-04-03T00:00:00.000Z,11.7,259.9,33.95,26.5,41.1,22.58,688
2023-04-04T00:00:00.000Z,4.3,107.2,26.6,12.4,40.1,17.416,635
2023-04-05T00:00:00.000Z,7,286.2,31.9,21.4,43.5,27.95,659
2023-04-06T00:00:00.000Z,3.8,129.2,15.3,9,29.2,18.316,679
2023-04-07T00:00:00.000Z,7.6,96.8,26.9,17.7,42.25,17.817,672
2023-04-08T00:00:00.000Z,8.6,299.5,50,42.6,66.7,39.064,679
2023-04-09T00:00:00.000Z,1.5,163.1,62.65,32.6,82.8,36.442,686
2023-04-10T00:00:00.000Z,4.4,133.6,48.9,34.7,56.8,21.722,656
2023-04-11T00:00:00.000Z,0.2,101.5,9.9,6.4,17.8,13.221,611
2023-04-12T00:00:00.000Z,5.6,104.8,27.2,15.3,34.6,14.567,467
2023-04-13T00:00:00.000Z,17.9,174,41,33.1,53,26.093,686
2023-04-14T00:00:00.000Z,8.2,286.9,56.6,29,70.2,39.296,655
2023-04-15T00:00:00.000Z,7.8,290.4,25.7,18.4,37.95,34.864,652
2023-04-16T00:00:00.000Z,4.9,198.1,40,27.8,55,31.759,669
2023-04-17T00:00:00.000Z,3.5,117.6,26.9,17.3,33.6,16.519,671
2023-04-18T00:00:00.000Z,1.5,244.8,40.7,26.3,52.25,38.541,629
2023-04-19T00:00:00.000Z,6.6,245.8,33.5,17.64,56.05,42.273,601
2023-04-20T00:00:00.000Z,12.8,207.8,41.9,33.6,56.6,29.303,529
2023-04-21T00:00:00.000Z,7.6,243.9,40,21.3,69.45,41.675,660
2023-04-22T00:00:00.000Z,5.5,325.3,19.9,12.5,44.2,47.071,615
2023-04-23T00:00:00.000Z,8.7,365.5,37,19.95,99.65,69.476,585
2023-04-24T00:00:00.000Z,25.8,376.5,74.3,47.9,117.55,63.517,649
2023-04-25T00:00:00.000Z,40.8,302.2,77.7,48.75,112.7,51.705,688
2023-04-26T00:00:00.000Z,34.7,402.9,124.6,90.7,177,60.152,679
2023-04-27T00:00:00.000Z,32.9,279.3,111.6,87.3,140.9,41.479,667
2023-04-28T00:00:00.000Z,12.7,145.4,35.35,26,55.4,25.293,522
2023-04-29T00:00:00.000Z,6.2,260.2,46.6,21.25,83.1,46.375,501
2023-04-30T00:00:00.000Z,8.4,329.8,57.3,42.25,82.15,41.985,613
2023-05-01T00:00:00.000Z,11.8,334.9,53.6,34,110.05,56.647,676
2023-05-02T00:00:00.000Z,7.5,197.7,34,24.5,46,26.015,495
2023-05-03T00:00:00.000Z,13.1,296.6,33.5,25.7,46.8,24.812,579
2023-05-04T00:00:00.000Z,17.4,185,34.9,29.4,47.5,21.105,319
2023-05-05T00:00:00.000Z,16.1,394.3,31.3,24.8,44.75,70.405,501
2023-05-06T00:00:00.000Z,19,754.6,52.5,39.1,107.3,180.941,665
2023-05-07T00:00:00.000Z,11.4,493.8,45.75,33.2,90.8,97.883,698
2023-05-08T00:00:00.000Z,21.2,334.3,67.8,47.6,137.1,63.592,455
2023-05-09T00:00:00.000Z,19.8,147.6,44.8,35.95,63.35,23.914,617
2023-05-10T00:00:00.000Z,21.8,465.2,108.95,64.8,150.19,71.311,626
2023-05-11T00:00:00.000Z,11.5,527.2,140.19,62.7,238.4,116.959,575
2023-05-12T00:00:00.000Z,1.8,480.5,100.5,55.05,169.2,87.425,552
2023-05-13T00:00:00.000Z,13,557.4,73,34.4,244.95,139.285,613
2023-05-14T00:00:00.000Z,19.9,670,78.59,48.4,183.9,188.66,566
2023-05-15T00:00:00.000Z,32.4,322.6,75.09,53.4,103.8,44.658,603
2023-05-16T00:00:00.000Z,29.5,509.5,99.5,65.2,147.6,82.324,566
2023-05-17T00:00:00.000Z,3.2,433.4,48.2,30.05,68.59,66.731,677
2023-05-18T00:00:00.000Z,7.5,688.6,99.1,48.2,160,100.119,587
2023-05-19T00:00:00.000Z,10.9,733.5,77.4,40.1,185.1,150.72,446
2023-05-20T00:00:00.000Z,21.2,561.6,98.65,59.6,233.3,123.898,482
2023-05-21T00:00:00.000Z,6.1,200.8,37.79,26.6,60.35,39.718,285
2023-05-22T00:00:00.000Z,37.4,241.8,78.59,56.05,116.25,41.545,180
2023-05-23T00:00:00.000Z,2,325.8,44.45,32.6,77.09,46.901,662
2023-05-24T00:00:00.000Z,2.8,595.1,69.09,22.5,111.3,81.936,615
2023-05-25T00:00:00.000Z,32.9,561.1,99.2,68.4,175.4,105.525,441
2023-05-26T00:00:00.000Z,5.4,316.4,52.1,26,77.7,46.577,494
2023-05-27T00:00:00.000Z,4.3,647.8,39.29,20.9,90.35,127.775,301
2023-05-28T00:00:00.000Z,30.5,585.5,111.25,61.5,223.6,123.477,434
2023-05-29T00:00:00.000Z,14,670,58.6,42.9,216.25,192.974,261
2023-05-30T00:00:00.000Z,32.1,648.3,117.8,76.2,205.5,114.129,544
2023-05-31T00:00:00.000Z,28.1,455.4,79.5,56.6,153.3,95.784,331
2023-06-01T00:00:00.000Z,18,542.7,117.7,69.34,196.85,93.415,665
2023-06-02T00:00:00.000Z,26.1,239.8,58.2,45.1,82.9,29.159,621
2023-06-03T00:00:00.000Z,5,436.2,45.9,23.4,80.09,67.92,683
2023-06-04T00:00:00.000Z,10.6,598.8,96,54.65,196.25,111.152,648
2023-06-05T00:00:00.000Z,16.4,475,105.8,65.75,170.95,81.736,633
2023-06-06T00:00:00.000Z,10.5,548.8,60.75,38.5,151.5,121.593,610
2023-06-07T00:00:00.000Z,14.8,504.3,142.6,62.6,218,98.926,387
2023-06-08T00:00:00.000Z,35.7,149.4,61,51.95,77.34,21.739,164
2023-06-09T00:00:00.000Z,37.4,276.9,105.5,77.5,136.4,47.596,278
2023-06-10T00:00:00.000Z,17,312.2,64.3,46.2,110.3,61.882,577
2023-06-11T00:00:00.000Z,20.2,148,35.5,29.65,49.35,24.086,96
2023-06-12T00:00:00.000Z,17,423.3,43.95,36,59.4,72.566,494
2023-06-13T00:00:00.000Z,27.4,779.1,172.7,65.6,355.3,187.604,662
2023-06-14T00:00:00.000Z,14.2,720.8,122,60.7,269.1,155.364,620
2023-06-15T00:00:00.000Z,18.6,687.8,87.9,48.1,197.05,134.128,645
2023-06-16T00:00:00.000Z,10.8,562.2,45.5,32.5,64.65,66.696,621
2023-06-17T00:00:00.000Z,22,899,103,62.3,306.39,239.878,664
2023-06-18T00:00:00.000Z,50.2,858.1,186.3,107.8,324,166.717,675
2023-06-19T00:00:00.000Z,51.6,658,174.95,116.2,291.39,119.637,510
2023-06-20T00:00:00.000Z,40.3,590.3,173.3,118.3,243.2,105.684,379
2023-06-21T00:00:00.000Z,37.5,424.6,87.8,58.15,160.9,101.593,513
2023-06-22T00:00:00.000Z,11.3,148,48.5,32.75,70.15,28.407,409
2023-06-23T00:00:00.000Z,8.2,190.3,65.09,51.5,82.8,29.205,359
2023-06-24T00:00:00.000Z,2.2,524.9,65.8,45.8,124.75,69.809,656
2023-06-25T00:00:00.000Z,2.3,343.7,41.1,11.1,141.5,82.249,371
2023-06-26T00:00:00.000Z,8.1,468.6,86.3,43.35,133.94,70.147,529
2023-06-27T00:00:00.000Z,31.1,475.7,85.35,60.3,131.75,96.8,276
2023-06-28T00:00:00.000Z,23.8,591.5,119.3,64.59,184.2,102.327,447
2023-06-29T00:00:00.000Z,31.1,447.1,78.09,47.45,206.4,113.598,129
2023-06-30T00:00:00.000Z,34.9,515.4,183.85,50.35,368.3,162.628,104
2023-07-01T00:00:00.000Z,37.8,178,93.9,75.7,121.6,30.893,98
2023-07-02T00:00:00.000Z,23.7,188.1,72.84,40.1,98.4,36.885,150
2023-07-03T00:00:00.000Z,9.3,261.9,47.95,31.9,67.7,32.732,286
2023-07-04T00:00:00.000Z,17.1,134.1,32.6,26,45.6,25.344,62
2023-07-06T00:00:00.000Z,24.7,159.9,45.15,39,51.6,18.601,66
2023-07-07T00:00:00.000Z,18.6,440.6,104.2,61.8,170.5,66.81,457
2023-07-08T00:00:00.000Z,5.2,457.5,75.15,26.7,116.7,86.712,670
2023-07-09T00:00:00.000Z,206.2,221.4,213.8,206.2,221.4,7.6,2
2023-07-10T00:00:00.000Z,16.2,561,66.5,44.6,249,146.893,263
2023-07-11T00:00:00.000Z,48.4,698.8,164.35,96.8,275.7,143.352,598
2023-07-12T00:00:00.000Z,19.5,524.1,67.2,46.85,115.15,94.742,561
2023-07-13T00:00:00.000Z,20.5,595,122.9,53.5,188.1,113.492,609
2023-07-14T00:00:00.000Z,13.6,528.3,89.45,51.6,177.95,104.563,436
2023-07-16T00:00:00.000Z,157,395.1,174.9,157,395.1,108.269,3
2023-07-17T00:00:00.000Z,27,567.7,167.15,81.5,284.5,124.452,314
2023-07-18T00:00:00.000Z,33.6,582.8,157.8,75.45,238.45,116.386,553
2023-07-19T00:00:00.000Z,53.2,521.1,202.9,116.2,310.35,126.771,157
2023-07-20T00:00:00.000Z,32.1,152.1,60.55,46.6,87.6,30.958,94
2023-07-21T00:00:00.000Z,5.1,301.9,66.7,23.25,126.05,63.434,572
2023-07-22T00:00:00.000Z,4.9,343.6,68.9,46,120.3,62.726,610
2023-07-23T00:00:00.000Z,28.3,415.2,98.2,70.3,152.9,82.092,435
2023-07-24T00:00:00.000Z,34.6,552.7,115.95,71.4,241.3,120.244,538
2023-07-25T00:00:00.000Z,5.2,376.7,48.3,21.25,79.59,56.429,489
2023-07-26T00:00:00.000Z,26.3,251.6,159.19,119.05,247.35,70.769,9
2023-07-27T00:00:00.000Z,32.2,543.1,70.8,47.9,187.3,140.033,94
2023-07-28T00:00:00.000Z,6,584.2,69.4,28.9,131.8,149.584,167
2023-07-29T00:00:00.000Z,42.1,239.1,101.65,66.25,135.65,49.826,68
2023-07-30T00:00:00.000Z,22.3,402.9,194.8,142.3,224.9,99.764,11
2023-07-31T00:00:00.000Z,32.6,314.5,100.2,69.05,128.4,45.766,173
2023-08-01T00:00:00.000Z,12.6,327.2,49.2,36.6,71.4,43.587,394
2023-08-02T00:00:00.000Z,9.9,359.2,32.2,21.2,60.7,63.001,671
2023-08-03T00:00:00.000Z,9.5,200.4,38.5,28.1,48.6,34.952,534
2023-08-04T00:00:00.000Z,21.6,600.3,55.2,38.7,93.1,104.053,543
2023-08-05T00:00:00.000Z,54.7,761.2,212.5,138.69,555.35,224.206,205
2023-08-06T00:00:00.000Z,35.9,324.6,55.2,40.9,146.25,67.802,33
2023-08-07T00:00:00.000Z,13.3,708.4,140.9,80.65,243.1,126.429,289
2023-08-08T00:00:00.000Z,38.1,664.5,160.15,92.3,264.7,128.524,626
2023-08-09T00:00:00.000Z,21.4,496.9,155.65,103.7,231.9,92.222,618
2023-08-10T00:00:00.000Z,2.3,254.9,30.95,13.8,64.3,39.334,478
2023-08-11T00:00:00.000Z,4.8,279.3,53.65,37.15,95.7,57.791,356
2023-08-12T00:00:00.000Z,12.2,382.1,79.4,43.7,131,73.393,575
2023-08-13T00:00:00.000Z,9.2,763.2,116.3,55.4,213,189.209,446
2023-08-14T00:00:00.000Z,22.2,530.6,101.65,61.5,177.7,106.351,482
2023-08-15T00:00:00.000Z,37.6,617.2,93,52.3,167.6,120.352,512
2023-08-16T00:00:00.000Z,12,296.7,65.9,41.65,110,51.799,417