# Sensor Costanera - RespiraAccion, Temuco, Chile (Purple Air/47757)
# https://aqicn.org/station/@107212/
# Daily pm25
date,min,max,median,q1,q3,stdev,count
2020-03-22T00:00:00.000Z,2.18,112.26,34.4,12.49,52.43,27.53,266
2020-03-23T00:00:00.000Z,10.15,158.36,34.14,24.4,45.63,27.957,719
2020-03-24T00:00:00.000Z,3.57,198.58,11.61,7.7,27.07,19.022,718
2020-03-25T00:00:00.000Z,0.09,112.66,9.88,6.84,15.45,8.967,721
2020-03-26T00:00:00.000Z,1.8,129.69,9.66,6.82,14.81,8.446,719
2020-03-27T00:00:00.000Z,0.17,44.11,5.58,4.22,9.18,7.114,721
2020-03-28T00:00:00.000Z,2.35,216,12.1,5.51,29.46,18.883,723
2020-03-29T00:00:00.000Z,0.88,258.79,21.07,9.88,39.61,47.965,690
2020-03-30T00:00:00.000Z,1.34,85.82,15.77,6.02,31.17,16.055,718
2020-03-31T00:00:00.000Z,1.14,164.4,17.27,7.98,28.1,15.128,723
2020-04-01T00:00:00.000Z,0.13,152.25,19.45,12.3,37.44,16.928,686
2020-04-02T00:00:00.000Z,1.12,60.78,14.86,6.8,29.46,14.62,717
2020-04-03T00:00:00.000Z,0.98,66,14.84,7.98,22.55,9.822,714
2020-04-04T00:00:00.000Z,1.3,92.22,10.79,4.54,19.62,11.78,720
2020-04-05T00:00:00.000Z,6.05,372.41,32.79,24.45,44.64,24.539,682
2020-04-06T00:00:00.000Z,1.24,147.33,32.69,11.93,53.39,31.592,667
2020-04-07T00:00:00.000Z,6.1,124.56,30.66,16.79,45.4,22.65,617
2020-04-08T00:00:00.000Z,13.98,420.02,42.46,36.14,48.64,31.802,721
2020-04-09T00:00:00.000Z,11.57,156.24,34.49,24.67,39.81,15.445,722
2020-04-10T00:00:00.000Z,7.03,209.25,41.75,32.11,54.43,23.927,719
2020-04-11T00:00:00.000Z,4.74,68.92,17.71,9.33,34.35,13.33,549
2020-04-12T00:00:00.000Z,3.88,201.29,40.13,24.34,57.26,24.274,726
2020-04-13T00:00:00.000Z,5.11,230.19,62.69,35.21,90.05,42.864,721
2020-04-14T00:00:00.000Z,42.27,415.75,70.56,58.04,86.4,41.057,720
2020-04-15T00:00:00.000Z,60.61,439.55,110.49,83.12,161.25,63.618,701
2020-04-16T00:00:00.000Z,7.92,536.71,68.29,39.11,151.44,75.664,722
2020-04-17T00:00:00.000Z,12.22,484.5,40.15,32.21,79.38,98.139,716
2020-04-18T00:00:00.000Z,0.22,152.96,18.32,10.25,30.7,20.287,718
2020-04-19T00:00:00.000Z,3.22,274.64,37.25,23.89,68.53,43.087,717
2020-04-20T00:00:00.000Z,2.09,263.86,48.54,29.27,83.92,46.817,717
2020-04-21T00:00:00.000Z,12.8,520.89,43.81,30.91,71.59,65.95,717
2020-04-22T00:00:00.000Z,37.15,577.09,107.15,70.76,176.02,82.658,721
2020-04-23T00:00:00.000Z,17.98,524.21,124.07,47.75,208.58,98.379,723
2020-04-24T00:00:00.000Z,3.2,202.1,15.51,10.14,31.51,28.553,720
2020-04-25T00:00:00.000Z,1.66,215.85,20.22,9.09,33.76,23.098,719
2020-04-26T00:00:00.000Z,13.14,793.23,52.15,33.94,84.82,76.67,717
2020-04-27T00:00:00.000Z,1.12,264.83,18.84,7.53,40.2,35.05,723
2020-04-28T00:00:00.000Z,8.46,493.85,34.68,20.05,54.21,65.117,719
2020-04-29T00:00:00.000Z,6.78,613.19,56.89,40.7,126.84,146.314,719
2020-04-30T00:00:00.000Z,6.07,435.66,60.44,45.03,184.67,100.295,725
2020-05-01T00:00:00.000Z,43.38,656.84,90.57,61.23,204.52,165.515,690
2020-05-02T00:00:00.000Z,67.3,417.86,126.74,90.89,149.62,69.98,47
2020-05-03T00:00:00.000Z,9.26,728.97,54.38,21.82,111.22,82.762,724
2020-05-04T00:00:00.000Z,16.32,660.25,50.83,29.47,116.02,90.048,718
2020-05-05T00:00:00.000Z,5.98,710.02,55.75,34.51,196.19,170.181,720
2020-05-06T00:00:00.000Z,10.93,426.24,47.11,31.69,90.15,61.143,721
2020-05-07T00:00:00.000Z,27.04,613.97,86.49,55.43,134.88,81.992,546
2020-05-08T00:00:00.000Z,42.83,550.17,114.04,83.67,208.68,109.676,524
2020-05-09T00:00:00.000Z,8.98,234.12,35.29,24.97,44.92,30.587,476
2020-05-10T00:00:00.000Z,1.58,94.46,14.08,6.8,30.1,14.415,354
2020-05-11T00:00:00.000Z,39.22,551.39,153.26,59.23,265.16,120.646,481
2020-05-12T00:00:00.000Z,11.5,712.08,127.2,51.94,261.3,117.047,702
2020-05-13T00:00:00.000Z,26.4,1176.08,99.96,57.56,162.62,107.041,715
2020-05-14T00:00:00.000Z,33.93,745.39,93.26,63.89,166.45,134.493,714
2020-05-15T00:00:00.000Z,13.36,767.92,72.78,32.72,136.96,80.163,718
2020-05-16T00:00:00.000Z,15.85,391.33,53.72,35,87.01,42.601,724
2020-05-17T00:00:00.000Z,0.89,473.63,54.22,39.15,88.98,70.615,723
2020-05-18T00:00:00.000Z,36.1,643.34,93.39,62.15,168.44,133.163,704
2020-05-19T00:00:00.000Z,6.61,605.66,92.32,43.45,161.35,90.74,715
2020-05-20T00:00:00.000Z,34.97,702.22,99.67,63.86,157.6,97.006,721
2020-05-21T00:00:00.000Z,25.28,830.24,92.4,58.61,187.86,163.159,716
2020-05-22T00:00:00.000Z,37.21,835.42,108.6,66.12,310.97,180.979,720
2020-05-23T00:00:00.000Z,69.81,1118.24,224.13,147.52,371.28,154.675,717
2020-05-24T00:00:00.000Z,30.98,1091.34,103.35,59.76,237.52,157.836,716
2020-05-25T00:00:00.000Z,5.95,760.29,84.1,36.54,139.22,166.353,678
2020-05-26T00:00:00.000Z,16.04,564.22,114.67,59.56,199.85,90.592,717
2020-05-27T00:00:00.000Z,9.19,357.56,42.25,25.48,72.72,50.231,717
2020-05-28T00:00:00.000Z,8,526.77,83.92,43.07,147.69,80.245,718
2020-05-29T00:00:00.000Z,21.22,759.98,89.63,46.41,235.24,155.557,719
2020-05-30T00:00:00.000Z,38.04,838.87,147.6,76.65,359.24,175.917,721
2020-05-31T00:00:00.000Z,34.07,682.22,95.33,59.09,327.86,169.7,718
2020-06-01T00:00:00.000Z,49.68,787.13,156.56,104.5,441.42,204.602,311
2020-06-22T00:00:00.000Z,58.96,811.05,324.62,103.96,445.17,196.297,67
2020-06-23T00:00:00.000Z,4.69,754.76,202.02,43.36,338.71,166.65,651
2020-06-24T00:00:00.000Z,0.83,719.17,97.7,43.4,180.39,138.668,645
2020-06-25T00:00:00.000Z,27.88,715.45,130.26,84.22,209.28,114.086,667
2020-06-26T00:00:00.000Z,2.14,772.65,106.88,44.45,207.89,169.61,648
2020-06-27T00:00:00.000Z,6.11,531.84,69.37,27.89,124.24,101.419,607
2020-06-28T00:00:00.000Z,1.75,605.05,44.68,16.11,153.29,116.676,578
2020-06-29T00:00:00.000Z,10.07,601.1,111.32,48.42,218.54,115.878,553
2020-06-30T00:00:00.000Z,6.02,493.7,92.23,28.11,224.23,123.133,522
2020-07-01T00:00:00.000Z,0.72,621.84,73.62,11.08,128.49,103.072,517
2020-07-02T00:00:00.000Z,19.3,694.94,205.5,92.55,384.7,168.666,535
2020-07-03T00:00:00.000Z,1.2,742.22,51.75,27.11,137.52,155.789,534
2020-07-04T00:00:00.000Z,14.08,675.24,77.37,42.18,195.09,154.655,578
2020-07-05T00:00:00.000Z,14.37,820.27,89.88,42.52,181.03,174.921,548
2020-07-06T00:00:00.000Z,39.54,693.38,136.71,78.16,320.68,155.055,347
2020-07-07T00:00:00.000Z,36.93,900.43,124.53,67.62,236.12,211.027,535
2020-07-08T00:00:00.000Z,19.18,596.08,132.27,65.47,234.69,111.855,533
2020-07-09T00:00:00.000Z,8.84,508.69,42.92,24.82,69.19,74.296,565
2020-07-10T00:00:00.000Z,3.12,431.92,33.53,12.42,46.34,47.83,563
2020-07-11T00:00:00.000Z,1.5,559.12,58.21,32.54,139.53,122.811,462
2020-07-12T00:00:00.000Z,8.47,582.59,107.94,41.75,187.5,98.279,559
2020-07-13T00:00:00.000Z,24.26,774.22,107.28,55.3,198.67,145.708,560
2020-07-14T00:00:00.000Z,49,792.52,136.1,83.35,277.7,184.887,544
2020-07-15T00:00:00.000Z,46.64,753.69,242.7,119.04,423.33,188.067,559
2020-07-16T00:00:00.000Z,49.16,872.95,225.22,145.57,391.59,178.807,540
2020-07-17T00:00:00.000Z,3.07,570.51,65.45,34.38,119.13,106.375,566
2020-07-18T00:00:00.000Z,3.83,746.74,69.62,26,220.04,149.264,563
2020-07-19T00:00:00.000Z,4.09,512.22,46.21,27.05,112.49,94.912,576
2020-07-20T00:00:00.000Z,1.24,680.47,137.35,30.26,235.02,130.234,545
2020-07-21T00:00:00.000Z,19.62,826.89,94.28,50.29,189.77,130.812,537
2020-07-22T00:00:00.000Z,18.28,704.95,155.82,76.86,279.86,151.296,531
2020-07-23T00:00:00.000Z,7.46,768.71,210.7,86.49,420.39,201.646,531
2020-07-24T00:00:00.000Z,51.65,717.59,190.9,95.33,294.44,141.651,547
2020-07-25T00:00:00.000Z,14.14,659.08,68.23,40.15,125.05,66.535,558
2020-07-26T00:00:00.000Z,1.12,225.16,36.56,15.31,63.38,37.344,505
2020-07-27T00:00:00.000Z,7.72,714.4,151.94,54.94,256.64,132.068,524
2020-07-28T00:00:00.000Z,34.59,962.68,159.32,111.39,360.11,195.879,480
2020-07-29T00:00:00.000Z,38.03,1120.18,304.74,111.12,514.26,232.428,492
2020-07-30T00:00:00.000Z,51.87,842.81,226.3,134,341.45,140.912,494
2020-07-31T00:00:00.000Z,10.27,905.14,176.33,66.44,305.13,165.55,508
2020-08-01T00:00:00.000Z,8.94,861.26,156.26,35.97,344.15,183.781,493
2020-08-02T00:00:00.000Z,10.95,989.22,139.65,61.38,251.37,158.699,485
2020-08-03T00:00:00.000Z,22.09,810.24,80.27,48.71,261.95,181.406,479
2020-08-04T00:00:00.000Z,17.34,540.52,98.26,42.09,199.52,116.605,550
2020-08-05T00:00:00.000Z,1.57,535.16,29.95,13.45,54.64,97.394,612
2020-08-06T00:00:00.000Z,7.68,626.2,120.33,71.47,258.33,144.334,633
2020-08-07T00:00:00.000Z,36.97,658.55,135.12,81.56,250.2,106.06,636
2020-08-08T00:00:00.000Z,31.25,818.02,175.15,97.41,344.37,171.088,645
2020-08-09T00:00:00.000Z,24.33,596.02,78.53,41.72,211.94,124.103,628
2020-08-10T00:00:00.000Z,2.14,561.19,58.3,34.86,117.24,86.587,614
2020-08-11T00:00:00.000Z,15.69,1015.33,136.47,59.19,334.38,201.338,636
2020-08-12T00:00:00.000Z,31.25,812.44,251.29,95.12,348.19,153.554,614
2020-08-13T00:00:00.000Z,8.49,936.66,129.76,59.07,285.22,158.534,638
2020-08-14T00:00:00.000Z,5.18,1021.63,79.72,47.27,135.07,125.055,636
2020-08-15T00:00:00.000Z,12.62,956.54,67.91,38.77,127.09,99.723,597
2020-08-16T00:00:00.000Z,13.79,1108.95,118.02,48.91,226.93,148.292,631
2020-08-17T00:00:00.000Z,15.51,773.4,93.76,42.69,217.3,110.046,628
2020-08-18T00:00:00.000Z,4.15,481.27,48.72,25.99,98.64,74.643,616
2020-08-19T00:00:00.000Z,17.36,683.58,101.14,64.94,220.31,145.549,592
2020-08-20T00:00:00.000Z,7.2,415.54,45.73,32.9,84.23,61.117,570
2020-08-21T00:00:00.000Z,14.39,301.25,87.91,49.35,124.98,48.74,579
2020-08-22T00:00:00.000Z,35.35,547.8,108.36,65.39,200.67,91.56,514
2020-08-23T00:00:00.000Z,37.71,765.37,102.86,77.83,186.55,160.09,545
2020-08-24T00:00:00.000Z,16.16,515.91,50.8,35.6,85.32,61.942,493
2020-08-25T00:00:00.000Z,0.02,542.54,32.93,5.72,54.15,60.122,489
2020-08-26T00:00:00.000Z,0.24,385.1,47.49,13.74,109.18,75.434,510
2020-08-27T00:00:00.000Z,7.6,899.01,51.09,22.56,90.28,81.863,577
2020-08-28T00:00:00.000Z,2.7,486.32,60.84,18.76,127.59,89.631,521
2020-08-29T00:00:00.000Z,15.88,813.86,102.3,39.39,236.54,138.1,521
2020-08-30T00:00:00.000Z,16.23,563.19,122.75,60.81,251.68,126.634,515
2020-08-31T00:00:00.000Z,13.68,610.91,51.05,37.18,109.54,97.468,499
2020-09-01T00:00:00.000Z,10.47,679.54,89.53,56.58,181.77,126.075,526
2020-09-02T00:00:00.000Z,26.36,788.69,65.36,48.9,112.95,83.404,505
2020-09-03T00:00:00.000Z,16.32,501.33,55.75,34.86,104.39,61.053,498
2020-09-04T00:00:00.000Z,49.63,819.79,161.53,99.83,256.89,154.644,480
2020-09-05T00:00:00.000Z,32.1,611.3,144.81,69.47,321.36,152.261,490
2020-09-06T00:00:00.000Z,28.91,799.6,105.39,65.33,267.29,172.38,499
2020-09-07T00:00:00.000Z,23.79,389.87,65.26,47.65,92.96,46.946,472
2020-09-08T00:00:00.000Z,11.04,331.21,58.02,29.44,114.36,69.622,406
2020-09-09T00:00:00.000Z,15.04,653.3,65.55,43.86,183.64,112.827,391
2020-09-10T00:00:00.000Z,5.61,256.39,34.03,14.52,71.53,56.213,404
2020-09-11T00:00:00.000Z,15.02,747.05,82.55,53.04,208.66,133.807,339
2020-09-12T00:00:00.000Z,3.58,564.82,46.93,29.4,185.89,127.688,327
2020-09-13T00:00:00.000Z,4.73,879.71,94.33,52.88,195.1,177.704,393
2020-09-14T00:00:00.000Z,10.33,783.37,56.53,34.11,123.56,76.981,347
2020-09-15T00:00:00.000Z,3.86,257.61,44.74,15.13,61.2,43.691,340
2020-09-16T00:00:00.000Z,5.46,512.47,41.87,21.02,78.15,62.277,444
2020-09-17T00:00:00.000Z,10.97,286.79,42.39,32.46,62.28,40.427,361
2020-09-18T00:00:00.000Z,9.25,481.64,88.81,47.84,148.88,101.171,363
2020-09-19T00:00:00.000Z,5.93,407.23,33.69,22.95,86.43,90.045,431
2020-09-20T00:00:00.000Z,5.92,386.77,27.63,18.17,99.58,86.378,432
2020-09-21T00:00:00.000Z,12.07,718.69,36.44,24.73,51.4,58.935,420
2020-09-22T00:00:00.000Z,2.61,667.11,23.57,10.7,51.77,67.547,432
2020-09-23T00:00:00.000Z,13.17,349.1,49.24,34.36,65.51,37.468,449
2020-09-24T00:00:00.000Z,14.85,647.97,45.05,32.21,58.72,61.251,469
2020-09-25T00:00:00.000Z,36.57,857.97,59.79,45.51,93.06,93.539,493
2020-09-26T00:00:00.000Z,10.36,343.73,46.15,32.39,68.91,43.185,489
2020-09-27T00:00:00.000Z,6.62,512,42.41,29.82,65.79,70.188,480
2020-09-28T00:00:00.000Z,4.22,249.27,40.95,27.48,62.9,30.979,469
2020-09-29T00:00:00.000Z,5.53,889.3,37.43,25.13,47.68,68.547,437
2020-09-30T00:00:00.000Z,2.47,286.36,23.86,10.03,37.64,25.838,389
2020-10-01T00:00:00.000Z,6.9,415.23,50.7,39.97,135.4,95.029,309
2020-10-02T00:00:00.000Z,10.59,316.82,35.81,29.53,48.2,52.464,290
2020-10-03T00:00:00.000Z,2.31,668.47,93.35,67.51,147.66,97.998,284
2020-10-04T00:00:00.000Z,5.73,406.74,55.76,34.39,108.82,79.968,296
2020-10-05T00:00:00.000Z,9.68,256.64,37.7,27.54,54.11,37.179,318
2020-10-06T00:00:00.000Z,8.68,544.29,56.09,40.7,135.72,107.738,340
2020-10-07T00:00:00.000Z,6.03,596.3,50.09,32.18,116.48,91.442,329
2020-10-08T00:00:00.000Z,11,598,44.61,32.32,95.63,84.091,309
2020-10-09T00:00:00.000Z,2.5,442.58,35.46,14.33,53.06,51.111,368
2020-10-10T00:00:00.000Z,1.49,234.57,23.59,8.89,34.03,17.978,397
2020-10-11T00:00:00.000Z,4.73,122.61,21.77,12.9,35.35,23.486,416
2020-10-12T00:00:00.000Z,5.45,49.86,16.26,11.41,30.61,11.449,371
2020-10-13T00:00:00.000Z,3.56,50.43,13.77,8.34,30.65,11.88,397
2020-10-14T00:00:00.000Z,3.44,43.53,12.78,8,19.53,9.231,394
2020-10-15T00:00:00.000Z,4.95,174,21.68,15.86,30.33,19.135,394
2020-10-16T00:00:00.000Z,5.2,227.41,22.8,16.02,31.69,17.259,421
2020-10-17T00:00:00.000Z,14.65,129.87,29.89,20.53,37.51,12.069,410
2020-10-18T00:00:00.000Z,2.16,233.6,38.93,10.88,64.7,36.93,410
2020-10-19T00:00:00.000Z,2.29,505.05,32.14,18.2,48.33,52.019,423
2020-10-20T00:00:00.000Z,2.19,211.86,19.05,12.09,34.26,16.937,402
2020-10-21T00:00:00.000Z,2.2,118.16,18.38,11.35,25.13,12.518,392
2020-10-22T00:00:00.000Z,4.36,174.78,21.22,9.94,34.5,18.273,397
2020-10-23T00:00:00.000Z,1.81,282.14,15.46,7.57,23.02,19.59,388
2020-10-24T00:00:00.000Z,15.22,770.79,49.08,33.21,68.84,59.778,412
2020-10-25T00:00:00.000Z,4.53,481.86,46.91,26.07,142.86,81.209,513
2020-10-26T00:00:00.000Z,9.31,345.1,56.67,41.76,126.2,59.081,464
2020-10-27T00:00:00.000Z,1.8,717.65,25.94,15.33,48.64,60.728,408
2020-10-28T00:00:00.000Z,1.98,223.32,21.35,10.05,37.04,26.667,420
2020-10-29T00:00:00.000Z,2.5,136.71,20.88,9.71,47.28,29.912,426
2020-10-30T00:00:00.000Z,1.09,50.6,19.02,8.69,29.46,12.224,450
2020-10-31T00:00:00.000Z,2.36,75.62,14.47,9.43,19.09,7.414,427
2020-11-01T00:00:00.000Z,3.89,64.67,13.32,9.4,18.67,9.088,463
2020-11-02T00:00:00.000Z,4.51,226.34,20.54,7.88,31.48,18.714,440
2020-11-03T00:00:00.000Z,4.73,243.49,23.21,12.03,36.64,27.816,450
2020-11-04T00:00:00.000Z,1.6,101.53,11.77,7.29,24.95,14.106,310
2020-11-05T00:00:00.000Z,3.12,206.02,23.37,12.03,36.54,21.502,297
2020-11-06T00:00:00.000Z,2.4,42.43,13.06,7.17,22.09,8.969,312
2020-11-07T00:00:00.000Z,2,120.02,14.77,8.78,18.25,11.941,354
2020-11-08T00:00:00.000Z,5.53,57.63,15.56,10.69,21.32,7.527,303
2020-11-09T00:00:00.000Z,3.44,36.64,10.52,6.88,19.42,7.826,239
2020-11-10T00:00:00.000Z,4.51,37.09,15.1,10.79,20.54,7.608,298
2020-11-11T00:00:00.000Z,0.48,63.02,11.34,5.59,31.49,14.663,288
2020-11-12T00:00:00.000Z,1.53,65.8,8.82,6.29,15.16,9.346,294
2020-11-13T00:00:00.000Z,7.47,132.09,24.6,17.48,28.7,10.737,265
2020-11-14T00:00:00.000Z,2.43,203.73,20.76,9.68,38.85,27.807,276
2020-11-15T00:00:00.000Z,2.19,50.09,14.26,5.17,23.08,10.31,256
2020-11-16T00:00:00.000Z,2.06,458.44,8.96,4.71,16.05,29.357,252
2020-11-17T00:00:00.000Z,2.14,38.28,9.84,6.74,14.59,5.452,245
2020-11-20T00:00:00.000Z,24.56,41.88,35.78,30.65,38.38,4.51,30
2020-11-21T00:00:00.000Z,4.7,176.11,23.92,11.55,38.85,26.302,266
2020-11-22T00:00:00.000Z,2,332.33,17.51,11.18,25.49,29.93,266
2020-11-23T00:00:00.000Z,1.25,292.17,15.1,4.24,28.23,48.76,231
2020-11-24T00:00:00.000Z,6.95,158.21,23.27,17.66,37.22,16.867,276
2020-11-25T00:00:00.000Z,4.04,77.7,23.61,11.81,33.99,13.316,273
2020-11-26T00:00:00.000Z,1.11,119.09,19.53,5.11,40.36,22.893,249
2020-11-27T00:00:00.000Z,0.84,46.91,9.94,5.57,14.91,6.606,242
2020-11-28T00:00:00.000Z,4.01,218.65,17.55,12.24,27.32,16.793,249
2020-11-29T00:00:00.000Z,0.98,105.79,9.03,4.71,15.52,12.165,255
2020-11-30T00:00:00.000Z,1.02,36.28,9.15,4.47,13.88,6.655,225
2020-12-01T00:00:00.000Z,1.18,23,5.53,3.61,7.45,3.459,225
2020-12-02T00:00:00.000Z,0.85,71.44,8.19,5.36,11.41,6.573,258
2020-12-03T00:00:00.000Z,1.25,107.8,6.39,3.84,9.56,9.348,222
2020-12-04T00:00:00.000Z,1.21,39.42,5.96,3.37,17.87,10.238,249
2020-12-05T00:00:00.000Z,2.47,54.28,10.09,6.88,12.97,6.411,243
2020-12-06T00:00:00.000Z,2.06,112.64,7.22,4.34,9.25,6.996,306
2020-12-07T00:00:00.000Z,0.53,103.27,5.41,3.11,8.57,10.273,244
2020-12-08T00:00:00.000Z,1.43,91.78,8.63,5.09,13.84,11.631,234
2021-04-10T00:00:00.000Z,19.9,195.9,40.5,32.6,56.2,26.075,242
2021-04-11T00:00:00.000Z,4.4,393.5,45.95,32.1,145.1,89.597,400
2021-04-12T00:00:00.000Z,3,195.1,33.2,16.35,46.8,24.807,389
2021-04-13T00:00:00.000Z,4.2,193.1,20.9,10.65,43.45,29.398,393
2021-04-14T00:00:00.000Z,2.2,136.6,12.85,7.3,23.2,12.999,382
2021-04-15T00:00:00.000Z,5.6,264.5,37.4,31.2,49.2,26.631,402
2021-04-16T00:00:00.000Z,4.2,61.6,24.6,13,33.7,11.744,408
2021-04-17T00:00:00.000Z,24.2,804.8,54.5,45.9,78.09,58.771,408
2021-04-18T00:00:00.000Z,39.6,417.9,50.8,45.6,66.2,45.543,379
2021-04-19T00:00:00.000Z,7.2,214.5,32.1,21.2,46.2,22.431,399
2021-04-20T00:00:00.000Z,3.8,225.9,20.5,11.1,39.2,26.126,395
2021-04-21T00:00:00.000Z,1.4,238.8,39.7,16.2,52.9,36.423,387
2021-04-22T00:00:00.000Z,11.2,266.6,36.29,25.6,53.8,29.652,383
2021-04-23T00:00:00.000Z,16.9,558.8,64.3,41.2,116,107.712,382
2021-04-24T00:00:00.000Z,9.3,304.5,38.15,27,60,39.075,406
2021-04-25T00:00:00.000Z,13.2,206.9,45,28.65,64.1,28.617,413
2021-04-26T00:00:00.000Z,2.9,309.2,27.1,12.65,44.85,44.694,405
2021-04-27T00:00:00.000Z,11.7,305.6,51.6,30.75,79.2,41.289,413
2021-04-28T00:00:00.000Z,10.9,318.7,52,40.25,85.5,43.877,413
2021-04-29T00:00:00.000Z,8.7,352,46.6,32.54,65.09,35.273,397
2021-04-30T00:00:00.000Z,39.8,311.3,62.9,54,101.9,62.188,322
2021-05-06T00:00:00.000Z,105.4,674.4,326.89,175,518.5,179.575,26
2021-05-07T00:00:00.000Z,48.1,823.7,135.1,95.55,285.95,180.771,397
2021-05-08T00:00:00.000Z,27.8,614.8,91.05,51.3,236.8,148.517,402
2021-05-09T00:00:00.000Z,8.8,517.1,44.7,25.1,70.4,66.223,404
2021-05-10T00:00:00.000Z,11.3,332.4,56.6,39.2,94.4,54.729,396
2021-05-11T00:00:00.000Z,37.1,657.8,100.6,59.4,162.3,102.045,389
2021-05-12T00:00:00.000Z,30.1,651.2,92.4,46.4,208.6,139.011,397
2021-05-13T00:00:00.000Z,45.2,376.4,85.5,64.3,164.1,77.546,386
2021-05-14T00:00:00.000Z,39.4,728.7,94.2,70.09,243.1,167.064,387
2021-05-15T00:00:00.000Z,27,673.2,80.2,51.35,159.7,137.087,389
2021-05-16T00:00:00.000Z,29.1,618.8,314,76.8,438.3,183.632,151
2021-05-17T00:00:00.000Z,57.8,583.3,170.4,104.9,296.1,130.663,381
2021-05-18T00:00:00.000Z,47.9,584,98.9,74.9,155.5,135.108,394
2021-05-19T00:00:00.000Z,9.8,288.4,37.4,26.4,53.8,31.496,330
2021-05-20T00:00:00.000Z,5.4,257.9,45.8,29.7,82.6,49.203,407
2021-05-21T00:00:00.000Z,9.3,332.3,56.3,35,128.85,71.362,397
2021-05-22T00:00:00.000Z,15.8,504.4,59.4,39.75,140.9,88.142,372
2021-05-23T00:00:00.000Z,19.1,690.9,89.45,51.45,230.95,157.197,400
2021-05-24T00:00:00.000Z,7.9,294.5,45.4,36.29,89.9,59.845,402
2021-05-25T00:00:00.000Z,9.2,178.4,44.6,36.4,56,22.548,416
2021-05-26T00:00:00.000Z,4.5,245.2,45.6,30.3,58.3,36.993,399
2021-05-27T00:00:00.000Z,9,271.4,36,21.85,65.75,45.976,385
2021-05-28T00:00:00.000Z,0.9,133.3,34.45,20.2,50.95,24.657,408
2021-05-29T00:00:00.000Z,27.6,378.2,79.8,45.5,132.19,64.703,391
2021-05-30T00:00:00.000Z,16.1,466.3,64.8,39.6,121.4,92.902,395
2021-05-31T00:00:00.000Z,2.2,186.5,37.5,14.35,55.9,35.423,256
2021-06-08T00:00:00.000Z,74.1,460.1,184.45,155.1,221.5,57.85,86
2021-06-09T00:00:00.000Z,14.1,520.2,43.8,33,70.7,58.432,462
2021-06-10T00:00:00.000Z,11.8,407.4,63.75,44.2,115.55,73.646,424
2021-06-11T00:00:00.000Z,4.4,523.6,97.7,54.85,154.44,86.114,549
2021-06-12T00:00:00.000Z,25.3,443.3,69.3,47.15,107.7,69.716,609
2021-06-13T00:00:00.000Z,0.6,453.8,61.7,23.1,116.8,81.197,599
2021-06-14T00:00:00.000Z,16,514.8,88.1,53.25,184.35,103.793,625
2021-06-15T00:00:00.000Z,38.1,559,98.25,75.25,172.55,80.123,612
2021-06-16T00:00:00.000Z,36.3,705.5,136,82.9,231.6,147.42,611
2021-06-17T00:00:00.000Z,44.8,721.7,185.6,124.85,453.2,183.421,612
2021-06-18T00:00:00.000Z,73.2,772.6,186.4,129,344.4,135.942,619
2021-06-19T00:00:00.000Z,31.7,650.2,86.1,55.3,142.5,109.183,614
2021-06-20T00:00:00.000Z,31.8,754.6,117.25,61.45,332.65,169.403,596
2021-06-21T00:00:00.000Z,21.4,656.3,47.7,31.6,102.7,80.212,606
2021-06-22T00:00:00.000Z,11.1,457.8,67.84,47.8,114.1,75.96,618
2021-06-23T00:00:00.000Z,0.3,245.2,38.5,16.95,52.6,31.964,613
2021-06-24T00:00:00.000Z,1.3,225.6,35.15,23.3,77.9,41.79,632
2021-06-25T00:00:00.000Z,24.9,673.1,97.5,52.4,199.3,110.663,599
2021-06-26T00:00:00.000Z,32.5,720.2,119.8,86.2,220.1,142.631,607
2021-06-27T00:00:00.000Z,28.6,424.1,110.7,57.7,181.65,78.936,597
2021-06-28T00:00:00.000Z,55.2,882.1,178.65,103.2,325.7,182.914,610
2021-06-29T00:00:00.000Z,70.7,971.2,248,166.85,430.55,184.59,608
2021-06-30T00:00:00.000Z,39.3,785.2,212.05,146,376.45,175.295,620
2021-07-01T00:00:00.000Z,11.9,679.4,95.3,55.1,155.4,97.697,591
2021-07-02T00:00:00.000Z,21.5,882.7,123.7,54.5,252.6,165.238,602
2021-07-03T00:00:00.000Z,35.7,835.2,159.5,102.65,240.15,119.008,620
2021-07-04T00:00:00.000Z,31.8,623.6,90.2,49.85,149.15,92.48,625
2021-07-05T00:00:00.000Z,27.4,610.2,86.3,57.35,137.6,102.468,604
2021-07-06T00:00:00.000Z,37.9,512.7,136.19,70.4,257.2,113.167,400
2021-07-07T00:00:00.000Z,27.4,521.1,80.09,53.3,140.8,89.873,615
2021-07-08T00:00:00.000Z,28,718.7,95.9,49.1,175.3,102.545,593
2021-07-09T00:00:00.000Z,5.4,634.9,59.7,39.29,139.1,108.116,607
2021-07-10T00:00:00.000Z,14,712.5,102.05,64.05,155.8,116.202,604
2021-07-11T00:00:00.000Z,37.5,796,208,99.75,425.8,187.301,625
2021-07-12T00:00:00.000Z,27.1,749.3,160.4,84.2,363.4,186.625,603
2021-07-13T00:00:00.000Z,40.4,679.7,173.3,92,290.95,159.284,597
2021-07-14T00:00:00.000Z,13.9,740.2,80.59,52.4,162.75,105.42,609
2021-07-15T00:00:00.000Z,17.6,856.8,90.4,54.2,158.5,96.855,633
2021-07-16T00:00:00.000Z,4.2,550.6,51.75,31.3,127.5,103.074,616
2021-07-17T00:00:00.000Z,33.5,586.6,151,89.7,286.8,129.471,599
2021-07-18T00:00:00.000Z,51.4,921.7,175.7,80.1,326.35,139.399,589
2021-07-19T00:00:00.000Z,19.2,844.1,140.9,60.4,291,169.186,602
2021-07-20T00:00:00.000Z,34.4,743.6,128.69,74.3,233.2,139.713,603
2021-07-21T00:00:00.000Z,22.7,846.3,95.8,56.15,156.25,158.991,581
2021-07-22T00:00:00.000Z,8.6,592.2,76.65,41.7,129.05,79.458,584
2021-07-23T00:00:00.000Z,24.5,460.8,69.8,49.5,110.2,53.82,583
2021-07-24T00:00:00.000Z,35.2,719,75.59,53.4,179,107.054,583
2021-07-25T00:00:00.000Z,4.1,425.6,55.75,20.75,92.05,53.505,580
2021-07-26T00:00:00.000Z,24.5,503.5,132.6,78,187.7,82.875,587
2021-07-27T00:00:00.000Z,22.8,649.9,136.94,52.2,295.75,151.972,592
2021-07-28T00:00:00.000Z,11.9,944.4,143.1,66.59,311.3,156.382,582
2021-07-29T00:00:00.000Z,57.8,906.3,214.05,141,341.4,170.588,578
2021-07-30T00:00:00.000Z,6.8,998.5,93.05,50.95,209.55,204.615,568
2021-07-31T00:00:00.000Z,18.5,512.8,96.2,52.7,164.45,90.667,593
2021-08-01T00:00:00.000Z,40.7,839.6,108.25,56.7,204.4,143.001,562
2021-08-02T00:00:00.000Z,12.3,176.7,51.5,38.15,80.59,32.444,585
2021-08-03T00:00:00.000Z,15.9,487,53.4,34.25,94.85,69.102,589
2021-08-04T00:00:00.000Z,37.7,622.2,91.7,52.05,177.7,113.244,561
2021-08-05T00:00:00.000Z,31.1,568.8,64.15,46.8,112.9,88.601,590
2021-08-06T00:00:00.000Z,32.4,363.6,60.7,40.7,102.7,54.296,542
2021-08-07T00:00:00.000Z,11,534.1,52.6,41.95,112.3,75.28,537
2021-08-08T00:00:00.000Z,10.8,743.2,51.35,37.4,134.3,101.019,546
2021-08-09T00:00:00.000Z,16.3,760.2,128.6,70.34,260.14,132.738,540
2021-08-10T00:00:00.000Z,20.1,893.2,124.7,68.15,264,115.549,549
2021-08-11T00:00:00.000Z,15.7,608.9,73.59,49.3,111.75,82.873,569
2021-08-12T00:00:00.000Z,27.2,680.7,140.1,90.05,251.45,123.528,572
2021-08-13T00:00:00.000Z,15.4,759.1,121.8,65.59,177.7,86.918,554
2021-08-14T00:00:00.000Z,23.7,746.3,87.95,45,173.7,104.169,534
2021-08-15T00:00:00.000Z,42.7,637.9,90.6,55.05,129.5,77.079,545
2021-08-16T00:00:00.000Z,0.7,318.7,33.9,18.7,57.8,49.201,499
2021-08-17T00:00:00.000Z,8.9,501.9,71.84,31.15,137.35,81.95,580
2021-08-18T00:00:00.000Z,0.7,403.3,46.25,22.25,85.15,57.084,536
2021-08-19T00:00:00.000Z,1.5,337.4,46.7,26.45,106.1,68.417,544
2021-08-20T00:00:00.000Z,4,524.1,43.25,22.6,91.7,95.637,578
2021-08-21T00:00:00.000Z,1.2,368.5,31,7.8,57.2,63.299,563
2021-08-22T00:00:00.000Z,13.6,464.1,44.2,33.7,89.35,66.795,521
2021-08-23T00:00:00.000Z,11.4,543.3,99.5,45.15,241.45,119.344,529
2021-08-24T00:00:00.000Z,12.8,703.1,120.9,63.7,175.2,104.424,567
2021-08-25T00:00:00.000Z,9.4,834.2,49.3,34.6,96.8,114.393,547
2021-08-26T00:00:00.000Z,2.2,530.6,36.1,20.75,56.1,74.029,533
2021-08-27T00:00:00.000Z,14.1,493.2,57.3,39.95,116.35,100.656,545
2021-08-28T00:00:00.000Z,4,205.3,41.4,16.3,74.45,37.552,500
2021-08-29T00:00:00.000Z,17.4,273.1,58.1,41.3,94.3,56.252,513
2021-08-30T00:00:00.000Z,13.4,421.2,55.4,39,83,51.717,539
2021-08-31T00:00:00.000Z,16.3,316.6,60.5,44.2,123.25,68.151,541
2021-09-01T00:00:00.000Z,6.3,486.1,88.9,42.8,167.85,96.271,533
2021-09-02T00:00:00.000Z,15.3,226.8,58.45,38.5,84.6,36.747,562
2021-09-03T00:00:00.000Z,11.2,416.7,49.8,35.29,74.45,41.279,557
2021-09-04T00:00:00.000Z,11.8,396.5,41.7,32.1,83.1,57.068,530
2021-09-05T00:00:00.000Z,8.2,423.2,43.6,18.25,111.45,85.187,452
2021-09-06T00:00:00.000Z,23.7,417,63,44.5,161.1,82.284,479
2021-09-07T00:00:00.000Z,3.3,351.1,47.7,23.45,87.75,53.131,485
2021-09-08T00:00:00.000Z,14.9,342.3,62.5,40.4,96,47.045,611
2021-09-09T00:00:00.000Z,8.4,259.3,46.4,32.9,60.95,38.771,609
2021-09-10T00:00:00.000Z,7.4,373.8,48.1,34.2,74.9,52.643,607
2021-09-11T00:00:00.000Z,23.8,314.3,49.8,39.7,82.5,47.978,635
2021-09-12T00:00:00.000Z,0.4,447.4,34.4,17.05,48.75,40.752,637
2021-09-13T00:00:00.000Z,7.3,456,49,26.6,92.3,61.799,602
2021-09-14T00:00:00.000Z,6.8,792.4,69.2,42.5,136.35,111.422,629
2021-09-15T00:00:00.000Z,3.1,433.1,55.15,38.1,104.3,60.385,638
2021-09-16T00:00:00.000Z,8.2,484.1,70.05,37.2,138,85.093,634
2021-09-17T00:00:00.000Z,3.3,455.6,30.1,19.05,40.85,47.127,640
2021-09-18T00:00:00.000Z,8.2,532.5,50.3,36.29,132.19,78.491,611
2021-09-19T00:00:00.000Z,4,280.6,44.25,25.4,70.34,41.76,628
2021-09-20T00:00:00.000Z,4.2,468,39.4,25.15,55.6,47.922,633
2021-09-21T00:00:00.000Z,5.2,192.5,50.4,21.45,79.5,36.119,633
2021-09-22T00:00:00.000Z,9.7,111.2,26.85,18.5,35.1,12.963,610
2021-09-23T00:00:00.000Z,6.4,402.8,47.8,31,71.55,45.667,625
2021-09-24T00:00:00.000Z,6.6,269.9,45,28.2,56.1,23.995,604
2021-09-25T00:00:00.000Z,4,76.3,28.3,18.85,40.4,14.268,621
2021-09-26T00:00:00.000Z,4.7,430.5,43.35,14.7,91,64.078,610
2021-09-27T00:00:00.000Z,4,424.8,44.4,30.15,65.2,40.665,621
2021-09-28T00:00:00.000Z,6.4,820.9,37.5,23.15,57.7,48.751,625
2021-09-29T00:00:00.000Z,8.5,165.1,44.55,38.29,52.5,19.688,622
2021-09-30T00:00:00.000Z,1.1,427.1,27.5,14.7,45.9,43.697,607
2021-10-01T00:00:00.000Z,3.6,126.9,33.4,23.7,42.4,17.192,628
2021-10-02T00:00:00.000Z,4.7,228.5,29.4,18,42.15,30.747,617
2021-10-03T00:00:00.000Z,7.1,281.1,55.3,31.6,111.2,55.927,603
2021-10-04T00:00:00.000Z,3,235.5,38.4,23.65,53.8,27.85,612
2021-10-05T00:00:00.000Z,6.3,271.4,31.9,22.55,41.5,24.919,625
2021-10-06T00:00:00.000Z,0,266.3,20.1,4,57.1,41.578,355
2021-10-07T00:00:00.000Z,3,272.4,23.2,11.1,38.1,28.125,613
2021-10-08T00:00:00.000Z,9.9,163.2,31.9,22.9,39.3,14.631,599
2021-10-09T00:00:00.000Z,6.8,59,18.4,11.8,31.7,10.997,603
2021-10-10T00:00:00.000Z,2,282.7,23.8,12.1,42.9,29.455,611
2021-10-11T00:00:00.000Z,6.3,154.2,21.8,14.2,44.7,24.071,618
2021-10-12T00:00:00.000Z,11.5,122.5,30.1,22.7,38.04,14.608,601
2021-10-13T00:00:00.000Z,7.5,82.5,28.8,19.4,37.5,12.817,611
2021-10-14T00:00:00.000Z,1.8,154.8,28.7,20.1,35.4,17.195,611
2021-10-15T00:00:00.000Z,3.4,604.2,48.9,23.8,87.9,85.916,626
2021-10-16T00:00:00.000Z,4.2,323.2,40,25.3,69,51.158,615
2021-10-17T00:00:00.000Z,1.1,310.3,40.65,9,105.2,67.773,606
2021-10-18T00:00:00.000Z,2.3,52.3,15.1,7.75,25.5,10.876,601
2021-10-19T00:00:00.000Z,2,744.5,19.39,10.8,30.1,49.998,610
2021-10-20T00:00:00.000Z,0,286.9,20.3,6.65,41.6,25.317,589
2021-10-21T00:00:00.000Z,3.8,92.7,17.25,10.5,27.5,15.7,612
2021-10-22T00:00:00.000Z,6.7,103.3,29.7,19.89,44.9,17.114,614
2021-10-23T00:00:00.000Z,4.3,196.7,25.2,12.8,37.5,21.704,615
2021-10-24T00:00:00.000Z,3,137.4,25.35,18.1,41.3,18.482,622
2021-10-25T00:00:00.000Z,3.1,308.2,29.7,15.1,50.8,31.13,634
2021-10-26T00:00:00.000Z,3.6,246.1,26.25,15.4,43,30.712,618
2021-10-27T00:00:00.000Z,4,130.3,16.7,9,30.1,17.017,611
2021-10-28T00:00:00.000Z,3.3,160.9,16.8,9.25,25.5,14.704,625
2021-10-29T00:00:00.000Z,4.4,172.5,19.7,10.19,29.25,15.906,633
2021-10-30T00:00:00.000Z,2.2,35.8,8.5,5.9,15.3,8.295,586
2021-10-31T00:00:00.000Z,2.2,68.9,20.3,11.1,27.1,11.708,635
2021-11-01T00:00:00.000Z,2.6,119.6,10.3,5.6,17.6,12.198,599
2021-11-02T00:00:00.000Z,1.7,140.8,13.25,7.4,20.5,15.668,626
2021-11-03T00:00:00.000Z,7,313.1,28.15,16.7,35.4,32.202,610
2021-11-04T00:00:00.000Z,1.8,217.4,19,9.94,50.9,43.882,409
2021-11-05T00:00:00.000Z,0.8,82.1,9.8,4.4,23.2,18.597,608
2021-11-06T00:00:00.000Z,3.2,268.4,12.6,7.7,18.25,22.709,600
2021-11-07T00:00:00.000Z,0.8,38.4,7.9,3.6,14.1,7.122,586
2021-11-08T00:00:00.000Z,2.1,112.6,10,5.5,16,8.889,487
2021-11-09T00:00:00.000Z,3.9,124.1,15.5,7.3,23,13.415,610
2021-11-10T00:00:00.000Z,0.8,138.5,9,4.4,17.89,14.995,587
2021-11-11T00:00:00.000Z,2.6,129.1,12.5,8.8,18.89,11.906,583
2021-11-12T00:00:00.000Z,4.3,163.1,18.3,13.8,26.9,13.165,606
2021-11-13T00:00:00.000Z,0.9,108,10.5,5.9,17.5,14.137,595
2021-11-14T00:00:00.000Z,5.9,252.6,32.2,22.25,45.85,32.421,612
2021-11-15T00:00:00.000Z,1.3,134.4,9.1,4.7,18.2,19.783,591
2021-11-16T00:00:00.000Z,0.1,172.7,8.5,1.9,29.9,22.412,602
2021-11-17T00:00:00.000Z,0.6,24,7.3,4.7,10.7,4.343,607
2021-11-18T00:00:00.000Z,0.2,52.4,5.6,3.5,10.8,6.529,592
2021-11-19T00:00:00.000Z,2.3,37,9.4,6,13.1,5.458,617
2021-11-20T00:00:00.000Z,0.6,78.9,8.3,5.1,11.2,5.833,603
2021-11-21T00:00:00.000Z,0.4,66.1,5,3,10.6,8.032,586
2021-11-22T00:00:00.000Z,0,39.8,3.4,1.75,6.5,4.621,560
2021-11-23T00:00:00.000Z,0.6,20.7,4.4,2.2,6.7,3.477,581
2021-11-24T00:00:00.000Z,1,108.1,9.1,4.9,25.3,13.725,602
2021-11-25T00:00:00.000Z,2.3,46.4,12.7,7.7,18.3,8.416,598
2021-11-26T00:00:00.000Z,0.5,35,5.25,3.5,8.1,4.905,590
2021-11-27T00:00:00.000Z,1.1,529.2,5.4,3.3,9,32.981,598
2021-11-28T00:00:00.000Z,0.4,41.4,7.7,3.8,13.2,6.739,591
2021-11-29T00:00:00.000Z,0.5,23.2,6.2,3.9,10.19,4.602,591
2021-11-30T00:00:00.000Z,0.9,72.8,8.5,4.9,14.2,6.595,573
2021-12-01T00:00:00.000Z,2.5,153.3,7.8,4.59,12.4,13.702,573
2021-12-02T00:00:00.000Z,2,38.1,6.5,4.2,12.1,6.526,605
2021-12-03T00:00:00.000Z,9.5,34.8,17.89,15.65,20.85,4.046,248
2021-12-04T00:00:00.000Z,1.7,249.8,9.05,5.4,11.3,17.383,546
2021-12-05T00:00:00.000Z,0.7,24.1,6.6,2.8,9,4.333,602
2021-12-06T00:00:00.000Z,1.3,45,7.75,4.09,11.7,5.37,572
2021-12-07T00:00:00.000Z,9.1,76.9,20.35,14.05,25.9,8.777,600
2021-12-08T00:00:00.000Z,5.3,33.8,12.8,8.8,14.8,4.714,591
2021-12-09T00:00:00.000Z,0.6,32.8,3.5,1.9,9.9,5.697,393
2021-12-10T00:00:00.000Z,2,27.7,8.4,3.6,10.3,3.652,596
2021-12-11T00:00:00.000Z,1.8,49.4,6.5,4.5,10.1,5.238,611
2021-12-12T00:00:00.000Z,0.5,42.3,3.5,1.9,7.2,6.158,581
2021-12-13T00:00:00.000Z,0.3,47.8,11.5,2.2,18.6,9.483,599
2021-12-14T00:00:00.000Z,0.3,72.7,3.3,2.1,5.2,5.743,556
2021-12-15T00:00:00.000Z,0.9,38.2,3.6,2.6,6.1,3.848,592
2021-12-16T00:00:00.000Z,1.6,45.9,5.55,3.3,7.8,4.271,592
2021-12-17T00:00:00.000Z,0.9,38.7,5.7,3.1,13.75,7.118,608
2021-12-18T00:00:00.000Z,2.3,28.8,5.2,4.3,6.7,3.006,569
2021-12-19T00:00:00.000Z,2.7,24.8,5.09,3.9,7.05,3.132,589
2021-12-20T00:00:00.000Z,1,20.3,6.4,3.2,8.05,3.487,577
2021-12-21T00:00:00.000Z,0.8,21.4,5.7,2.5,6.9,2.972,596
2021-12-22T00:00:00.000Z,2.9,27.3,6.2,5.1,7.5,2.739,581
2021-12-23T00:00:00.000Z,0,21.9,3.3,1.9,5.5,2.817,539
2021-12-24T00:00:00.000Z,1.4,56.9,5.8,4.3,9.25,8.153,597
2021-12-25T00:00:00.000Z,1,31.2,5.7,2.8,7.15,5.277,561
2021-12-26T00:00:00.000Z,0.6,10,3.9,2.5,4.9,1.615,591
2021-12-27T00:00:00.000Z,0.1,28.9,2.6,1.4,4.59,4.681,552
2021-12-28T00:00:00.000Z,0.3,16.8,3.9,1.5,5.3,2.762,585
2021-12-29T00:00:00.000Z,0.2,35.5,3.1,2.2,5.6,7.236,593
2021-12-30T00:00:00.000Z,0,10.4,2.2,1,3.8,2.04,559
2021-12-31T00:00:00.000Z,0.1,38,7.8,2.7,13.2,7.711,587
2022-01-01T00:00:00.000Z,2.3,98.5,9.9,6.9,15.8,8.876,432
2022-01-02T00:00:00.000Z,2.2,101.7,16,11.95,22.95,10.101,225
2022-01-03T00:00:00.000Z,0.4,23.8,4.4,1.8,8.19,5.255,515
2022-01-04T00:00:00.000Z,0.3,104.9,5,3.5,8.5,8.847,605
2022-01-05T00:00:00.000Z,1.4,32.6,5.8,3.3,7.8,3.713,584
2022-01-06T00:00:00.000Z,1.2,9,3.6,2.54,4.84,1.368,325
2022-01-07T00:00:00.000Z,0.1,14.1,5,1.9,6.3,2.635,560
2022-01-08T00:00:00.000Z,0.2,38.9,3.5,2,4.5,3.089,535
2022-01-09T00:00:00.000Z,0,114.1,5.3,1.2,8.19,8.674,553
2022-01-10T00:00:00.000Z,0,19.4,5.3,3.6,8.6,3.813,553
2022-01-11T00:00:00.000Z,0,36.1,3.6,2.1,7.2,6.884,569
2022-01-12T00:00:00.000Z,1.3,14.2,4,3.4,4.9,1.409,589
2022-01-13T00:00:00.000Z,0.6,19.9,3.7,2.6,5.5,2.198,587
2022-01-14T00:00:00.000Z,1.3,27.5,4.2,3.3,5.5,2.575,558
2022-01-15T00:00:00.000Z,0.4,13.8,3.4,2.2,6.45,2.595,580
2022-01-16T00:00:00.000Z,0.2,17.5,2.7,1.7,4.8,2.723,597
2022-01-17T00:00:00.000Z,0,23.4,3.3,1.7,6.05,4.005,592
2022-01-18T00:00:00.000Z,0.1,25.3,6.4,1.5,10.75,5.335,589
2022-01-19T00:00:00.000Z,0.2,28.6,3.5,1.95,4.9,2.727,592
2022-01-20T00:00:00.000Z,0.2,20.7,3.5,1.6,6.1,3.278,577
2022-01-21T00:00:00.000Z,0,41.5,4.09,1.5,6.8,4.182,594
2022-01-22T00:00:00.000Z,1.4,72.5,8.9,5.09,15.45,9.724,617
2022-01-23T00:00:00.000Z,0.9,75.9,13.35,7.5,29.8,14.965,598
2022-01-24T00:00:00.000Z,0,27.7,4.2,1.3,8.1,4.494,599
2022-01-25T00:00:00.000Z,1.1,34.8,3.4,2.6,6.2,5.686,602
2022-01-26T00:00:00.000Z,0.3,21,4.3,2.8,6.1,2.704,575
2022-01-27T00:00:00.000Z,1.2,18.8,4.1,3.1,7.2,3.396,607
2022-01-28T00:00:00.000Z,1.6,24,7.3,6,9.8,3.429,573
2022-01-29T00:00:00.000Z,2,20.1,6.9,5.1,9.1,2.71,597
2022-01-30T00:00:00.000Z,0.9,40.1,7.3,3.2,10.6,5.53,592
2022-01-31T00:00:00.000Z,0.3,23.4,3.6,2.3,5.9,3.414,593
2022-02-01T00:00:00.000Z,0.5,14.6,3.2,1.8,5.09,2.777,540
2022-02-02T00:00:00.000Z,0.7,22,2.4,1.7,5.35,5.513,596
2022-02-03T00:00:00.000Z,1.3,18.5,4.5,2.8,7.9,3.356,593
2022-02-04T00:00:00.000Z,0.2,21.2,2.3,1.5,3.6,3.025,613
2022-02-05T00:00:00.000Z,1.2,27.1,4.6,3.2,6.7,3.576,561
2022-02-06T00:00:00.000Z,0,19.7,5.5,2.6,7,3.084,599
2022-02-07T00:00:00.000Z,0.9,20.4,5.2,2.8,7.9,3.64,600
2022-02-08T00:00:00.000Z,2,7.4,3.5,2.9,4.1,0.874,114
2022-02-09T00:00:00.000Z,1.2,28.7,5.35,3.6,8.5,3.921,572
2022-02-10T00:00:00.000Z,0.3,28.9,6.5,2.5,11.2,5.097,597
2022-02-11T00:00:00.000Z,0.1,38.6,3.7,1.7,7,4.411,609
2022-02-12T00:00:00.000Z,0,47.1,6.9,2.85,9.5,6.488,620
2022-02-13T00:00:00.000Z,8.1,97.9,19.8,16.2,25,16.895,599
2022-02-14T00:00:00.000Z,8.4,40.2,19.3,15.6,23.4,5.394,616
2022-02-15T00:00:00.000Z,2.1,26.6,7.85,5.7,9.8,3.045,624
2022-02-16T00:00:00.000Z,0,119.8,4.09,1.3,6.65,13.981,576
2022-02-17T00:00:00.000Z,0.2,43.2,2.9,1.9,6.35,7.338,589
2022-02-18T00:00:00.000Z,0.6,60.1,3,2,5.6,8.481,584
2022-02-19T00:00:00.000Z,0.3,24.9,3.6,2.4,5.5,3.939,598
2022-02-20T00:00:00.000Z,0.8,78.8,4.05,2.8,7.4,10.034,594
2022-02-21T00:00:00.000Z,0.2,76.9,10.7,5.9,21,11.138,621
2022-02-22T00:00:00.000Z,2.1,252.9,40.54,21,95.7,59.249,608
2022-02-23T00:00:00.000Z,11.4,167.6,25.4,16.8,52,33.434,596
2022-02-24T00:00:00.000Z,3.8,52.6,21,12.2,29.8,10.721,605
2022-02-25T00:00:00.000Z,2.3,80.4,18.3,8.8,22.85,9.656,613
2022-02-26T00:00:00.000Z,0.3,57.9,5.7,3.05,12.45,9.073,624
2022-02-27T00:00:00.000Z,0.5,45.4,3.45,2.1,7,5.431,616
2022-02-28T00:00:00.000Z,1.2,81.4,10.95,4.4,20.1,11.014,622
2022-03-01T00:00:00.000Z,2.8,264.3,16.5,10.4,25.95,24.225,609
2022-03-02T00:00:00.000Z,0.3,123.5,11.7,3.9,24.85,17.237,613
2022-03-03T00:00:00.000Z,0,36.7,4.4,2.3,7.1,5.254,574
2022-03-04T00:00:00.000Z,0.2,83.9,3.8,2.6,8.69,15.143,616
2022-03-05T00:00:00.000Z,0.6,46.4,13.1,4.4,21.35,10.795,613
2022-03-06T00:00:00.000Z,3.1,119.9,13.9,9.9,25.4,15.023,625
2022-03-07T00:00:00.000Z,1.3,194.7,9.4,4.8,30.3,28.48,621
2022-03-08T00:00:00.000Z,2.2,186.7,20.8,12.6,30.1,16.07,606
2022-03-09T00:00:00.000Z,1.6,238.7,27.3,8,55.7,51.32,619
2022-03-10T00:00:00.000Z,0.5,271.1,15.5,5.5,32.2,22.509,606
2022-03-11T00:00:00.000Z,0.3,122.2,12.3,6.5,17,10.534,575
2022-03-12T00:00:00.000Z,1.8,48.8,13.5,9.85,17.4,6.711,584
2022-03-13T00:00:00.000Z,0.4,73.7,12.9,7.4,18.4,10.583,603
2022-03-14T00:00:00.000Z,0.8,215.8,10.7,7.3,15,14.499,611
2022-03-15T00:00:00.000Z,0.7,57.2,9.55,6.4,17.39,8.605,598
2022-03-16T00:00:00.000Z,1.1,136.9,32.5,16.1,48.4,22.234,631
2022-03-17T00:00:00.000Z,0.8,129.9,8.4,4.55,16.8,11.963,625
2022-03-18T00:00:00.000Z,1.6,187,11.75,6,21.8,19.027,582
2022-03-19T00:00:00.000Z,11.5,151.4,36.7,30.3,43.35,18.973,605
2022-03-20T00:00:00.000Z,11.2,149.8,47.5,22.7,55,19.114,623
2022-03-21T00:00:00.000Z,4.2,128,21.3,11.3,32.6,15.164,590
2022-03-22T00:00:00.000Z,2.4,61.3,18.3,7.7,30,12.217,624
2022-03-23T00:00:00.000Z,1,166.1,9.9,5.15,18.6,12.501,609
2022-03-24T00:00:00.000Z,3.8,343.4,38.75,16.8,58.45,39.483,624
2022-03-25T00:00:00.000Z,3.2,240.2,26.7,10.25,42.7,24.935,601
2022-03-26T00:00:00.000Z,4,197.3,23.4,12.35,31.05,28.257,597
2022-03-27T00:00:00.000Z,4,175.5,26.9,15.8,39.1,36.596,623
2022-03-28T00:00:00.000Z,1,313.2,43.2,29.3,57.95,37.915,620
2022-03-29T00:00:00.000Z,1.1,114.4,12,6.1,22.85,14.618,621
2022-03-30T00:00:00.000Z,3.8,307.5,46.55,19.5,64,52.334,610
2022-03-31T00:00:00.000Z,4.7,212,44.55,16.89,63.85,29.686,628
2022-04-01T00:00:00.000Z,2.3,280.1,41.1,21.4,67.4,36.721,618
2022-04-02T00:00:00.000Z,0.3,319,30.25,6.9,42.3,42.06,630
2022-04-03T00:00:00.000Z,3.5,509.9,35.65,23.65,50.7,44.298,616
2022-04-04T00:00:00.000Z,1.7,267.9,44.1,19.39,80.9,41.595,615
2022-04-05T00:00:00.000Z,5.1,257.9,43.9,27.2,63.6,35.141,631
2022-04-06T00:00:00.000Z,5.5,450.6,43.25,26.6,84.6,52.187,630
2022-04-07T00:00:00.000Z,9.5,367.6,41.1,33.29,47.9,30.885,630
2022-04-08T00:00:00.000Z,4.4,170.2,30.4,16.89,39,21.227,614
2022-04-09T00:00:00.000Z,7.9,333.5,37.1,21.95,53.85,54.873,593
2022-04-10T00:00:00.000Z,8.9,741.3,48.4,31.2,100.5,70.882,635
2022-04-11T00:00:00.000Z,17.3,550.1,70.1,45.3,106.9,76.355,635
2022-04-12T00:00:00.000Z,4.1,455.7,26.3,13.5,76,85.136,623
2022-04-13T00:00:00.000Z,8.9,276.3,72.6,30.8,114.2,53.349,626
2022-04-14T00:00:00.000Z,12.5,406.2,62.2,40.4,96.15,54.622,632
2022-04-15T00:00:00.000Z,6.2,549.1,41.7,17.6,93.8,63.594,618
2022-04-16T00:00:00.000Z,10.5,215.4,29.8,19.85,54.5,33.591,629
2022-04-17T00:00:00.000Z,31.9,589.9,53.1,42.9,70.34,61.689,633
2022-04-18T00:00:00.000Z,18.9,551.1,68.05,45.8,113,98.127,630
2022-04-19T00:00:00.000Z,26.8,315.3,71.4,46.1,114.5,54.768,619
2022-04-20T00:00:00.000Z,6.4,562.5,37.1,23.1,69.65,91.742,624
2022-04-21T00:00:00.000Z,15.3,645.7,52.4,36.95,105.65,160.628,628
2022-04-22T00:00:00.000Z,2.9,495.7,41.6,28.9,64.5,68.638,631
2022-04-23T00:00:00.000Z,0.4,550,24,6.8,45.4,66.134,630
2022-04-24T00:00:00.000Z,1.7,558.3,31.65,15,54.4,74.982,626
2022-04-25T00:00:00.000Z,7.5,705.9,54.9,36.1,105.8,73.397,635
2022-04-26T00:00:00.000Z,1,606.9,35.6,14.45,72.2,90.7,624
2022-04-27T00:00:00.000Z,0.3,554,36.65,21.1,91.25,94.91,628
2022-04-28T00:00:00.000Z,4.9,595.7,82.35,43.3,168.1,104.872,626
2022-04-29T00:00:00.000Z,10,570.6,77.3,41.85,211.35,108.142,621
2022-04-30T00:00:00.000Z,38,731,116.9,62.6,231.35,146.286,624
2022-05-01T00:00:00.000Z,23.5,824.1,101.45,56.8,162.3,128.488,626
2022-05-02T00:00:00.000Z,6.3,180.4,42.25,30.5,52.5,23.792,618
2022-05-03T00:00:00.000Z,11.7,425.4,46.3,29.3,81.09,63.842,615
2022-05-04T00:00:00.000Z,12.1,414,48.5,36.7,65.9,48.418,622
2022-05-05T00:00:00.000Z,3.6,807.1,43.05,31.2,63.9,89.715,642
2022-05-06T00:00:00.000Z,23.4,611.9,86.25,51.15,168.15,104.034,632
2022-05-07T00:00:00.000Z,11.3,452.3,44.4,34.54,59.5,39.211,612
2022-05-08T00:00:00.000Z,26.5,1181.7,92.45,60.6,153.69,107.241,628
2022-05-09T00:00:00.000Z,23.9,444.1,59.7,46.3,94.95,53.049,633
2022-05-10T00:00:00.000Z,13.2,715.4,37.95,23.9,96.1,79.205,622
2022-05-11T00:00:00.000Z,38.2,564.9,104.8,66.7,163.69,98.537,631
2022-05-12T00:00:00.000Z,34.1,834.8,107,65.5,175.55,108.138,620
2022-05-13T00:00:00.000Z,5.1,665.1,71.5,47.5,135.94,115.892,617
2022-05-14T00:00:00.000Z,12.6,779.1,80.9,48.5,160.9,133.265,615
2022-05-15T00:00:00.000Z,35.4,864.8,131.1,67.45,261.05,167.46,617
2022-05-16T00:00:00.000Z,34.5,932.5,167.4,94.3,313.3,175.713,618
2022-05-17T00:00:00.000Z,52.9,833,188.75,129.2,350.3,162.826,614
2022-05-18T00:00:00.000Z,66.5,830.3,206.3,136.8,287.3,143.781,630
2022-05-19T00:00:00.000Z,30.8,877.3,57.6,44.7,89.2,63.201,629
2022-05-20T00:00:00.000Z,1.3,983.3,53.1,37.1,93.3,121.845,634
2022-05-21T00:00:00.000Z,20.7,755.1,106.6,51.8,196.2,117.088,623
2022-05-22T00:00:00.000Z,4.3,549.5,62.1,13.9,114.4,92.585,623
2022-05-23T00:00:00.000Z,36.5,816.2,213.5,110.6,310.1,131.577,628
2022-05-24T00:00:00.000Z,11.8,1057.1,88.4,44.2,211.5,144.757,619
2022-05-25T00:00:00.000Z,23.3,618.9,90.5,48.55,141.25,105.164,633
2022-05-26T00:00:00.000Z,17.6,687.3,99.3,53.9,257.45,138.516,624
2022-05-27T00:00:00.000Z,153.2,772.3,481.9,429.2,558.2,124.29,87
2022-05-28T00:00:00.000Z,17.1,939.8,119.05,73.5,171.65,173.975,500
2022-05-29T00:00:00.000Z,36.9,689.8,174.4,115.8,306.39,154.38,683
2022-05-30T00:00:00.000Z,38.1,771.1,203.5,127.65,416.75,180.633,664
2022-05-31T00:00:00.000Z,57.6,1079.7,218,138.5,382.3,167.332,679
2022-06-01T00:00:00.000Z,43.9,788.7,192.6,113.75,276.85,138.014,665
2022-06-02T00:00:00.000Z,46.3,1038.5,240.35,163.19,427.95,184.442,664
2022-06-03T00:00:00.000Z,5.6,1308,71.5,41.8,246.75,234.158,676
2022-06-04T00:00:00.000Z,29.3,885.4,102.25,66.45,166.4,142.225,644
2022-06-05T00:00:00.000Z,1,774.8,67.75,24.1,129.4,93.208,674
2022-06-06T00:00:00.000Z,3.5,804.9,104.3,59.3,165.7,106.101,679
2022-06-07T00:00:00.000Z,2.6,696.3,58.8,32.54,139.35,100.676,664
2022-06-08T00:00:00.000Z,10.2,803.8,103.3,55.6,200,118.51,651
2022-06-09T00:00:00.000Z,11,1075,80,45.5,148.44,154.414,669
2022-06-10T00:00:00.000Z,48.3,926.9,317.1,104.9,474.1,213.084,667
2022-06-11T00:00:00.000Z,49.4,1046.7,180,123.05,333.6,195.798,661
2022-06-12T00:00:00.000Z,86.9,844.4,196.35,141.85,317.25,154.694,676
2022-06-13T00:00:00.000Z,25.7,715.6,114.8,62.7,211.7,126.996,674
2022-06-14T00:00:00.000Z,18.2,1042.4,126.6,45.4,232.2,134.43,676
2022-06-15T00:00:00.000Z,30.1,836,109.5,60.1,184.05,133.161,673
2022-06-16T00:00:00.000Z,14.6,1010.3,83.65,43.35,213.15,171.895,672
2022-06-17T00:00:00.000Z,11,778.4,75.59,54.25,140.1,116.675,596
2022-06-18T00:00:00.000Z,38.5,769.6,154.8,107.65,291.7,134.261,681
2022-06-19T00:00:00.000Z,19.3,757.6,62.7,40.45,113.4,90.582,653
2022-06-20T00:00:00.000Z,8.4,842.7,141.8,46.5,223.25,126.016,676
2022-06-21T00:00:00.000Z,21.1,634.2,93.15,51.3,162.19,120.209,672
2022-06-22T00:00:00.000Z,48.1,747.7,203.35,102.1,334.2,155.733,670
2022-06-23T00:00:00.000Z,60.5,946.2,176.5,127.45,241.75,99.26,653
2022-06-24T00:00:00.000Z,6.1,647.9,116.4,39.75,194.25,120.879,653
2022-06-25T00:00:00.000Z,43,987.6,147.15,83.25,282.8,161.044,656
2022-06-26T00:00:00.000Z,44.6,795.4,212.7,142.8,345.4,166.746,678
2022-06-27T00:00:00.000Z,40.6,1443.1,179.5,107.9,321.25,176.432,672
2022-06-28T00:00:00.000Z,7,675.6,58.6,19.8,167.5,109.616,646
2022-06-29T00:00:00.000Z,2.3,727.4,46.3,25.3,90.5,76.8,663
2022-06-30T00:00:00.000Z,23.8,1132.3,138.3,57.4,239.8,157.181,669
2022-07-01T00:00:00.000Z,1,700.3,56.8,32.45,99.2,129.208,677
2022-07-02T00:00:00.000Z,10,651.1,87,37.54,193.05,137.132,664
2022-07-03T00:00:00.000Z,10.2,1078,63.65,38.65,131.4,126.249,668
2022-07-04T00:00:00.000Z,9.8,465.1,54.7,39.04,89.15,67.146,652
2022-07-05T00:00:00.000Z,3.3,953.8,79.8,39.1,167,151.277,660
2022-07-06T00:00:00.000Z,1.2,732.4,69.45,17.39,157.85,119.163,668
2022-07-07T00:00:00.000Z,12,808.3,35.4,22.2,255.1,149.519,383
2022-07-08T00:00:00.000Z,43,678.5,120.7,86.1,174.7,90.348,259
2022-07-09T00:00:00.000Z,5.4,692.4,39.79,12.1,197.3,134.631,662
2022-07-10T00:00:00.000Z,7,795.6,104.7,51.9,177.35,110.631,660
2022-07-11T00:00:00.000Z,20.6,699.2,107,58.65,175.6,98.998,672
2022-07-12T00:00:00.000Z,5.2,981.5,111.5,33.7,206.4,160.88,669
2022-07-13T00:00:00.000Z,27.5,688.6,174.85,90.2,261.14,133.847,672
2022-07-14T00:00:00.000Z,10.2,1195.4,122.5,49.4,233.2,167.173,634
2022-07-15T00:00:00.000Z,23.7,659.7,120.3,73.59,222.6,141.253,662
2022-07-16T00:00:00.000Z,39.8,805.2,93.9,64.95,215.65,175.849,653
2022-07-17T00:00:00.000Z,1.1,660.9,52.6,12.2,127.75,126.068,673
2022-07-18T00:00:00.000Z,25.4,816.8,142.25,84.05,337.05,159.098,664
2022-07-19T00:00:00.000Z,34.5,787.6,167.4,68.59,382.7,177.39,678
2022-07-20T00:00:00.000Z,19.8,1032.7,183.6,91.4,400.85,222.905,689
2022-07-21T00:00:00.000Z,44.6,649.5,146.8,87.4,209,108.298,675
2022-07-22T00:00:00.000Z,5.9,761.2,59.5,36.35,123.7,96.069,680
2022-07-23T00:00:00.000Z,4.7,1039.1,87.6,29,186.8,135.768,679
2022-07-24T00:00:00.000Z,4.9,959.7,212.1,101.35,336.5,153.239,669
2022-07-25T00:00:00.000Z,11.3,646.9,132.1,77.8,205.7,100.736,659
2022-07-26T00:00:00.000Z,2.6,506.2,56.3,27.7,100.5,72.873,659
2022-07-27T00:00:00.000Z,16.9,1279.6,116.4,56,236.4,183.958,671
2022-07-28T00:00:00.000Z,21.3,1028.9,168.5,74.15,296.5,173.964,676
2022-07-29T00:00:00.000Z,16.1,317.6,58.2,38.1,89.7,48.736,679
2022-07-30T00:00:00.000Z,30.8,947.7,166.35,117.5,240.7,120.241,670
2022-07-31T00:00:00.000Z,31.1,784.4,95.8,60.4,168,97.834,666
2022-08-01T00:00:00.000Z,10.5,1129,102.7,59.5,224.1,131.237,623
2022-08-02T00:00:00.000Z,25.1,1016.3,183.8,113.9,320.39,161.032,650
2022-08-03T00:00:00.000Z,46.7,683.5,172.95,98.55,267.75,128.393,376
2022-08-04T00:00:00.000Z,29.4,1212.7,78.15,46.5,157.8,118.493,686
2022-08-05T00:00:00.000Z,17.9,854.8,48.85,36.29,133.19,129.972,686
2022-08-06T00:00:00.000Z,9.3,988.7,122,58,276.2,176.62,629
2022-08-07T00:00:00.000Z,6.5,582,174,60,255.7,124.231,407
2022-08-08T00:00:00.000Z,9.5,738.3,46.05,31,90.05,114.888,620
2022-08-09T00:00:00.000Z,31.2,886.2,128.19,72,217.9,122.363,693
2022-08-10T00:00:00.000Z,22.7,1446.6,118.9,52.4,224.2,170.606,675
2022-08-11T00:00:00.000Z,37.3,907.8,149,85.2,269.1,147.844,691
2022-08-12T00:00:00.000Z,9.1,626.6,104.4,28.3,197.7,112.537,674
2022-08-13T00:00:00.000Z,1.9,998.3,35.1,14.25,75.59,127.863,689
2022-08-14T00:00:00.000Z,7.6,972.3,100.2,35.25,221,159.212,689
2022-08-15T00:00:00.000Z,3.2,1491,54.75,21.15,188.95,199.444,672
2022-08-16T00:00:00.000Z,1.2,527.8,50.2,31.6,72,52.297,663
2022-08-17T00:00:00.000Z,4.9,904.8,81.4,48,161.8,119.395,661
2022-08-18T00:00:00.000Z,12,832.5,108.6,63.3,194.35,123.144,677
2022-08-19T00:00:00.000Z,15.8,594.2,80.59,49.7,136.69,101.566,687
2022-08-20T00:00:00.000Z,6.6,301.9,38.25,26.15,50.2,40.045,652
2022-08-21T00:00:00.000Z,8.8,233.9,43.25,32.95,96.85,56.105,676
2022-08-22T00:00:00.000Z,30.8,421.5,58.5,48,83,38.818,677
2022-08-23T00:00:00.000Z,15.2,307.6,55,37.29,86.05,42.636,684
2022-08-24T00:00:00.000Z,19.5,392.4,57.5,42.95,103.15,60.3,676
2022-08-25T00:00:00.000Z,11.3,518.3,99.8,51.9,193,91.916,662
2022-08-26T00:00:00.000Z,30.3,853.6,115.45,72.59,172.6,93.097,682
2022-08-27T00:00:00.000Z,6.8,414.6,51.2,35.85,96.5,77.585,684
2022-08-28T00:00:00.000Z,11.8,909.5,77.65,37.9,193.5,110.316,674
2022-08-29T00:00:00.000Z,33.7,1034.5,165.6,71.55,280.85,163.57,677
2022-08-30T00:00:00.000Z,15.5,846.4,110.3,35.2,246.6,141.228,664
2022-08-31T00:00:00.000Z,26.4,428.5,79.25,50.8,120,57.47,686
2022-09-01T00:00:00.000Z,5.8,238.5,37.9,28.8,55.1,37.174,663
2022-09-02T00:00:00.000Z,9.8,357.3,47.4,29.3,72.5,47.42,681
2022-09-03T00:00:00.000Z,9.5,203.9,48.1,32.5,72.3,31.333,659
2022-09-04T00:00:00.000Z,5.7,86.5,23,13.2,39.6,16.387,635
2022-09-05T00:00:00.000Z,18,869.1,62.05,45,108.55,125.362,688
2022-09-06T00:00:00.000Z,6.2,965.1,119.2,66.75,244.55,144.137,676
2022-09-07T00:00:00.000Z,0.7,628.8,32.4,17.05,58.1,79.282,680
2022-09-08T00:00:00.000Z,14.4,838.1,100.2,48.3,228.5,146.906,671
2022-09-09T00:00:00.000Z,8.1,853.3,114.2,41.75,218.65,152.015,657
2022-09-10T00:00:00.000Z,9.4,327,53.35,30.85,89.15,66.704,652
2022-09-11T00:00:00.000Z,3.6,660.2,50.1,24.85,108.35,96.595,649
2022-09-12T00:00:00.000Z,17.9,900.4,67.09,44.4,138.4,116.146,617
2022-09-13T00:00:00.000Z,10.4,799,73.05,49.25,124.2,92.269,660
2022-09-14T00:00:00.000Z,7.2,720.9,87.5,58.9,136.5,85.844,658
2022-09-15T00:00:00.000Z,17.6,626.3,84.05,51.8,148.4,101.801,670
2022-09-16T00:00:00.000Z,2.2,420.2,44.9,8.1,82,57.762,639
2022-09-17T00:00:00.000Z,8,651.4,57.45,32.79,103.5,72.995,662
2022-09-18T00:00:00.000Z,5.9,628.5,49.65,33.6,125.5,103.257,672
2022-09-19T00:00:00.000Z,5.9,931.8,61,40.29,135.4,101.798,673
2022-09-20T00:00:00.000Z,15.9,902.7,62.7,45.9,128.65,128.389,665
2022-09-21T00:00:00.000Z,7.4,813,87.5,40.4,254.9,158.813,690
2022-09-22T00:00:00.000Z,3.8,931.3,84.85,30.3,154.85,112.488,656
2022-09-23T00:00:00.000Z,9,801.1,48.1,37.29,77.8,75.59,678
2022-09-24T00:00:00.000Z,2,118.4,38.6,24.15,45.7,18.157,665
2022-09-25T00:00:00.000Z,5.4,276.2,42.7,31.7,54.6,33.495,682
2022-09-26T00:00:00.000Z,5.2,386.4,52.2,28.3,116.4,67.689,673
2022-09-27T00:00:00.000Z,3.3,284.6,32.5,12.6,54.2,37.406,667
2022-09-28T00:00:00.000Z,2.7,445.2,49.2,20.9,78,61.674,669
2022-09-29T00:00:00.000Z,7.7,131.8,22.65,12.7,31.6,14.781,660
2022-09-30T00:00:00.000Z,3.9,797.4,23.05,12.15,35.54,53.287,672
2022-10-01T00:00:00.000Z,3.2,203.3,24,12.5,38.2,27.407,681
2022-10-02T00:00:00.000Z,11.4,204.8,39,28.8,47,23.328,674
2022-10-03T00:00:00.000Z,12.1,201.4,32.15,21.6,41.3,16.226,674
2022-10-04T00:00:00.000Z,9.1,676.5,49.7,28,111,79.822,678
2022-10-05T00:00:00.000Z,5,605.3,50.45,31,130.69,94.86,692
2022-10-06T00:00:00.000Z,1.7,639.2,41.7,17.1,85.55,55.692,664
2022-10-07T00:00:00.000Z,0.3,235.2,30.9,16.5,45.2,28.948,683
2022-10-08T00:00:00.000Z,5.6,500,51,32.1,113.55,71.036,677
2022-10-09T00:00:00.000Z,2.7,454.2,34.9,14.75,101.2,85.165,673
2022-10-10T00:00:00.000Z,3.2,134.6,17.64,9.1,42,27.797,658
2022-10-11T00:00:00.000Z,2.9,361,25.3,12.8,40.95,45.544,656
2022-10-12T00:00:00.000Z,2.2,741.2,29.8,13.8,49.45,64.566,661
2022-10-13T00:00:00.000Z,4.2,636.2,47.4,22.9,89.1,85.129,671
2022-10-14T00:00:00.000Z,2.4,170.3,31.1,9.7,49.7,27.806,663
2022-10-15T00:00:00.000Z,1.7,48.3,23.1,10.3,30.05,12.11,632
2022-10-16T00:00:00.000Z,2.4,159.6,11.4,7.4,20.39,11.39,666
2022-10-17T00:00:00.000Z,0,102.9,15.8,9.6,33.85,18.348,649
2022-10-18T00:00:00.000Z,11.4,705.4,25.1,20.7,32,48.606,487
2022-10-21T00:00:00.000Z,3.5,762,23.35,15.3,43,74.096,638
2022-10-22T00:00:00.000Z,3.7,100.8,25,14.4,33.6,13.85,647
2022-10-23T00:00:00.000Z,2.8,101.3,23,12.25,33.45,13.745,665
2022-10-24T00:00:00.000Z,4,990.5,29,19.3,40.79,94.489,687
2022-10-25T00:00:00.000Z,5,83.1,18.3,12.1,26.6,10.686,665
2022-10-26T00:00:00.000Z,0.3,101.4,9.4,4.3,21.7,14.139,675
2022-10-27T00:00:00.000Z,1.4,631.5,23.8,9.8,36.6,48.539,675
2022-10-28T00:00:00.000Z,0.8,441,36,10.3,62.6,59.715,679
2022-10-29T00:00:00.000Z,1,871.8,22.1,11.2,45.5,79.212,678
2022-10-30T00:00:00.000Z,2,286.6,34.8,10.55,54.05,47.985,685
2022-10-31T00:00:00.000Z,0.8,173.5,13.35,4.7,38.7,35.737,670
2022-11-01T00:00:00.000Z,0.8,91,9.5,3.5,21.7,13.07,663
2022-11-02T00:00:00.000Z,2.2,94.6,10.7,8,15.25,9.236,665
2022-11-03T00:00:00.000Z,3.3,112.9,16.8,10.55,24.15,10.494,621
2022-11-04T00:00:00.000Z,6.7,101.7,25,13.85,36.79,14.718,673
2022-11-05T00:00:00.000Z,12.4,56.9,25.9,22.3,30.6,6.95,679
2022-11-06T00:00:00.000Z,6,171.8,12,10.3,15.6,11.002,671
2022-11-07T00:00:00.000Z,5,49.1,13.9,9,22.1,8.295,683
2022-11-08T00:00:00.000Z,2.6,54.1,9,6.15,14.8,6.949,684
2022-11-09T00:00:00.000Z,5.6,401.3,12.35,8.19,23.9,23.501,674
2022-11-10T00:00:00.000Z,2.4,541.5,16.1,8,44.4,74.033,676
2022-11-11T00:00:00.000Z,2.5,102.3,16.6,11,23,11.618,663
2022-11-12T00:00:00.000Z,0.2,282.4,9.3,5,22.9,22.714,680
2022-11-13T00:00:00.000Z,0.7,704.5,9.69,4.9,35,62.11,671
2022-11-14T00:00:00.000Z,1.7,541.9,17.89,5.95,35.6,56.879,636
2022-11-15T00:00:00.000Z,1.5,468.5,21.7,11.6,34.2,43.855,675
2022-11-16T00:00:00.000Z,0.3,37.8,13.35,5.5,19.6,8.487,634
2022-11-17T00:00:00.000Z,0.9,42.4,5.6,2.7,8.6,6.318,650
2022-11-18T00:00:00.000Z,0.5,118.7,4.7,3.15,7.7,7.355,668
2022-11-19T00:00:00.000Z,1.1,35.2,4.09,2.9,6.3,2.986,651
2022-11-20T00:00:00.000Z,0.2,37.9,4.25,2.8,7.9,5.685,664
2022-11-21T00:00:00.000Z,0.8,96.9,6.3,2.9,11.85,7.79,669
2022-11-22T00:00:00.000Z,1.2,62.9,5.05,3.5,9.4,6.585,668
2022-11-23T00:00:00.000Z,0,261.1,3.6,1.6,6.7,22.649,634
2022-11-24T00:00:00.000Z,0,28.1,3.3,2,5.5,3.582,648
2022-11-25T00:00:00.000Z,1.2,34.8,5.6,3.2,7.7,3.925,648
2022-11-26T00:00:00.000Z,0.3,18.4,7,4.9,8.3,3.022,662
2022-11-27T00:00:00.000Z,0.9,20,6.6,3.6,7.8,2.601,647
2022-11-28T00:00:00.000Z,0.4,30.9,6.4,4.9,8.3,3.957,637
2022-11-29T00:00:00.000Z,0.6,18.5,4.09,2.5,6.6,2.908,658
2022-11-30T00:00:00.000Z,0.6,19.3,2.9,2.1,4.59,2.56,646
2022-12-01T00:00:00.000Z,0.3,40.8,6.45,2.6,9.4,5.252,604
2022-12-02T00:00:00.000Z,0.2,21.1,3.6,2.3,5.6,3.228,662
2022-12-03T00:00:00.000Z,0.3,56.9,8.4,5.7,10,4.981,663
2022-12-04T00:00:00.000Z,0.1,61.2,8.19,2.5,11.75,7.827,656
2022-12-05T00:00:00.000Z,0.3,94.3,3.8,2.8,6.8,6.892,658
2022-12-06T00:00:00.000Z,0.4,38.4,5.6,2.5,7.7,4.404,439
2022-12-07T00:00:00.000Z,2.6,86.9,16.4,12.5,23.3,10.887,674
2022-12-08T00:00:00.000Z,0.5,36.9,7.2,4.7,9.5,4.711,664
2022-12-09T00:00:00.000Z,0.8,57.4,5.1,2.6,8.9,8.855,675
2022-12-10T00:00:00.000Z,0.3,32.2,8,3,11,4.942,663
2022-12-11T00:00:00.000Z,0,32.6,6.3,1.7,12.5,7.438,655
2022-12-12T00:00:00.000Z,0,57.6,3.7,2,7.35,6.054,649
2022-12-13T00:00:00.000Z,0.2,31.4,3.55,1.4,5.4,4.243,644
2022-12-14T00:00:00.000Z,0.6,17.5,2.5,1.9,3.4,1.958,647
2022-12-15T00:00:00.000Z,0.9,25.7,4.59,2.8,5.9,2.869,636
2022-12-16T00:00:00.000Z,0.8,24.8,4.4,2.6,6.1,2.407,639
2022-12-17T00:00:00.000Z,0.1,14.1,3.2,2.5,4.9,2.005,644
2022-12-18T00:00:00.000Z,0.6,19.7,4,2.4,5.3,2.23,653
2022-12-19T00:00:00.000Z,0.9,18.2,5,3,7.2,3.295,644
2022-12-20T00:00:00.000Z,0.4,22,4.9,2.8,8.4,4.28,655
2022-12-21T00:00:00.000Z,0.7,24.9,6.2,2.2,8.2,4.216,627
2022-12-22T00:00:00.000Z,0,26.4,3.8,2.7,7,3.735,627
2022-12-23T00:00:00.000Z,0.2,36.3,5.3,1.5,9.7,6.305,622
2022-12-24T00:00:00.000Z,0,44,2.2,1.1,4.1,7.322,569
2022-12-25T00:00:00.000Z,0,58.4,1.2,0.3,4.8,8.113,555
2022-12-26T00:00:00.000Z,1,31,11.2,4.4,16.3,6.421,638
2022-12-27T00:00:00.000Z,1.1,25.1,6.1,2.9,7.85,3.614,632
2022-12-28T00:00:00.000Z,0.6,12.5,3.4,2.1,5.6,2.278,642
2022-12-29T00:00:00.000Z,0.9,22.5,5.3,3.2,7.3,4.003,633
2022-12-30T00:00:00.000Z,0.1,24.5,6.3,3.6,7.7,4.135,627
2022-12-31T00:00:00.000Z,1.1,50.5,4.4,2.5,10,6.962,637
2023-01-01T00:00:00.000Z,0.7,30.6,5.9,4.3,7.75,5.855,660
2023-01-02T00:00:00.000Z,0.5,13.6,2.5,1.8,3.4,1.462,627
2023-01-03T00:00:00.000Z,0.2,16.6,4.5,1.55,6.1,2.982,644
2023-01-04T00:00:00.000Z,0.1,13.9,3.4,1.5,4.5,1.999,618
2023-01-05T00:00:00.000Z,1.3,21,5.15,3.5,6.3,2.677,278
2023-01-06T00:00:00.000Z,3.8,16.4,8.4,7.5,10.3,2.32,637
2023-01-07T00:00:00.000Z,7.7,27.2,12.2,10.7,15.4,3.168,643
2023-01-08T00:00:00.000Z,1.2,50.3,10.6,8.5,12.2,3.961,657
2023-01-09T00:00:00.000Z,0.2,14.5,2,1.3,3.1,1.36,618
2023-01-10T00:00:00.000Z,0.1,14.4,2.3,1.2,3.3,1.88,622
2023-01-11T00:00:00.000Z,0.1,18.8,2,1.1,2.9,2.242,638
2023-01-12T00:00:00.000Z,0.1,40.1,3.4,1.8,4.3,3.069,626
2023-01-13T00:00:00.000Z,1.1,30.9,3.4,2.5,4.5,3.36,622
2023-01-14T00:00:00.000Z,0.4,28.7,2.7,2.1,3.8,2.714,615
2023-01-15T00:00:00.000Z,0.2,19.9,3.3,1.8,4.6,2.25,630
2023-01-16T00:00:00.000Z,0.8,12.6,3.6,2.8,4.9,1.96,643
2023-01-17T00:00:00.000Z,0.5,47.5,2.7,1.8,5.8,6.439,635
2023-01-18T00:00:00.000Z,1.4,22.5,3.8,3.2,6.3,2.6,619
2023-01-19T00:00:00.000Z,1.5,49.5,5,3.8,7.4,5.427,650
2023-01-20T00:00:00.000Z,0.4,19.8,4.9,3,6.5,2.446,647
2023-01-21T00:00:00.000Z,1.4,22.2,3.9,2.7,5.6,2.553,649
2023-01-22T00:00:00.000Z,0,34.4,2.4,1.1,4.4,3.518,641
2023-01-23T00:00:00.000Z,0,45.6,2.4,1.4,9.3,12.77,625
2023-01-24T00:00:00.000Z,0,153,1.4,0.6,3.3,8.772,568
2023-01-25T00:00:00.000Z,0.1,30.3,2.7,1.3,4.9,5.314,646
2023-01-26T00:00:00.000Z,0,39.4,2.8,1.6,4.4,5.342,631
2023-01-27T00:00:00.000Z,0.2,31.3,4.2,2.1,7.05,3.822,628
2023-01-28T00:00:00.000Z,0.2,34.5,6.6,2.15,14.65,8.326,640
2023-01-29T00:00:00.000Z,1.2,49.2,6.6,2.8,9.9,7.752,631
2023-01-30T00:00:00.000Z,0,14.4,1.5,0.7,2.7,1.872,607
2023-01-31T00:00:00.000Z,1.1,15.3,3.2,2.4,4.5,1.836,610
2023-02-01T00:00:00.000Z,0.9,26.3,5.5,2.54,7.8,3.503,629
2023-02-02T00:00:00.000Z,0.4,26.7,5.3,2.8,8.3,4.273,647
2023-02-03T00:00:00.000Z,0,28.3,5,1.5,6.8,3.868,626
2023-02-04T00:00:00.000Z,0.1,45.9,15.3,7.8,24.5,10.858,646
2023-02-05T00:00:00.000Z,0.5,52.4,22.2,9.1,39,15.155,669
2023-02-06T00:00:00.000Z,0.2,102.1,3.95,1.7,13.3,14.173,622
2023-02-07T00:00:00.000Z,0.5,50.3,6.2,3.95,15.95,13.55,656
2023-02-08T00:00:00.000Z,1.2,32.6,6.1,3,10,6.284,614
2023-02-09T00:00:00.000Z,0,53.3,3.1,2.2,10.19,13.264,626
2023-02-10T00:00:00.000Z,0,79.2,3.3,0.7,4.65,6.545,633
2023-02-11T00:00:00.000Z,0.1,15.5,2.29,1.7,3.2,1.634,626
2023-02-12T00:00:00.000Z,0.2,15.9,3,1.5,4.59,2.149,631
2023-02-13T00:00:00.000Z,0.1,10.8,1.4,0.9,2.5,1.495,625
2023-02-14T00:00:00.000Z,0.7,43.8,3.9,2.8,6.2,4.724,643
2023-02-15T00:00:00.000Z,0.6,17.2,2.7,2,3.6,1.592,642
2023-02-16T00:00:00.000Z,0.1,24.1,2.8,1.6,4.5,2.496,630
2023-02-17T00:00:00.000Z,0,25.7,1.3,0.6,3.2,2.979,580
2023-02-18T00:00:00.000Z,0,40.7,6.65,3,14.2,10.531,642
2023-02-19T00:00:00.000Z,0.1,43.7,9,2,14.65,10.622,612
2023-02-20T00:00:00.000Z,0,23.3,2.9,1.9,5.3,3.419,614
2023-02-21T00:00:00.000Z,0.2,25.1,5.7,2.6,8.4,4.499,623
2023-02-22T00:00:00.000Z,0.1,33.4,3.5,1.9,7.35,5.564,633
2023-02-23T00:00:00.000Z,0.2,17.4,2.7,1.7,4.2,2.799,626
2023-02-24T00:00:00.000Z,0.1,25.5,4.7,3.1,7.8,4.139,654
2023-02-25T00:00:00.000Z,0.2,22.8,3.2,2,4.4,2.252,637
2023-02-26T00:00:00.000Z,0.4,48.4,5,3.8,6.7,5.491,634
2023-02-27T00:00:00.000Z,0.2,34.7,4.1,1.8,6,3.692,619
2023-02-28T00:00:00.000Z,0.6,26.7,4,2.6,7.8,4.495,612
2023-03-01T00:00:00.000Z,0.5,20.8,4.4,3.1,7.4,4.067,648
2023-03-02T00:00:00.000Z,0.5,41.3,5,2.4,9.1,6.174,645
2023-03-03T00:00:00.000Z,0.4,38.5,2.2,1.4,5.4,4.003,620
2023-03-04T00:00:00.000Z,0.1,23,4,2.7,5.75,3.619,616
2023-03-05T00:00:00.000Z,0.2,27.3,4.1,2.3,5.7,3.224,631
2023-03-06T00:00:00.000Z,0.2,31.1,3.55,1.55,6.05,5.573,624
2023-03-07T00:00:00.000Z,1.7,55.3,10.6,5.4,21.1,10.462,639
2023-03-08T00:00:00.000Z,1.1,47.2,10.5,7.1,18.25,7.765,652
2023-03-09T00:00:00.000Z,5.3,86.4,18.3,11.5,29.7,12.073,649
2023-03-10T00:00:00.000Z,2.2,50.6,34.6,26.6,40,11.846,626
2023-03-11T00:00:00.000Z,3.1,45.5,17.3,8.6,24.15,9.931,668
2023-03-12T00:00:00.000Z,3.7,104.6,9,6.7,12,6.569,657
2023-03-13T00:00:00.000Z,0,25.7,5.3,2.4,8.9,4.334,639
2023-03-14T00:00:00.000Z,0.1,38.9,7.9,1.9,15.5,8.517,615
2023-03-15T00:00:00.000Z,1,201.4,6.95,4.4,17.25,13.513,632
2023-03-16T00:00:00.000Z,4.4,67.5,20.5,15.2,26.6,8.248,643
2023-03-17T00:00:00.000Z,4.6,662.8,24,10.2,41.5,35.479,673
2023-03-18T00:00:00.000Z,3.3,442.6,19.3,14,33.5,29.752,671
2023-03-19T00:00:00.000Z,0.6,47.3,13.6,7.4,22.75,10.71,649
2023-03-20T00:00:00.000Z,1,45.9,10,6.1,16.2,8.163,659
2023-03-21T00:00:00.000Z,0.7,350.8,16.7,9.19,31,44.528,661
2023-03-22T00:00:00.000Z,2.2,341.6,14.8,9.69,24.4,19.982,663
2023-03-23T00:00:00.000Z,2.6,231.3,14.8,8.19,23.6,23.499,685
2023-03-24T00:00:00.000Z,0.6,58.9,14.35,9.05,21.1,11.55,664
2023-03-25T00:00:00.000Z,2.1,63,18,13.1,27.1,12.648,683
2023-03-26T00:00:00.000Z,1,101,16,10.3,31.85,14.115,677
2023-03-27T00:00:00.000Z,8.8,145.6,27.9,14.25,36.95,17.924,653
2023-03-28T00:00:00.000Z,3.3,416.1,50.6,29.45,88.3,51.527,677
2023-03-29T00:00:00.000Z,0.8,280.3,24.6,12.45,36.35,30.878,676
2023-03-30T00:00:00.000Z,4.3,757,35.4,21.6,56.8,65.747,647
2023-03-31T00:00:00.000Z,7,409.8,38,29.2,50,30.246,689
2023-04-01T00:00:00.000Z,10.4,777.8,58.8,50.8,76.09,69.43,691
2023-04-02T00:00:00.000Z,4.8,262.4,27.45,16.8,41.6,41.129,686
2023-04-03T00:00:00.000Z,1.5,170,27.4,13.35,36.75,15.83,657
2023-04-04T00:00:00.000Z,7.5,517.5,31,22.2,48,52.465,667
2023-04-05T00:00:00.000Z,27.9,72.8,44.85,41.1,52.7,8.373,146
2023-09-03T00:00:00.000Z,45,154.6,61.1,50.1,70.7,19.447,55
2023-09-04T00:00:00.000Z,4.4,1048.4,97.7,59.5,149.6,108.254,671
2023-09-05T00:00:00.000Z,3.4,679.6,111.35,41.6,220.7,122.871,654
2023-09-06T00:00:00.000Z,10.5,986.7,115.2,63.1,214.6,121.889,683
2023-09-07T00:00:00.000Z,6.6,902.3,88.3,49.5,172.3,128.543,689
2023-09-08T00:00:00.000Z,13.7,1006,140.65,60.8,260.8,147.306,682
2023-09-09T00:00:00.000Z,1.7,755.7,63.8,25.7,135,113.781,657
2023-09-10T00:00:00.000Z,6,777.3,69.8,27.2,137.2,105.01,674
2023-09-11T00:00:00.000Z,1.3,805.4,52.2,18.45,142.1,135.303,673
2023-09-12T00:00:00.000Z,9.8,941.6,109.25,46.8,242.35,134.779,676
2023-09-13T00:00:00.000Z,20.5,1109.4,80,49.85,168.3,149.121,685
2023-09-14T00:00:00.000Z,0.6,468.4,59.5,12.6,94.85,63.654,665
2023-09-15T00:00:00.000Z,0.6,1022.6,58.8,36,104.7,99.432,654
2023-09-16T00:00:00.000Z,2.2,634.3,28.8,15.7,56.8,72.901,666
2023-09-17T00:00:00.000Z,9.6,663,68.09,38,149.69,97.496,650
2023-09-18T00:00:00.000Z,7.2,655,95.7,35.9,231.45,163.558,672
2023-09-19T00:00:00.000Z,8.2,405.9,52.4,31.9,87,57.931,686
2023-09-20T00:00:00.000Z,11.6,817.6,45.85,31.1,70.8,88.825,582
2023-09-21T00:00:00.000Z,19.1,738.8,63.1,43.5,126.3,99.477,662
2023-09-22T00:00:00.000Z,2.6,377.3,40.2,28.8,62.9,57.018,682
2023-09-23T00:00:00.000Z,4.1,693.4,53.5,23.1,98.8,52.522,650
2023-09-24T00:00:00.000Z,3.2,683.5,38.15,25.25,51.9,39.095,628
2023-09-25T00:00:00.000Z,6.9,481.7,58.1,34.4,96.2,58.782,670
2023-09-26T00:00:00.000Z,3.6,673.3,28.5,15.8,55.4,62.084,666
2023-09-27T00:00:00.000Z,12,863,148.8,73.55,240.15,131.55,649
2023-09-28T00:00:00.000Z,3.6,637.6,37.15,17,57.7,75.902,682
2023-09-29T00:00:00.000Z,0,242.9,34.54,9.35,59.7,39.276,660
2023-09-30T00:00:00.000Z,2.6,336.3,39.7,17.39,47.8,31.555,667
2023-10-01T00:00:00.000Z,1,581.1,21.3,7.4,46.05,59.35,629
2023-10-02T00:00:00.000Z,13.3,490.9,49.4,39.5,72.5,62.837,679
2023-10-03T00:00:00.000Z,2.3,522.8,31.65,13.95,47.15,41.464,688
2023-10-04T00:00:00.000Z,0.2,296.3,42.45,14,67.2,44.374,658
2023-10-05T00:00:00.000Z,1.6,369.4,14.5,7,25.2,25.531,679
2023-10-06T00:00:00.000Z,7.4,631.4,44.3,27.2,75.9,85.049,670
2023-10-07T00:00:00.000Z,2.4,885.1,42.6,12.5,58.6,111.931,686
2023-10-08T00:00:00.000Z,6.3,488,48.55,32,75.59,53.102,674
2023-10-09T00:00:00.000Z,4,1253.4,38.7,23.1,84.2,88.237,661
2023-10-10T00:00:00.000Z,5.2,522.5,41.65,27.6,60.4,55.591,670
2023-10-11T00:00:00.000Z,2.5,536.5,36.7,13.7,61.2,62.261,663
2023-10-12T00:00:00.000Z,2.4,592.1,29,12.45,47.45,50.819,664
2023-10-13T00:00:00.000Z,3.4,245.4,31.8,14.9,44.15,28.148,689
2023-10-14T00:00:00.000Z,3.5,527.5,27,16.5,40.1,31.945,655
2023-10-15T00:00:00.000Z,1.7,303.2,16.8,8.9,26.3,19.32,675
2023-10-16T00:00:00.000Z,2.2,458.5,23.4,12,36.79,40.223,646
2023-10-17T00:00:00.000Z,1.3,75.1,11.8,5.15,29.9,17.522,673
2023-10-18T00:00:00.000Z,6.1,61.4,18.4,12.65,28.15,9.308,656
2023-10-19T00:00:00.000Z,5.2,90.1,20.5,14.6,29.8,10.4,675
2023-10-20T00:00:00.000Z,1.4,52.1,9.4,4.2,19.89,9.321,644
2023-10-21T00:00:00.000Z,2.9,151.3,10.6,7.65,17.95,9.082,672
2023-10-22T00:00:00.000Z,2.2,115,14.4,7,24.6,12.88,666
2023-10-23T00:00:00.000Z,2.9,798.2,18.2,7,31.6,46.184,643
2023-10-24T00:00:00.000Z,4.8,134.1,16.7,10.75,27,16.3,637
2023-10-25T00:00:00.000Z,2.5,501.7,19.8,10.3,25,26.714,645
2023-10-26T00:00:00.000Z,1.3,208.6,13.4,6.8,20.5,15.672,648
2023-10-27T00:00:00.000Z,6.7,634.9,40.25,28.6,59.2,70.656,542
2023-10-28T00:00:00.000Z,0,378.4,23.8,3,42.1,51.475,638
2023-10-29T00:00:00.000Z,1.5,648.7,36.7,19.6,68.8,84.229,687
2023-10-30T00:00:00.000Z,2.9,369.9,41.7,26.5,77.8,68.232,678
2023-10-31T00:00:00.000Z,2.1,370.2,43.8,24.95,85.9,79.141,688
2023-11-01T00:00:00.000Z,3.1,260.7,33.25,24.05,48.75,34.892,320
2023-11-02T00:00:00.000Z,3.1,813,43.05,19.2,76.5,74.819,698
2023-11-03T00:00:00.000Z,0.6,183.8,19.2,6.55,32.1,18.881,689
2023-11-04T00:00:00.000Z,1,71.3,11.15,5.9,21.7,11.103,658
2023-11-05T00:00:00.000Z,3,812.2,36.5,9.1,80.8,74.586,679
2023-11-06T00:00:00.000Z,11,684.1,59.7,22.5,106.2,90.266,646
2023-11-07T00:00:00.000Z,1.7,641,28.9,15.1,45.4,60.645,653
2023-11-08T00:00:00.000Z,1,585.5,34.35,10.5,49.3,58.028,672
2023-11-09T00:00:00.000Z,1.7,75,11.7,4.6,18.35,10.165,621
2023-11-10T00:00:00.000Z,1.7,357.8,11.2,6.2,18,30.898,647
2023-11-11T00:00:00.000Z,0.4,979.6,14.5,3.9,26.15,80.395,624
2023-11-12T00:00:00.000Z,2,111.5,22.05,12.1,35.1,19.223,406
2023-11-13T00:00:00.000Z,2.2,269,25.7,11.6,38,29.409,686
2023-11-14T00:00:00.000Z,1.8,90.7,14.3,8.8,23.6,12.002,658
2023-11-15T00:00:00.000Z,3,901.2,39.1,21.65,59.15,84.348,565