# Sensor Portatil, Conchalí, Chile (Purple Air/101139)
# https://aqicn.org/station/@217903/
# Daily pm25
date,min,max,median,q1,q3,stdev,count
2021-09-07T00:00:00.000Z,0.6,15.9,5.3,3.6,7.4,3.133,316
2021-09-08T00:00:00.000Z,2.1,61.6,23.85,8.1,33.1,14.062,446
2021-09-15T00:00:00.000Z,17.7,51.5,32.45,25.7,44.15,9.795,164
2021-09-16T00:00:00.000Z,8.7,62.5,40,25.5,48.2,13.497,608
2021-09-17T00:00:00.000Z,13.7,70.4,32.5,25.85,39.9,9.323,604
2021-09-18T00:00:00.000Z,12.8,72.9,45,35,51.8,12.123,581
2021-09-19T00:00:00.000Z,11.3,57.8,32.25,24.8,36.45,8.254,608
2021-09-20T00:00:00.000Z,7.2,45.7,24.5,13,31.3,10.601,607
2021-09-21T00:00:00.000Z,17.9,95.1,34.85,29.55,49,12.935,628
2021-09-22T00:00:00.000Z,13.3,39,29.6,23.7,32.1,5.268,592
2021-09-23T00:00:00.000Z,11.2,56.6,34.5,19.05,41.2,12.311,600
2021-09-24T00:00:00.000Z,5.1,55.5,41.1,21.5,46.4,14.348,591
2021-09-25T00:00:00.000Z,10.9,55.1,36.15,28.9,46.2,12.244,602
2021-09-26T00:00:00.000Z,8.2,94.3,33.5,20.39,45.5,14.171,579
2021-09-27T00:00:00.000Z,8.2,48.3,19.6,13.2,38,12.177,590
2021-09-28T00:00:00.000Z,4,49.2,18.9,10.3,35.1,13.479,600
2021-09-29T00:00:00.000Z,3.4,47.7,18.8,8.3,27.9,11.872,606
2021-09-30T00:00:00.000Z,1,38.9,6.4,3.55,9.85,6.182,573
2021-10-01T00:00:00.000Z,2,49.8,19.3,4.8,28.55,13.57,605
2021-10-02T00:00:00.000Z,0.9,13.1,4.3,2.75,6.4,2.675,581
2021-10-03T00:00:00.000Z,0.9,30.1,16.1,8.6,19.7,7.226,590
2021-10-04T00:00:00.000Z,2.9,45,15.5,8.6,26.6,10.905,586
2021-10-05T00:00:00.000Z,4.6,45.2,11.4,7.5,24.6,11.647,587
2021-10-06T00:00:00.000Z,6.2,52.1,25.9,11.75,32.8,11.888,577
2021-10-07T00:00:00.000Z,8.2,49.7,20.8,12.2,31.4,12.013,593
2021-10-08T00:00:00.000Z,8.5,31.2,20.7,15.4,24.1,5.701,591
2021-10-09T00:00:00.000Z,6.2,71.2,32.3,16.7,44.1,15.945,599
2021-10-10T00:00:00.000Z,4.8,33.3,12.6,9.3,16.4,6.935,587
2021-10-11T00:00:00.000Z,6.9,45.4,32.1,13.7,40,12.727,586
2021-10-12T00:00:00.000Z,11.5,47.3,35.54,33.1,37.4,7.463,592
2021-10-13T00:00:00.000Z,4.4,32.1,12,9.8,16.8,7.092,596
2021-10-14T00:00:00.000Z,0.1,33.1,12.5,8.3,15.6,5.234,586
2021-10-15T00:00:00.000Z,1.1,36.6,14.5,8.15,23.3,8.932,613
2021-10-16T00:00:00.000Z,2.8,42.4,18.5,10.6,31.3,11.278,595
2021-10-17T00:00:00.000Z,1.7,33.8,14.3,10.3,20.1,7.204,587
2021-10-18T00:00:00.000Z,1.4,43.4,14.8,6.7,24,10.452,597
2021-10-19T00:00:00.000Z,3.4,94.7,43,14.2,50.3,18.738,608
2021-10-20T00:00:00.000Z,13.7,50,34.5,27.7,43.8,9.676,607
2021-10-21T00:00:00.000Z,15.6,72.3,38.4,31.3,50.2,12.562,591
2021-10-22T00:00:00.000Z,4.5,42.4,23.7,19.5,32.6,9.317,591
2021-10-23T00:00:00.000Z,3.3,25.7,9,6.5,13.2,4.527,577
2021-10-24T00:00:00.000Z,3.6,32.7,13.35,8.3,23.7,8.575,598
2021-10-25T00:00:00.000Z,1.6,31.3,11.75,5.2,17,7.458,604
2021-10-26T00:00:00.000Z,2.5,59.1,8.4,6.8,10.3,6.149,587
2021-10-27T00:00:00.000Z,6.7,38.4,11.2,8.9,26,9.664,596
2021-10-28T00:00:00.000Z,5.5,46.2,17.8,12.95,29.3,10.142,593
2021-10-29T00:00:00.000Z,4.9,39.8,11.4,8.3,19.5,8.349,607
2021-10-30T00:00:00.000Z,6.4,45,25.9,19.5,33.2,9.395,590
2021-10-31T00:00:00.000Z,4.6,35,12,9.1,19.4,7.459,613
2021-11-01T00:00:00.000Z,14.6,37.8,23.35,19.39,29.7,6.293,598
2021-11-02T00:00:00.000Z,6.7,48.6,22.15,15.85,34.7,10.644,588
2021-11-03T00:00:00.000Z,1.9,31.7,14.7,8.9,21.4,7.991,574
2021-11-04T00:00:00.000Z,2.5,22.6,9.69,5.2,12.7,4.543,597
2021-11-05T00:00:00.000Z,3,35.9,7.8,5.4,16.2,7.36,591
2021-11-06T00:00:00.000Z,2.8,34.7,8.5,6.5,15.1,6.005,587
2022-02-01T00:00:00.000Z,3.2,34.8,10.6,8.05,12.6,5.421,393
2022-02-02T00:00:00.000Z,4.5,35.4,7.3,6.15,14.8,6.786,613
2022-02-03T00:00:00.000Z,5.1,28.8,11.4,8.3,16.3,5.491,613
2022-02-04T00:00:00.000Z,4.8,34.6,7.9,6.6,14.6,6.526,627
2022-02-05T00:00:00.000Z,2.9,74.8,14.9,8,18.9,7.951,618
2022-02-06T00:00:00.000Z,3.7,71.9,11.4,7.9,23.7,11.88,615
2022-02-07T00:00:00.000Z,4.4,127.2,9.6,7.4,14.9,17.816,599
2022-02-08T00:00:00.000Z,6.1,44.2,14.4,10.7,20.5,8.544,595
2022-02-09T00:00:00.000Z,13.3,33.2,23.3,20,28.25,4.743,604
2022-02-10T00:00:00.000Z,14.7,45.8,32.7,28.7,41.3,8.064,614
2022-02-11T00:00:00.000Z,10.2,49.6,19.2,13.3,27.45,7.88,597
2022-02-12T00:00:00.000Z,16.6,63.4,41.35,28.4,47.4,12.237,516
2022-02-13T00:00:00.000Z,13.7,43,31.35,22.75,34.29,7.475,592
2022-02-14T00:00:00.000Z,14.2,37.6,23.5,20.7,27.8,5.284,599
2022-02-15T00:00:00.000Z,16.6,48.7,31.7,25.9,42.8,9.461,599
2022-02-16T00:00:00.000Z,7.2,43.3,25,17.6,30.4,10.162,611
2022-02-17T00:00:00.000Z,8.5,42,19.2,14,28.4,9.129,600
2022-02-18T00:00:00.000Z,14.2,49.5,30.5,24.2,38.3,8.516,607
2022-02-19T00:00:00.000Z,5.4,44,20.55,16.6,29.7,8.732,604
2022-02-20T00:00:00.000Z,3.3,41,13.2,8.7,17.2,7.084,608
2022-02-21T00:00:00.000Z,1.9,32.7,8.44,5.85,15.4,6.367,608
2022-02-22T00:00:00.000Z,1.4,30.5,5.09,3.9,10.7,5.142,584
2022-02-23T00:00:00.000Z,0.3,21.6,5.09,2.45,6.7,3.265,581
2022-02-24T00:00:00.000Z,1.1,34.8,12.35,6.1,20.2,8.09,590
2022-02-25T00:00:00.000Z,6.8,48.5,15.3,11.9,28.1,10.117,611
2022-02-26T00:00:00.000Z,1.9,65.3,15.7,11.5,19.7,9.797,611
2022-02-27T00:00:00.000Z,0.4,17.9,3.7,2.6,5.7,2.462,575
2022-02-28T00:00:00.000Z,1.3,14.9,3.6,2.7,8.4,3.195,590
2022-03-01T00:00:00.000Z,4.2,35.9,16.8,9.1,23.1,8.624,606
2022-03-02T00:00:00.000Z,5.1,64.3,17.6,12,25.1,9.364,606
2022-03-03T00:00:00.000Z,6.6,39.5,14.4,12.3,21.9,7.119,619
2022-03-04T00:00:00.000Z,6.3,41.7,11.8,10,25.65,9.476,544
2022-03-05T00:00:00.000Z,2.9,33.3,11.4,8.6,13,4.334,595
2022-03-06T00:00:00.000Z,0.3,25,5.8,3.4,8.1,3.465,563
2022-03-07T00:00:00.000Z,0.4,47.8,7.65,2.9,13.4,9.006,598
2022-03-08T00:00:00.000Z,1.7,32.8,5.2,3.4,10.8,6.791,602
2022-03-09T00:00:00.000Z,2.3,32.3,11.1,6.3,15.8,6.521,595
2022-03-10T00:00:00.000Z,2.8,25.9,7.3,5.5,16.9,6.438,591
2022-03-11T00:00:00.000Z,4,39.1,13.9,8.19,24.3,9.774,602
2022-03-12T00:00:00.000Z,11.8,64.8,26.5,18.6,43.2,12.864,606
2022-03-13T00:00:00.000Z,6.8,63.5,28.7,21.95,39,12.857,568
2022-03-14T00:00:00.000Z,16.3,62.8,34.79,23.4,46.7,12.132,614
2022-03-15T00:00:00.000Z,21.1,76.6,34.5,29.7,43.8,14.108,591
2022-03-16T00:00:00.000Z,27.3,77,38.9,32.2,47.5,8.396,614
2022-03-17T00:00:00.000Z,30.7,55.1,40.04,35.6,46.1,6.472,608
2022-03-18T00:00:00.000Z,12.4,57.7,35.2,23.8,46.75,12.065,565
2022-03-19T00:00:00.000Z,13.2,72.8,33.1,23.6,37.6,11.16,606
2022-03-20T00:00:00.000Z,12.4,51.5,27.7,23.8,36.7,7.471,590
2022-03-21T00:00:00.000Z,0.8,37.5,8.5,4.2,19.05,8.16,569
2022-03-22T00:00:00.000Z,4.3,36.1,13.1,6.5,18.3,8.236,611
2022-03-23T00:00:00.000Z,1.3,21.4,6.3,3.7,9.3,4.74,577
2022-03-24T00:00:00.000Z,2.1,36,13.85,4.59,19.39,8.284,596
2022-03-25T00:00:00.000Z,6.1,70.9,29.7,11.25,34.75,12.564,593
2022-03-26T00:00:00.000Z,12.6,41.7,25.3,21.7,30.9,6.428,609
2022-03-27T00:00:00.000Z,11.3,57.8,32.15,23.5,37.4,9.155,604
2022-03-28T00:00:00.000Z,8.8,47.7,24.25,15.9,31,9.473,602
2022-03-29T00:00:00.000Z,5.1,38.1,11.9,8.9,25.4,9.337,607
2022-03-30T00:00:00.000Z,1.5,42.5,16.39,10.3,23.7,9.413,606
2022-03-31T00:00:00.000Z,2.8,45.7,12.6,7.8,23.85,10.957,597
2022-04-01T00:00:00.000Z,4.4,63.6,31.9,18.7,39.4,12.74,604
2022-04-02T00:00:00.000Z,10.3,68.1,44,33.95,49.5,12.867,568
2022-04-03T00:00:00.000Z,7.6,35.2,25.75,18.6,29.6,6.996,468
2022-04-04T00:00:00.000Z,5.6,54.2,16.1,11.6,23.15,8.364,592
2022-04-05T00:00:00.000Z,5.9,77.2,20.5,12.8,31.5,13.87,622
2022-04-06T00:00:00.000Z,8.4,44.6,28.5,14.2,33.1,9.991,596
2022-04-07T00:00:00.000Z,9.9,47.3,29.75,19.3,37.6,10.023,596
2022-04-08T00:00:00.000Z,9.1,52.5,35.7,23.7,40.1,11.232,597
2022-04-09T00:00:00.000Z,2,50.8,19.3,10,31.35,11.403,577
2022-04-10T00:00:00.000Z,2.9,42.9,15.4,10.5,21.8,8.396,596
2022-04-11T00:00:00.000Z,3,50.4,18.5,9.9,24.2,9.303,614
2022-04-12T00:00:00.000Z,4.4,50.5,12.8,8.6,16.2,5.563,604
2022-04-13T00:00:00.000Z,6.3,48,28.85,18.7,32.3,9.745,608
2022-04-14T00:00:00.000Z,14,118.8,35.6,20.3,45.6,13.626,599
2022-04-15T00:00:00.000Z,20.1,49.1,35.4,32.6,39.6,6.723,603
2022-04-16T00:00:00.000Z,21.6,76.8,50.6,42.8,58.6,13.401,615
2022-04-17T00:00:00.000Z,31.3,144.1,69.09,47.6,87.3,22.907,613
2022-04-18T00:00:00.000Z,23.8,84,50.25,40.15,60,14.224,604
2022-04-19T00:00:00.000Z,29.6,83.2,48.35,43.6,55.4,10.208,598
2022-04-20T00:00:00.000Z,18,59.6,33.2,27.4,42.9,8.927,615
2022-04-21T00:00:00.000Z,21.3,61.9,39.5,33.7,44.25,8.655,617
2022-04-22T00:00:00.000Z,9.8,68.6,42.4,31,53.35,15.485,625
2022-04-23T00:00:00.000Z,5.7,78.8,40.9,29.7,47.6,14.554,614
2022-04-24T00:00:00.000Z,3.3,49.3,18.8,9.8,37.4,14.213,602
2022-04-25T00:00:00.000Z,1.6,82.6,8.1,5.15,17.64,11.359,608
2022-04-26T00:00:00.000Z,0.3,46.7,7.25,4.5,25.3,13.768,598
2022-04-27T00:00:00.000Z,0.5,51.6,24,15.6,33.79,11.776,611
2022-04-28T00:00:00.000Z,19.8,141.1,52.7,45.7,61.8,15.629,618
2022-04-29T00:00:00.000Z,35.2,165.5,80.4,55.85,92.5,23.514,612
2022-04-30T00:00:00.000Z,31.8,80.5,49.6,45.3,57.95,10.025,609
2022-05-01T00:00:00.000Z,24.4,153.6,74.65,45.9,105.8,35.1,622
2022-05-02T00:00:00.000Z,24.6,93.4,47.5,41.2,56.6,9.734,596
2022-05-03T00:00:00.000Z,42,137.8,61.6,54.1,75.3,16.309,611
2022-05-04T00:00:00.000Z,34.2,892.1,72.7,51.8,83.2,68.97,615
2022-05-05T00:00:00.000Z,49.8,914.3,82.3,68.7,87.9,51.423,635
2022-05-06T00:00:00.000Z,61.3,160.4,100.3,91.7,110.75,16.024,633
2022-05-07T00:00:00.000Z,40.8,909,101.7,70.8,123.45,110.559,609
2022-05-08T00:00:00.000Z,28.4,626.6,61.35,50.9,71.5,38.901,612
2022-05-09T00:00:00.000Z,59.8,1031.6,75.09,68.8,81,57.731,622
2022-05-10T00:00:00.000Z,49.7,1002.2,88.5,69.4,97.2,70.791,609
2022-05-11T00:00:00.000Z,55.1,845.4,84,72.2,96.4,44.086,622
2022-05-12T00:00:00.000Z,38.4,960.1,82.1,73.8,100.85,86.769,621
2022-05-13T00:00:00.000Z,56.2,226.6,84.4,75.84,97.6,15.275,605
2022-05-14T00:00:00.000Z,50,733.9,90.2,82.2,100.2,53.513,623
2022-05-15T00:00:00.000Z,25.1,419.5,91.95,52,128.5,45.308,618
2022-05-16T00:00:00.000Z,51.7,1001,77.2,67.1,104.7,52.785,619
2022-05-17T00:00:00.000Z,66.1,495.2,106.5,93.7,118.2,23.68,592
2022-05-18T00:00:00.000Z,60.4,824.2,117.15,93.2,130,40.104,628
2022-05-19T00:00:00.000Z,35,107.1,60.4,44.3,69.05,15.626,628
2022-05-20T00:00:00.000Z,4.2,94.9,52.7,38.7,63.6,19.957,622
2022-05-21T00:00:00.000Z,14.8,621.9,64.15,52,69.7,34.193,620
2022-05-22T00:00:00.000Z,35.7,144.7,71.65,56.2,92.55,20.532,616
2022-05-23T00:00:00.000Z,10,65.8,44.65,36.4,51.7,13.014,628
2022-05-24T00:00:00.000Z,10.3,688.9,42.3,33.2,49.2,32.872,607
2022-05-25T00:00:00.000Z,41.6,182.3,61.2,48.4,70,17.696,631
2022-05-26T00:00:00.000Z,39.3,189.6,81.9,60.3,97.15,21.902,613
2022-05-27T00:00:00.000Z,47,143.8,57.7,55.1,62.1,15.374,86
2022-05-28T00:00:00.000Z,1708.7,1772.8,1752.9,1743.6,1760.1,17.318,486
2022-05-29T00:00:00.000Z,1691.9,1925.5,1738.8,1720.6,1817.7,63.898,666
2022-05-30T00:00:00.000Z,43.6,1970.2,1754.6,59.2,1890.2,795.218,643
2022-05-31T00:00:00.000Z,42.7,2015.3,1769.7,64.9,1899.15,809.416,652
2022-06-01T00:00:00.000Z,32.2,1989.6,75.4,49,1910.85,899.782,664
2022-06-02T00:00:00.000Z,21.4,1711,47.15,37,56.7,113.932,646
2022-06-03T00:00:00.000Z,0.6,1799.6,69.09,45.1,1704.7,787.484,666
2022-06-04T00:00:00.000Z,11.7,69.3,38.45,29.6,47.25,11.04,636
2022-06-05T00:00:00.000Z,0.6,48.1,21.8,14.8,27.5,9.698,667
2022-06-06T00:00:00.000Z,17.2,72,44.7,40.45,48.2,7.627,645
2022-06-07T00:00:00.000Z,46.2,1776.1,80.9,71,1710.9,804.52,655
2022-06-08T00:00:00.000Z,46.2,1834.8,1713.95,74.25,1763.1,769.164,652
2022-06-09T00:00:00.000Z,51.8,1805.2,1702.1,61.9,1723.8,834.08,655
2022-06-10T00:00:00.000Z,1690.2,1866.4,1744.8,1718.85,1798.85,48.281,665
2022-06-11T00:00:00.000Z,52.3,1878.4,1721.9,1705.3,1781.3,123.097,662
2022-06-12T00:00:00.000Z,1716.4,1933.3,1737,1729.9,1835.1,66.575,674
2022-06-13T00:00:00.000Z,1708,1845,1775.4,1731.2,1802.1,37.221,543