# Sensor Las Encinas - RespiraAccion, Temuco, Chile (Purple Air/51609)
# https://aqicn.org/station/@116182/
# Daily pm25
date,min,max,median,q1,q3,stdev,count
2020-05-02T00:00:00.000Z,25.83,470.28,66.43,47.4,107.61,97.841,699
2020-05-03T00:00:00.000Z,11.6,271.83,38.71,22.8,73.43,41.706,719
2020-05-04T00:00:00.000Z,2.39,271.95,35.81,11.7,78.45,52.894,715
2020-05-05T00:00:00.000Z,6.07,709.07,45.36,24.45,213.79,192.112,706
2020-05-06T00:00:00.000Z,7.73,466.21,74.7,36.17,144.74,108.834,725
2020-05-07T00:00:00.000Z,23.48,396.96,64.52,46.71,132.16,81.943,544
2020-05-08T00:00:00.000Z,22.98,574.54,88.36,63.07,160.24,130.925,525
2020-05-09T00:00:00.000Z,3.97,117.02,20.23,10.63,33.38,20.287,479
2020-05-10T00:00:00.000Z,3.35,68.78,19.29,8.6,30.04,12.833,351
2020-05-11T00:00:00.000Z,10.48,507.6,68.64,33.54,126.98,115.551,481
2020-05-12T00:00:00.000Z,19,486.65,106.17,45.07,250.2,121.428,700
2020-05-13T00:00:00.000Z,28.82,364.67,91.5,48.36,145.57,69.352,718
2020-05-14T00:00:00.000Z,14.2,522.51,74.77,55.44,234.33,124.011,712
2020-05-15T00:00:00.000Z,6.79,207.52,49.46,38.53,71.8,26.208,719
2020-05-16T00:00:00.000Z,9.19,178.02,44.67,33.67,74.56,37.112,721
2020-05-17T00:00:00.000Z,5.18,247.28,44.05,18.02,69.26,43.323,717
2020-05-18T00:00:00.000Z,23.88,469.64,59.01,49.34,103.72,97.894,704
2020-05-19T00:00:00.000Z,2.63,370.62,57.78,41.02,88.15,50.366,722
2020-05-20T00:00:00.000Z,39.36,470.93,80.88,55.98,166.34,71.95,712
2020-05-21T00:00:00.000Z,16.52,667.72,69.52,49.55,142.16,160.035,710
2020-05-22T00:00:00.000Z,36.67,602.27,102.66,60.58,306.81,160.543,671
2020-05-23T00:00:00.000Z,52.22,743.7,181.93,128.57,241.17,96.792,717
2020-05-24T00:00:00.000Z,6.04,465.25,63.88,37.97,148.47,92.791,716
2020-05-25T00:00:00.000Z,9.02,697.88,62.28,37.15,117.32,126.454,719
2020-05-26T00:00:00.000Z,7.22,415.36,54.25,38.02,170.76,92.541,716
2020-05-27T00:00:00.000Z,4.12,477.37,36.24,18.86,82.76,95.119,718
2020-05-28T00:00:00.000Z,8.34,471.3,41.7,26.34,78.02,61.422,717
2020-05-29T00:00:00.000Z,14.88,768.98,77.95,48.49,221.68,193.971,653
2020-05-30T00:00:00.000Z,30.87,1293.79,108.56,72.75,509.21,241.948,713
2020-05-31T00:00:00.000Z,30.84,898.71,143.12,73.51,319.64,193.706,716
2020-06-01T00:00:00.000Z,54.26,874.32,175.31,117.09,297.25,171.372,658
2020-06-02T00:00:00.000Z,12.27,368.72,87.72,49.31,167.02,78.04,717
2020-06-03T00:00:00.000Z,17.43,981.45,130.63,60.25,421.55,255.713,717
2020-06-04T00:00:00.000Z,16.88,688.45,216.13,140.11,464.92,184.919,589
2020-06-05T00:00:00.000Z,23.53,618.55,89.42,50.41,150.36,106.755,718
2020-06-06T00:00:00.000Z,20.28,586.36,104.93,43.24,226.75,115.457,717
2020-06-07T00:00:00.000Z,33.5,672.71,110.86,67.16,191.31,130.026,711
2020-06-08T00:00:00.000Z,3.52,414.7,55.44,28.87,126.96,74.595,712
2020-06-09T00:00:00.000Z,13.21,578.4,76.63,44.94,132.66,81.137,718
2020-06-10T00:00:00.000Z,6.68,176.23,42.46,21.88,68.33,31.891,716
2020-06-11T00:00:00.000Z,2.54,116.84,29.33,11.14,41.77,20.004,714
2020-06-12T00:00:00.000Z,5.47,424.12,41.64,29,62.91,67.811,712
2020-06-13T00:00:00.000Z,21.18,536.64,55.07,42.64,104.53,98.47,713
2020-06-14T00:00:00.000Z,42.02,700.39,143.46,90.57,277.86,170.29,715
2020-06-15T00:00:00.000Z,24.32,697.87,89.36,42.07,183.98,155.726,710
2020-06-16T00:00:00.000Z,6.16,195.89,42.19,26.96,64.06,34.083,714
2020-06-17T00:00:00.000Z,16.05,352.88,109.2,71.09,154.85,71.235,718
2020-06-18T00:00:00.000Z,0.66,244.7,29.2,5.11,48.93,44.144,718
2020-06-19T00:00:00.000Z,1.47,425.23,37.88,26.22,50.64,54.455,713
2020-06-20T00:00:00.000Z,2.24,466.98,35.49,17.34,52.36,47.956,716
2020-06-21T00:00:00.000Z,19.91,259.98,56.78,40.47,104.64,47.465,714
2020-06-22T00:00:00.000Z,0.7,433.26,34.21,14.88,53.99,73.686,712
2020-06-23T00:00:00.000Z,3.59,746.03,70.73,36.79,202.24,141.795,647
2020-06-24T00:00:00.000Z,2.47,316,54.5,37.33,89.49,50.296,645
2020-06-25T00:00:00.000Z,29.36,547.04,97.05,56.59,171.21,84.897,642
2020-06-26T00:00:00.000Z,1.24,536.86,46.95,29.15,108.98,118.695,642
2020-06-27T00:00:00.000Z,6.67,312.64,54.98,37.85,101.77,57.57,599
2020-06-28T00:00:00.000Z,0.86,421.93,32.29,17.42,55.22,90.696,580
2020-06-29T00:00:00.000Z,2.1,282.13,55.72,20.92,107.35,57.116,548
2020-06-30T00:00:00.000Z,8.44,378.36,53.64,34.15,124.3,90.429,546
2020-07-01T00:00:00.000Z,3.98,522.13,40.57,29.76,61.13,63.959,523
2020-07-02T00:00:00.000Z,16.63,476.79,84.33,43.91,223.77,128.108,533
2020-07-03T00:00:00.000Z,3.31,552.9,40,25.79,87.1,122.134,532
2020-07-04T00:00:00.000Z,13.22,577.34,51.56,27.61,140.51,105.935,568
2020-07-05T00:00:00.000Z,35.51,481.7,96.79,64.62,197.44,97.667,194
2020-07-06T00:00:00.000Z,58.51,699.09,149.88,111.2,468.2,200.384,347
2020-07-07T00:00:00.000Z,22.57,732.88,59.34,46.28,141.19,174.321,535
2020-07-08T00:00:00.000Z,8.05,337.98,75.84,50.34,134.29,63.251,532
2020-07-09T00:00:00.000Z,2.31,374.36,36.07,15.13,63.26,75.729,396
2020-07-10T00:00:00.000Z,1.09,310.05,33.14,9.52,49.48,39.04,560
2020-07-11T00:00:00.000Z,1.65,258.89,38.26,13.29,55.56,41.652,561
2020-07-12T00:00:00.000Z,4.05,348.74,62.02,39.75,96.58,46.722,561
2020-07-13T00:00:00.000Z,10.92,563.17,99.08,49.47,142,84.97,562
2020-07-14T00:00:00.000Z,50.73,699.8,133.56,78.33,196.41,152.774,541
2020-07-15T00:00:00.000Z,48.98,783.16,248.52,107.96,361.43,159.16,554
2020-07-16T00:00:00.000Z,45.98,1126.38,266.82,152.36,457.05,201.944,538
2020-07-17T00:00:00.000Z,7.24,261.75,36.36,22.72,55.7,38.848,569
2020-07-18T00:00:00.000Z,2.38,256.72,37.04,9.64,55.82,43.614,561
2020-07-19T00:00:00.000Z,7.9,407.84,43.56,28.76,76.77,55.743,570
2020-07-20T00:00:00.000Z,2.54,457.04,37.97,23.31,68.8,71.903,546
2020-07-21T00:00:00.000Z,11.87,360.64,44.25,32.4,66.75,37.836,528
2020-07-22T00:00:00.000Z,18.77,600.83,71.39,43.65,126.81,81.655,495
2020-07-23T00:00:00.000Z,4.29,643.79,86.21,42.73,163.85,146.853,524
2020-07-24T00:00:00.000Z,16.62,496.15,66.22,47.74,128.1,110.518,472
2020-07-25T00:00:00.000Z,5.11,483.58,45.2,29.76,75.75,54.941,566
2020-07-26T00:00:00.000Z,1.36,138.4,31.31,19.16,41.27,20.105,502
2020-07-27T00:00:00.000Z,12.66,366.86,81.96,47.68,186.39,80.082,525
2020-07-28T00:00:00.000Z,20.65,807.1,160.99,73.37,353.14,198.006,484
2020-07-29T00:00:00.000Z,49.68,967.86,144.32,79.63,258.83,215.945,352
2020-07-30T00:00:00.000Z,28.09,423.89,133.72,57.75,254.89,110.372,494
2020-07-31T00:00:00.000Z,10.28,821.95,79.22,55.33,131.54,65.071,434
2020-08-01T00:00:00.000Z,6.8,398.48,56.75,31.95,154.55,92.224,502
2020-08-02T00:00:00.000Z,19.05,272.3,81.69,56.43,120.46,56.357,475
2020-08-03T00:00:00.000Z,15.32,632.65,73.2,34.72,228.66,152.068,475
2020-08-04T00:00:00.000Z,12.47,435.93,58.41,42.98,99.7,63.786,544
2020-08-05T00:00:00.000Z,1.05,373.31,25.43,13.11,47.72,68.557,615
2020-08-06T00:00:00.000Z,11.04,580.16,67.26,38.38,122.71,73.361,620
2020-08-07T00:00:00.000Z,31.31,484.45,147.96,72.37,248.36,116.958,635
2020-08-08T00:00:00.000Z,14.86,871.48,89.13,60.05,172.52,176.239,623
2020-08-09T00:00:00.000Z,11.69,609.19,46.8,34.53,156.63,148.983,629
2020-08-10T00:00:00.000Z,0.27,250.21,40.56,21.88,60.28,45.275,633
2020-08-11T00:00:00.000Z,15.44,692.61,78.27,49.11,230.75,173.219,622
2020-08-12T00:00:00.000Z,30.07,618.82,96.72,71.73,200.79,139.266,635
2020-08-13T00:00:00.000Z,3.85,162.22,44.6,19.22,74.15,35.416,453
2020-08-23T00:00:00.000Z,21.37,114.33,42.14,37.22,54.68,15.844,240
2020-08-24T00:00:00.000Z,20.95,190.29,51.58,41.57,61.57,28.809,116
2020-08-25T00:00:00.000Z,0.82,84.15,15.14,6.59,25.62,13.087,488
2020-08-26T00:00:00.000Z,0.42,98.47,22.74,7.05,38.09,18.713,507
2020-08-27T00:00:00.000Z,4.74,175.59,43.07,21.86,60.93,29.281,535
2020-08-28T00:00:00.000Z,2.9,224.44,56.02,23.34,101.26,51.434,517
2020-08-29T00:00:00.000Z,10.07,737.03,106.46,52.52,210.24,188.844,516
2020-08-30T00:00:00.000Z,10.59,702.65,182.59,41.63,314.24,175.86,513
2020-08-31T00:00:00.000Z,6.8,242.82,69.28,29.37,106.32,47.336,492
2020-09-01T00:00:00.000Z,13.96,585.66,94.75,62.2,305.35,160.243,527
2020-09-02T00:00:00.000Z,21.5,247.45,50.8,43.88,64.02,23.358,502
2020-09-03T00:00:00.000Z,3.59,199.46,47.49,27.75,82.98,40.471,502
2020-09-04T00:00:00.000Z,26.52,489.54,129.46,79.7,183.71,107.361,484
2020-09-05T00:00:00.000Z,23.69,852,88.89,59.74,372.97,179.875,487
2020-09-06T00:00:00.000Z,18.03,665.73,122.6,61.77,305.12,165.557,502
2020-09-07T00:00:00.000Z,27.43,218.74,51.7,44.05,65.84,34.881,471
2020-09-08T00:00:00.000Z,7,247.57,44.74,26.19,59.74,42.228,408
2020-09-09T00:00:00.000Z,16.85,356.53,65.31,34.84,147.79,83.867,317
2020-09-10T00:00:00.000Z,23.12,37.07,33.51,28.29,35.32,5.219,4
2020-09-11T00:00:00.000Z,16.64,98.46,38.42,29.12,51.91,16.102,86
2020-09-12T00:00:00.000Z,3.05,458.51,39.13,20.02,63.43,76.092,321
2020-09-13T00:00:00.000Z,13.05,677.7,54.33,42.73,127.57,141.572,391
2020-09-14T00:00:00.000Z,5.68,449.12,50.67,18.97,151.13,107.652,352
2020-09-15T00:00:00.000Z,0.92,382.68,33.65,16.98,46.14,30.443,337
2020-09-16T00:00:00.000Z,3.43,215.94,24.53,14.16,43.83,33.997,440
2020-09-17T00:00:00.000Z,1.88,212.89,26.66,14.66,42.63,33.099,364
2020-09-18T00:00:00.000Z,8.47,361.81,55.39,28.41,106.6,74.389,357
2020-09-19T00:00:00.000Z,3.86,613.49,40.38,16.3,98.35,126.612,421
2020-09-20T00:00:00.000Z,4.01,216.66,36.02,14.91,68.42,42.677,419
2020-09-21T00:00:00.000Z,5.51,256.39,30.07,12.21,43.07,26.578,410
2020-09-22T00:00:00.000Z,1.63,132.57,16.32,10.02,35.84,17.304,435
2020-09-23T00:00:00.000Z,8,641.04,47.73,35.07,93.8,59.822,460
2020-09-24T00:00:00.000Z,8.63,175.94,49.09,37.42,73.22,35.858,463
2020-09-25T00:00:00.000Z,31.04,154.09,63.34,48.78,88.43,28.294,491
2020-09-26T00:00:00.000Z,9.55,255.97,35.97,22.03,57.66,33.839,504
2020-09-27T00:00:00.000Z,6.71,354.3,31.19,21.04,46.8,30.136,498
2020-09-28T00:00:00.000Z,4.69,170.63,34.56,22.84,56.73,32.717,461
2020-09-29T00:00:00.000Z,3.11,144.54,26.07,17.54,37.96,16.755,443
2020-09-30T00:00:00.000Z,1.61,72.81,14.77,9,21.8,12.166,394
2020-10-01T00:00:00.000Z,1.75,336.9,52.55,39.22,121.88,76.889,305
2020-10-02T00:00:00.000Z,5.03,266.7,26.32,17.44,39.95,46.991,291
2020-10-03T00:00:00.000Z,4.47,531.86,108.54,49.39,198.77,98.203,275
2020-10-04T00:00:00.000Z,4.16,219.41,52.93,31.15,78.53,41.018,287
2020-10-05T00:00:00.000Z,7.07,199.28,39,24.54,59.65,30.504,303
2020-10-06T00:00:00.000Z,7.89,570.37,56.79,36.6,115.16,118.339,337
2020-10-07T00:00:00.000Z,3.07,422,39.64,26.36,66.56,79.702,328
2020-10-08T00:00:00.000Z,4,420.59,44.72,34.63,74.77,101.294,313
2020-10-09T00:00:00.000Z,1.49,193.43,41.33,11.44,54.12,27.399,364
2020-10-10T00:00:00.000Z,0.65,64.73,17.09,7.25,28.12,12.559,395
2020-10-11T00:00:00.000Z,2.54,122.84,13.56,6.97,43.41,26.041,414
2020-10-12T00:00:00.000Z,3.75,88.35,13.35,8.69,31.93,16.085,371
2020-10-13T00:00:00.000Z,1.23,98.77,11.91,6.2,23.19,13.202,397
2020-10-14T00:00:00.000Z,1.87,39.74,5.88,4.51,8.24,5.512,409
2020-10-15T00:00:00.000Z,3.13,39,13.99,8.31,21.75,7.753,394
2020-10-16T00:00:00.000Z,3.24,77.33,15.79,8.61,26.65,14.524,419
2020-10-17T00:00:00.000Z,10.79,278.76,24.74,17.02,34.09,24.789,414
2020-10-18T00:00:00.000Z,1.1,103.15,22.95,8.05,46.75,21.058,410
2020-10-19T00:00:00.000Z,0.52,94.65,23.18,6.89,33.33,19.235,421
2020-10-20T00:00:00.000Z,1.51,82.91,27.33,10.25,33.96,14.652,403
2020-10-21T00:00:00.000Z,1.12,90.93,18.57,6.27,29.1,15.123,393
2020-10-22T00:00:00.000Z,3.21,62.18,14.7,9.36,23.24,9.938,400
2020-10-23T00:00:00.000Z,0.61,74.97,7.93,4.16,15.52,9.481,385
2020-10-24T00:00:00.000Z,9.51,1957.7,38.53,23.16,46.61,151.276,414
2020-10-25T00:00:00.000Z,1.98,361.12,28.72,13.46,138.94,96.559,473
2020-10-26T00:00:00.000Z,8.34,258.52,39.2,29.38,59.98,42.712,439
2020-10-27T00:00:00.000Z,1.21,109.88,18.07,9.21,30.51,17.38,403
2020-10-28T00:00:00.000Z,1.5,71.93,10.47,6.6,21.2,11.346,444
2020-10-29T00:00:00.000Z,1.27,323.42,10.47,5,38.67,49.651,435
2020-10-30T00:00:00.000Z,1.05,87.74,13.86,6.05,29.67,14.092,447
2020-10-31T00:00:00.000Z,2.02,54.17,9.68,6.33,14.23,6.816,411
2020-11-01T00:00:00.000Z,2.11,40.57,9.57,6.86,12.32,4.714,454
2020-11-02T00:00:00.000Z,2.68,154.84,9.44,5.22,14.51,10.902,435
2020-11-03T00:00:00.000Z,3.72,88.73,14.15,6.19,29.89,13.827,446
2020-11-04T00:00:00.000Z,0.05,83.87,10.11,3.42,19.12,11.138,311
2020-11-05T00:00:00.000Z,1.19,61.79,10.62,5.18,16.64,12.978,311
2020-11-06T00:00:00.000Z,1.5,61.28,7.14,3.2,15.56,9.453,309
2020-11-07T00:00:00.000Z,1.45,57.81,6.92,4.21,14.6,8.555,359
2020-11-08T00:00:00.000Z,3.33,111.72,10.09,6.46,14.58,8.452,306
2020-11-09T00:00:00.000Z,2.31,33.09,7.19,4.94,10.61,5.788,253
2020-11-10T00:00:00.000Z,3.9,33.61,10.1,6.79,14.83,6.003,277
2020-11-11T00:00:00.000Z,0.59,63.89,6.71,4.17,13.74,10.694,299
2020-11-12T00:00:00.000Z,0.84,51.91,6.51,4.28,10.64,10.264,291
2020-11-13T00:00:00.000Z,0.84,176.26,11.24,5.88,16.57,11.66,274
2020-11-14T00:00:00.000Z,0.64,110.86,14.75,4.18,39.33,23.815,289
2020-11-15T00:00:00.000Z,1.52,507.03,11.79,5.43,19.73,49.002,261
2020-11-16T00:00:00.000Z,0.59,26.07,7.05,3.25,9.5,4.813,247
2020-11-17T00:00:00.000Z,2.14,30.14,5.22,4,7.09,3.101,239
2020-11-20T00:00:00.000Z,12.4,46.13,20.04,16.89,22.77,6.422,34
2020-11-21T00:00:00.000Z,3.33,109.51,12.18,6.53,24.96,25.574,272
2020-11-22T00:00:00.000Z,0.24,66.89,15.51,3.57,28.16,14.665,273
2020-11-23T00:00:00.000Z,0.45,33.42,5.4,1.57,14.22,8.222,241
2020-11-24T00:00:00.000Z,1.56,365.93,14.2,9.63,19.64,27.315,274
2020-11-25T00:00:00.000Z,1.67,158.15,7.82,4.76,18.26,16.608,278
2020-11-26T00:00:00.000Z,0.67,51.95,15.4,2.5,34.97,16.172,266
2020-11-27T00:00:00.000Z,0.02,58.07,4.82,2.38,9.43,9.148,249
2020-11-28T00:00:00.000Z,1.12,317.64,7.38,4.8,10.24,22.794,253
2020-11-29T00:00:00.000Z,0.07,40.71,5.45,2.2,8.56,5.685,257
2020-11-30T00:00:00.000Z,0.41,31.76,3,2.04,4.04,3.054,237
2020-12-01T00:00:00.000Z,0.07,33.97,3.13,1.94,4.78,4.479,236
2020-12-02T00:00:00.000Z,0.34,28.1,3.31,1.71,5.24,3.758,272
2020-12-03T00:00:00.000Z,0.28,117,2.45,1.39,3.47,10.592,229
2020-12-04T00:00:00.000Z,0.62,32.42,2.67,1.64,5.07,5.148,231
2020-12-05T00:00:00.000Z,1.29,48.35,7.64,4.72,10.84,6.461,243
2020-12-06T00:00:00.000Z,0.9,46.15,5.98,3.45,7.57,4.721,308
2020-12-07T00:00:00.000Z,0,24.82,2.54,1.39,4.45,2.93,241
2020-12-08T00:00:00.000Z,0.97,84,6.08,4.21,9.41,7.941,224
2021-04-10T00:00:00.000Z,6.9,163.2,23.15,15.8,44.45,27.196,248
2021-04-11T00:00:00.000Z,3,300.5,39.9,19.8,83.9,63.342,407
2021-04-12T00:00:00.000Z,1.8,240.6,41.4,9.9,57.9,39.149,387
2021-04-13T00:00:00.000Z,3.6,119.2,17.35,8.3,28.5,13.73,386
2021-04-14T00:00:00.000Z,1.4,37.2,6.2,4.2,10.25,7.091,377
2021-04-15T00:00:00.000Z,5,100.4,31.2,21.3,43.7,18.678,398
2021-04-16T00:00:00.000Z,4.1,159.6,16.6,10.8,27,13.731,399
2021-04-17T00:00:00.000Z,21.2,271.8,47.4,41.3,76.2,39.629,399
2021-04-18T00:00:00.000Z,35.8,478.4,50.7,46,65.3,41.669,395
2021-04-19T00:00:00.000Z,5.9,86.9,31,20.6,43.4,14.333,399
2021-04-20T00:00:00.000Z,4.5,187.8,24,11.4,52.2,26.658,399
2021-04-21T00:00:00.000Z,0.3,213.9,17.2,4.9,31.8,20.083,393
2021-04-22T00:00:00.000Z,6.4,284.9,26.1,15.05,45.35,32.331,381
2021-04-23T00:00:00.000Z,12.3,426.3,45.4,36.6,76.8,87.736,386
2021-04-24T00:00:00.000Z,4.2,126.7,31,19.8,44.2,18.794,391
2021-04-25T00:00:00.000Z,3.6,373.5,54.3,30.2,111.5,56.12,415
2021-04-26T00:00:00.000Z,2,131.2,17.3,9.69,33.85,19.352,401
2021-04-27T00:00:00.000Z,7.1,154.6,48.9,30.1,84.9,36.814,410
2021-04-28T00:00:00.000Z,5.8,211.9,40.95,26.75,51.5,29.144,412
2021-04-29T00:00:00.000Z,8.8,149.4,35.5,18.1,47.25,24.014,392
2021-04-30T00:00:00.000Z,29.8,370.2,59.5,43.9,106.2,78.913,398
2021-05-01T00:00:00.000Z,2.6,108.9,26.15,10.5,44.7,22.306,406
2021-05-02T00:00:00.000Z,5.7,240.5,46.9,36.4,64.59,30.03,400
2021-05-03T00:00:00.000Z,4.3,427.3,47.45,30.4,117.9,103.476,390
2021-05-04T00:00:00.000Z,6.7,739.2,130.75,60.5,452.5,223.338,396
2021-05-05T00:00:00.000Z,9.9,578.7,132,58.65,196.4,127.038,389
2021-05-06T00:00:00.000Z,30.7,679,79.84,56.85,423.95,213.498,372
2021-05-07T00:00:00.000Z,23.7,651.5,115.6,71.09,378.35,195.351,389
2021-05-08T00:00:00.000Z,25.5,331.6,81.4,50.45,150.65,64.211,405
2021-05-09T00:00:00.000Z,4.2,208.8,27.45,13.8,46.8,34.305,392
2021-05-10T00:00:00.000Z,6,456,64.34,30,114.8,76.07,402
2021-05-11T00:00:00.000Z,34.7,405.9,106.1,58.6,225.2,113.024,383
2021-05-12T00:00:00.000Z,28.8,800.7,77.2,47.65,412.45,215.988,397
2021-05-13T00:00:00.000Z,45.6,725.8,106.25,70.3,434.8,205.299,390
2021-05-14T00:00:00.000Z,32.9,565.2,106.8,56.35,250.3,146.472,389
2021-05-15T00:00:00.000Z,18.7,605,52.1,37.9,138.8,147.191,391
2021-05-16T00:00:00.000Z,13.1,554.6,56.4,38.7,122.7,91.325,410
2021-05-17T00:00:00.000Z,78.7,708.9,211.9,159.8,337.1,133.141,375
2021-05-18T00:00:00.000Z,34.6,648.7,97.5,74.25,166.35,170.697,392
2021-05-19T00:00:00.000Z,5.9,246.5,25.5,15.7,39.1,30.035,391
2021-05-20T00:00:00.000Z,4.3,234.8,34.15,14.2,83.3,51.653,414
2021-05-21T00:00:00.000Z,15.1,410,46.75,31.8,86.8,76.01,388
2021-05-22T00:00:00.000Z,12.6,421,50.2,40.9,109.6,65.574,371
2021-05-23T00:00:00.000Z,11.7,638.2,110.1,50.8,239.2,179.433,394
2021-05-24T00:00:00.000Z,6.5,274,40.9,30.7,58.3,40.704,399
2021-05-25T00:00:00.000Z,15.9,228.3,43.5,35.29,60.2,26.936,415
2021-05-26T00:00:00.000Z,1.4,147.3,36.8,27.75,48.8,24.077,409
2021-05-27T00:00:00.000Z,2.9,222.8,26.5,14.1,57.8,38.461,383
2021-05-28T00:00:00.000Z,0.6,155.5,32.5,17.7,45.7,26.015,399
2021-05-29T00:00:00.000Z,15.5,354.9,49.5,39.7,75.7,53.772,392
2021-05-30T00:00:00.000Z,14.1,510.3,48.7,38.79,79.6,92.237,394
2021-05-31T00:00:00.000Z,1.7,195.1,31.7,13.85,42,29.5,389
2021-06-01T00:00:00.000Z,0.1,95.4,26.5,15.8,37.1,14.614,406
2021-06-02T00:00:00.000Z,24.9,329.6,59.5,39.85,125.9,63.082,400
2021-06-03T00:00:00.000Z,4.7,191.2,29.55,18.75,49.1,34.782,408
2021-06-04T00:00:00.000Z,5.5,327.1,50.2,26.4,119.9,64.839,399
2021-06-05T00:00:00.000Z,20.6,497.5,109.2,61.95,195.75,97.451,413
2021-06-06T00:00:00.000Z,30.8,395.3,76.5,54.3,106.65,46.791,416
2021-06-07T00:00:00.000Z,19.6,366.2,52.2,39,99.4,55.673,478
2021-06-08T00:00:00.000Z,5.1,262.2,36.29,20,69.09,54.769,447
2021-06-09T00:00:00.000Z,9.8,286.4,52.4,38.2,80.4,37.177,458
2021-06-10T00:00:00.000Z,17.4,236.2,65.3,37.4,119.15,52.783,420
2021-06-11T00:00:00.000Z,8.9,407.8,56.75,28.6,129.25,74.527,536
2021-06-12T00:00:00.000Z,23,228.5,52.9,46.25,80.2,39.989,605
2021-06-13T00:00:00.000Z,0,327.7,45.5,19.3,74.5,54.572,591
2021-06-14T00:00:00.000Z,21.1,772.8,126.8,46.7,381.3,231.749,633
2021-06-15T00:00:00.000Z,35.6,495.7,103.7,65.3,148.85,79.352,605
2021-06-16T00:00:00.000Z,25.2,673.3,96.2,55.9,136.9,105.766,618
2021-06-17T00:00:00.000Z,27.4,860.1,187.8,99.4,484.4,215.587,612
2021-06-18T00:00:00.000Z,36.4,736.7,161.1,119.15,272.55,180.301,617
2021-06-19T00:00:00.000Z,21.5,591.5,68.3,50.8,104.6,74.357,619
2021-06-20T00:00:00.000Z,26.1,661.9,91.8,58.7,534.54,227.003,596
2021-06-21T00:00:00.000Z,8.9,371.6,42,21.7,66.4,63.179,601
2021-06-22T00:00:00.000Z,14.2,280.8,45.8,37.4,72.09,55.365,619
2021-06-23T00:00:00.000Z,0.5,191.5,32,16.05,40.65,22.727,608
2021-06-24T00:00:00.000Z,1.1,307.7,33.25,14.7,56.3,35.59,626
2021-06-25T00:00:00.000Z,11.4,544.4,76.4,44.7,162.19,121.08,611
2021-06-26T00:00:00.000Z,40.9,547.1,119.25,78,308.64,138.775,616
2021-06-27T00:00:00.000Z,36.9,563.8,64.8,50.95,95.95,84.627,593
2021-06-28T00:00:00.000Z,45.6,776.9,168.4,97.7,257.89,198.129,604
2021-06-29T00:00:00.000Z,38.1,603.4,236.85,92.85,329.35,145.937,600
2021-06-30T00:00:00.000Z,45.5,752.8,187.75,92.9,360.5,212.001,622
2021-07-01T00:00:00.000Z,27.5,578.2,95.55,52.55,233.15,130.983,604
2021-07-02T00:00:00.000Z,30.1,639.7,67.8,45.2,168.6,158.729,611
2021-07-03T00:00:00.000Z,26.1,402.4,134.05,83.5,182.1,65.123,598
2021-07-04T00:00:00.000Z,26.1,319.8,64.5,50.45,110,51.753,621
2021-07-05T00:00:00.000Z,31.6,371,60.95,46.2,101.25,56.47,596
2021-07-06T00:00:00.000Z,17.3,556.2,49,39.1,71.3,88.588,615
2021-07-07T00:00:00.000Z,17.9,409.8,49.9,33.1,101.7,56.85,607
2021-07-08T00:00:00.000Z,35.9,300.2,61.3,45.2,84.7,34.237,577
2021-07-09T00:00:00.000Z,2.4,272.4,33.1,16.1,52.1,40.946,583
2021-07-10T00:00:00.000Z,23.9,379.8,64.09,43.4,119.1,67.799,599
2021-07-11T00:00:00.000Z,15.8,820.2,113,66,279.1,222.586,611
2021-07-12T00:00:00.000Z,28.1,806,112.4,60.8,505.8,244.646,607
2021-07-13T00:00:00.000Z,31.4,617.7,80.95,54.4,192.8,126.513,578
2021-07-14T00:00:00.000Z,13.2,725.5,59.8,47.15,112.05,117.909,605
2021-07-15T00:00:00.000Z,19.1,362.2,54,43.5,95.2,38.301,607
2021-07-16T00:00:00.000Z,4.5,434.5,34.9,22,62.5,71.017,604
2021-07-17T00:00:00.000Z,34.6,582.6,103.6,53.2,188.7,125.243,591
2021-07-18T00:00:00.000Z,30.5,906,176.2,77.7,436,219.594,591
2021-07-19T00:00:00.000Z,5.7,723.6,90.8,48.75,319.55,187.406,601
2021-07-20T00:00:00.000Z,30.2,566.1,68.8,50.4,113,93.287,586
2021-07-21T00:00:00.000Z,35.3,476.9,60.9,50.5,82.2,92.013,558
2021-07-22T00:00:00.000Z,16,367.3,48.35,37.15,71.34,35.608,584
2021-07-23T00:00:00.000Z,21.8,247.5,57.4,43.4,87,32.741,591
2021-07-24T00:00:00.000Z,34.8,456.3,83.7,52.3,146.3,100.981,571
2021-07-25T00:00:00.000Z,2.3,286.8,39,24.4,53,26.29,567
2021-07-26T00:00:00.000Z,12.6,310.5,80.1,45.6,127,62.045,577
2021-07-27T00:00:00.000Z,13.1,845.7,180.7,39.25,427.6,227.116,597
2021-07-28T00:00:00.000Z,18.5,609.5,138.7,47,250.7,153.117,571
2021-07-29T00:00:00.000Z,41.2,699.9,179.9,130.4,355.3,167.703,571
2021-07-30T00:00:00.000Z,5.5,742.5,79.2,39.1,181.9,179.82,557
2021-07-31T00:00:00.000Z,11.9,650.1,149.2,48.6,213.1,119.158,606
2021-08-01T00:00:00.000Z,21.8,631.9,104.5,58.1,338.4,171.175,591
2021-08-02T00:00:00.000Z,3.9,339.5,39.4,26.25,56.1,41.911,585
2021-08-03T00:00:00.000Z,7.4,341.2,39.54,24.5,61.3,67.655,570
2021-08-04T00:00:00.000Z,27.4,473.9,88.9,56.9,165.3,115.364,561
2021-08-05T00:00:00.000Z,33.4,520.6,60.6,45.5,144.4,109.618,571
2021-08-06T00:00:00.000Z,25.6,212.7,51.35,40.29,72.3,29.989,548
2021-08-07T00:00:00.000Z,9.9,310.8,48.7,37.1,81.9,47.083,538
2021-08-08T00:00:00.000Z,6.7,401.6,42.5,28.3,85.1,59.713,539
2021-08-09T00:00:00.000Z,6.7,638.7,120.4,46.6,437.9,199.456,543
2021-08-10T00:00:00.000Z,8.4,479.8,120.5,44.5,232.2,132.175,531
2021-08-11T00:00:00.000Z,10.1,522.2,91.7,47.3,154.69,82.499,570
2021-08-12T00:00:00.000Z,13.2,600.3,115.8,63.45,290.5,166.317,561
2021-08-13T00:00:00.000Z,7.8,447.2,64.4,43.2,158.05,114.612,557
2021-08-14T00:00:00.000Z,26.6,179.1,53.5,37.35,80.05,28.775,525
2021-08-15T00:00:00.000Z,37,267,65.95,50.3,100.2,32.592,548
2021-08-16T00:00:00.000Z,1,74.1,19.2,11.1,33.1,14.493,483
2021-08-17T00:00:00.000Z,6.6,216.5,35.5,24.3,44.4,28.537,567
2021-08-18T00:00:00.000Z,0.9,186.3,37.7,19.4,51.1,27.151,539
2021-08-19T00:00:00.000Z,3.1,217.3,24.5,14,38.3,36.139,550
2021-08-20T00:00:00.000Z,2.4,100.7,31.45,24.7,42.2,14.82,562
2021-08-21T00:00:00.000Z,0.8,121.3,21.1,7.4,30.6,15.108,555
2021-08-22T00:00:00.000Z,3.4,202.8,32.4,23,42,27.501,519
2021-08-23T00:00:00.000Z,14.7,438.1,85.9,50.4,122.2,79.63,519
2021-08-24T00:00:00.000Z,9.4,604.7,103.6,39.1,204.2,159.19,559
2021-08-25T00:00:00.000Z,3.3,354.3,28.55,16.1,42.35,68.722,536
2021-08-26T00:00:00.000Z,0.4,158.9,31.9,17.4,40.35,26.654,541
2021-08-27T00:00:00.000Z,18.9,167.9,43.8,35.1,71.4,27.136,550
2021-08-28T00:00:00.000Z,1.7,89,21.7,9.4,33.85,14.678,476
2021-08-29T00:00:00.000Z,11,279.9,47.8,31.2,83.7,51.59,507
2021-08-30T00:00:00.000Z,4.1,153.6,33.9,24.4,46.3,19.999,535
2021-08-31T00:00:00.000Z,5.9,264.4,46.65,23.2,60.85,27.085,532
2021-09-01T00:00:00.000Z,4.8,358.6,70.65,32.5,133.1,69.961,562
2021-09-02T00:00:00.000Z,10.1,229.2,56.1,38.9,112.1,46.92,558
2021-09-03T00:00:00.000Z,6.8,315.1,40.2,24.5,51.7,29.746,558
2021-09-04T00:00:00.000Z,8.8,223.8,36.2,18.55,50.8,41.21,536
2021-09-05T00:00:00.000Z,3.6,261.5,30.1,14.2,47.6,36.88,453
2021-09-06T00:00:00.000Z,8.8,359.6,42.1,29.45,90.25,55.632,481
2021-09-07T00:00:00.000Z,3.7,320.2,29.5,17.55,48.6,61.492,476
2021-09-08T00:00:00.000Z,9.1,331.9,57.7,39.1,99.45,74.935,601
2021-09-09T00:00:00.000Z,3.5,199.1,51.1,34.4,66.8,30.525,607
2021-09-10T00:00:00.000Z,10.6,293.8,53.4,44.4,77.4,47.534,607
2021-09-11T00:00:00.000Z,11,149,36.5,26.95,49.25,23.358,653
2021-09-12T00:00:00.000Z,0.2,82.3,27.05,14.8,36.1,14.58,630
2021-09-13T00:00:00.000Z,3.3,254.5,39.9,23.1,52.85,39.15,589
2021-09-14T00:00:00.000Z,9.6,591.5,47.35,31.95,95.45,129.749,624
2021-09-15T00:00:00.000Z,3.5,234.5,49.4,28.8,64.7,49.072,639
2021-09-16T00:00:00.000Z,2.9,490.5,63.95,30.25,109.85,103.282,640
2021-09-17T00:00:00.000Z,1.3,206.3,16.6,9.5,26.9,15.867,610
2021-09-18T00:00:00.000Z,2.2,591.8,47.6,33.2,111.1,67.465,631
2021-09-19T00:00:00.000Z,3.1,730.6,41.5,25.9,57.7,51.16,614
2021-09-20T00:00:00.000Z,4.1,238.9,50.15,11.95,97.55,48.301,620
2021-09-21T00:00:00.000Z,4,224,41.55,9.8,82.8,57.634,630
2021-09-22T00:00:00.000Z,2.5,133.4,15.4,11,21.8,10.559,548
2021-09-23T00:00:00.000Z,5.9,218.3,48,24.8,62.1,41.904,611
2021-09-24T00:00:00.000Z,6,134.6,41.25,28.6,50.2,16.622,594
2021-09-25T00:00:00.000Z,4.5,139.5,16.5,9.8,29.65,14.962,629
2021-09-26T00:00:00.000Z,1.5,268.5,32.4,9.5,70.5,54.662,602
2021-09-27T00:00:00.000Z,3.5,133.9,37,13.6,57.6,25.966,613
2021-09-28T00:00:00.000Z,4.7,126.7,39.85,16.35,63.95,28.144,616
2021-09-29T00:00:00.000Z,6.8,150,38,23.75,48.05,19.183,617
2021-09-30T00:00:00.000Z,2.3,209.9,15.6,9.4,35.2,29.491,603
2021-10-01T00:00:00.000Z,1.4,121.6,21.9,14.2,32.2,17.032,606
2021-10-02T00:00:00.000Z,3.6,89.6,21.8,12,36.79,15.019,615
2021-10-03T00:00:00.000Z,3.8,329.6,71.3,18.2,145.5,82.82,607
2021-10-04T00:00:00.000Z,1.7,129.4,44.5,19.89,70.95,31.85,613
2021-10-05T00:00:00.000Z,2.9,110.5,24.6,9.3,44.9,20.529,618
2021-10-06T00:00:00.000Z,0.2,271.4,49.1,4.15,98.45,60.75,596
2021-10-07T00:00:00.000Z,1.6,88.2,25,6.9,42.15,20.512,608
2021-10-08T00:00:00.000Z,8.9,284.2,28.65,19.1,47.9,33.3,594
2021-10-09T00:00:00.000Z,6.8,123.7,16.39,10.9,25.25,13.546,608
2021-10-10T00:00:00.000Z,1.5,238.2,19.89,8.3,34,17.405,590
2021-10-11T00:00:00.000Z,4.5,163.7,12.8,8.6,37.29,26.851,595
2021-10-12T00:00:00.000Z,5.7,102.5,27.5,18.1,44.05,20.541,613
2021-10-13T00:00:00.000Z,8.6,64,22.1,16.5,29.3,9.409,595
2021-10-14T00:00:00.000Z,0.7,59.6,13.5,9,21.55,9.647,609
2021-10-15T00:00:00.000Z,1.4,305.1,31.95,8.55,53.25,65.617,616
2021-10-16T00:00:00.000Z,3.9,321.1,37.7,15.3,68.2,64.727,599
2021-10-17T00:00:00.000Z,1.7,204.7,31.2,6.7,55.7,47.71,598
2021-10-18T00:00:00.000Z,1.7,115.2,10.1,4.75,27.6,17.798,616
2021-10-19T00:00:00.000Z,1.9,72.7,12,6.4,24.5,11.648,606
2021-10-20T00:00:00.000Z,0,234.7,9.75,3,22.6,17.035,522
2021-10-21T00:00:00.000Z,1.3,53.6,7.6,3.9,14.6,8.474,607
2021-10-22T00:00:00.000Z,2.1,193.8,31.1,11.5,42.3,22.041,626
2021-10-23T00:00:00.000Z,2,161,14.5,9.8,24.8,13.315,619
2021-10-24T00:00:00.000Z,1.3,55.9,18.8,10.3,28.9,12.058,612
2021-10-25T00:00:00.000Z,2.7,159.7,18.05,9.8,32.95,30.23,620
2021-10-26T00:00:00.000Z,1.1,144.3,13.6,7,36.15,19.622,609
2021-10-27T00:00:00.000Z,2.2,140.6,11.5,6.4,22.5,17.468,617
2021-10-28T00:00:00.000Z,1.5,67,9.1,4.7,13.4,7.218,611
2021-10-29T00:00:00.000Z,1.2,73.1,14.8,6.4,23,11.81,623
2021-10-30T00:00:00.000Z,1.9,105.9,5.5,3.9,13.5,9.239,608
2021-10-31T00:00:00.000Z,2.2,73.4,16,7.75,21.5,13.211,624
2021-11-01T00:00:00.000Z,2.2,120.5,6.8,4.1,12,12.326,589
2021-11-02T00:00:00.000Z,1.3,78,9.6,4.1,20,13.598,585
2021-11-03T00:00:00.000Z,1.5,174.7,15.5,10.8,20.5,15.266,602
2021-11-04T00:00:00.000Z,0.3,131.6,8.1,3.9,17.2,15.935,619
2021-11-05T00:00:00.000Z,0.8,114.4,3.9,2.6,12.2,15.801,591
2021-11-06T00:00:00.000Z,2.8,134.6,9.6,6.4,15.8,12.176,586
2021-11-07T00:00:00.000Z,0.4,74.3,3.4,1.7,6.3,5.947,575
2021-11-08T00:00:00.000Z,1.5,78.7,5.7,3.5,9.7,6.976,470
2021-11-09T00:00:00.000Z,2.1,50.3,7.9,5.4,9.7,5.036,599
2021-11-10T00:00:00.000Z,0.4,74.8,4.2,2.1,10.8,9.917,576
2021-11-11T00:00:00.000Z,2.2,83,7.6,5.1,10.3,6.231,559
2021-11-12T00:00:00.000Z,1.8,115.1,13,7.5,16.1,11.794,594
2021-11-13T00:00:00.000Z,0.2,31.2,3.1,1.5,9.2,7.052,576
2021-11-14T00:00:00.000Z,2,204.3,22.9,16.8,32.8,24.608,595
2021-11-15T00:00:00.000Z,0.1,86,2.8,1.2,8,10.738,567
2021-11-16T00:00:00.000Z,0,80.4,6.4,1.4,14.3,12.663,571
2021-11-17T00:00:00.000Z,0.3,83.6,4.34,2,6.3,5.574,602
2021-11-18T00:00:00.000Z,0.1,90.2,3.5,1.4,5.4,7.108,575
2021-11-19T00:00:00.000Z,2,34.8,5.2,3.7,7.5,4.141,582
2021-11-20T00:00:00.000Z,1.3,237.9,5.4,3.9,7.4,13.815,575
2021-11-21T00:00:00.000Z,0.1,544,5.15,3.4,10.4,47.607,602
2021-11-22T00:00:00.000Z,0,14.9,2,0.6,4.2,2.664,222