# Sensor Avenida Providencia, Chile (Citizen Science project sensor.community/17518)
# https://aqicn.org/station/@80221/
# Daily pm25
date,min,max,median,q1,q3,stdev,count
2019-12-09T00:00:00.000Z,2.74,13.93,4.65,3.93,6.61,2.286,157
2019-12-10T00:00:00.000Z,2.75,17.78,4.51,3.74,6.24,3.403,249
2019-12-11T00:00:00.000Z,1.9,20.78,2.65,2.38,4.96,4.145,89
2019-12-12T00:00:00.000Z,1.85,9.74,3.3,2.66,3.87,1.268,403
2019-12-13T00:00:00.000Z,2.24,7.68,4.17,3.57,5.19,1.126,424
2019-12-17T00:00:00.000Z,2.64,13.48,4.38,3.9,7.14,2.654,177
2019-12-18T00:00:00.000Z,1.76,17.41,6.43,4.03,7.79,3.355,136
2019-12-19T00:00:00.000Z,1.18,6.59,2.56,2.04,3.42,1.012,505
2019-12-20T00:00:00.000Z,1.1,8.59,3.22,1.9,4.55,1.934,476
2019-12-23T00:00:00.000Z,1.7,3.3,2.33,2.12,2.56,0.322,81
2019-12-24T00:00:00.000Z,1.5,2.54,2.06,1.89,2.21,0.224,131
2019-12-27T00:00:00.000Z,3,14.45,5.58,3.88,8.36,2.772,91
2019-12-31T00:00:00.000Z,1.6,23.65,3.71,2.96,4.55,1.694,477
2020-01-01T00:00:00.000Z,2.79,13.82,5.52,4.44,8.65,2.405,532
2020-01-02T00:00:00.000Z,3.08,10.56,4.72,3.84,6.13,1.915,521
2020-01-03T00:00:00.000Z,4.63,16.98,6.64,5.78,7.81,3.029,509
2020-01-04T00:00:00.000Z,2.92,13.62,7.72,5.57,9.39,2.383,516
2020-01-05T00:00:00.000Z,3.28,15.61,5.68,4.99,6.68,1.607,518
2020-01-06T00:00:00.000Z,4.05,14.12,7.08,5.72,8.82,2.422,475
2020-01-07T00:00:00.000Z,3.7,10.89,5.19,4.3,6.19,1.888,321
2020-01-08T00:00:00.000Z,1.9,6.35,4.05,2.94,4.8,1.075,183
2020-01-09T00:00:00.000Z,1.6,18.02,2.52,2.19,4.65,4.507,184
2020-01-10T00:00:00.000Z,1.77,2.58,2.14,1.96,2.25,0.192,31
2020-01-13T00:00:00.000Z,3.22,11.05,5.23,4.16,8.25,2.168,170
2020-01-14T00:00:00.000Z,3.94,11.14,5.9,5.35,6.7,1.641,319
2020-01-15T00:00:00.000Z,2.25,9.52,3.92,3.06,6.23,1.869,192
2020-01-16T00:00:00.000Z,1.95,7.5,3.51,2.96,4.44,1.266,273
2020-01-17T00:00:00.000Z,4.12,10.44,5.3,4.94,6.52,1.573,261
2020-01-18T00:00:00.000Z,4.3,12.48,6.41,5.43,7.55,1.583,444
2020-01-19T00:00:00.000Z,4.55,8.23,5.97,5.48,6.49,0.742,398
2020-01-20T00:00:00.000Z,5.09,16.02,6.91,6.32,7.77,2.077,284
2020-01-21T00:00:00.000Z,4.36,9.88,6.08,5.41,7.06,1.085,313
2020-01-22T00:00:00.000Z,4.95,5.18,5.05,4.95,5.18,0.115,2
2020-01-23T00:00:00.000Z,3.28,6.12,3.88,3.58,4.62,0.693,87
2020-01-24T00:00:00.000Z,2.68,9.85,4.53,3.35,5.96,1.878,261
2020-01-25T00:00:00.000Z,3,11.49,6.12,5.44,6.89,1.736,290
2020-01-26T00:00:00.000Z,3.1,8.19,4.88,4.26,5.54,1.06,298
2020-01-27T00:00:00.000Z,2.27,7.12,4.28,3.72,4.78,0.866,211
2020-01-28T00:00:00.000Z,2.08,11.04,4.82,4.2,6.58,1.767,119
2020-01-29T00:00:00.000Z,1.7,11.12,2.74,2.44,3.67,2.152,228
2020-01-30T00:00:00.000Z,2.25,8.69,4.3,3.56,6.11,1.595,115
2020-01-31T00:00:00.000Z,2.75,19.8,5.15,3.99,6.64,3.889,85
2020-02-01T00:00:00.000Z,4.72,10.19,8.02,4.76,9.76,2.274,5
2020-02-02T00:00:00.000Z,2.1,7.18,5.09,3.1,6.62,1.568,15
2020-02-03T00:00:00.000Z,0.85,4.25,2.27,1.8,2.85,0.709,131
2020-02-04T00:00:00.000Z,0.85,4.26,1.79,1.36,2.48,0.79,223
2020-02-05T00:00:00.000Z,1.55,5.33,2.25,2.04,2.74,0.655,154
2020-02-06T00:00:00.000Z,1.2,4.95,1.94,1.53,2.52,0.877,217
2020-02-07T00:00:00.000Z,1.6,4.88,2.4,2.09,2.96,0.693,206
2020-02-08T00:00:00.000Z,1.49,88.8,2.8,2.16,3.25,6.249,194
2020-02-09T00:00:00.000Z,1.34,5.24,2.92,2.62,3.3,0.546,352
2020-02-10T00:00:00.000Z,2.52,8.68,4.82,4.01,6.12,1.325,313
2020-02-11T00:00:00.000Z,5.65,24.08,10.23,7.52,12.32,3.994,252
2020-02-12T00:00:00.000Z,5.7,29.65,12.11,9.77,19.3,5.786,154
2020-02-13T00:00:00.000Z,2.83,13.34,5.98,4.95,8.6,2.402,167
2020-02-14T00:00:00.000Z,3.82,25.61,6.54,5.57,9.1,4.567,347
2020-02-15T00:00:00.000Z,4.76,16.27,9.72,7.9,11.9,2.747,304
2020-02-16T00:00:00.000Z,3.7,9.88,6.32,5.12,7,1.186,363
2020-02-17T00:00:00.000Z,2.41,16.01,4.04,3.2,6.38,3.489,206
2020-02-18T00:00:00.000Z,1.5,7.82,4.53,3.46,5.57,1.414,86
2020-02-19T00:00:00.000Z,3.62,24.02,7.04,5.05,7.82,2.673,135
2020-02-20T00:00:00.000Z,5.05,13.98,7.82,7.25,9.92,2.328,127
2020-02-21T00:00:00.000Z,7.75,24.42,11.32,10.21,13.06,2.134,177
2020-02-22T00:00:00.000Z,6.34,23.86,9.16,7.7,14.05,4.335,428
2020-02-23T00:00:00.000Z,3.71,12.91,7.36,6.15,9.02,2.121,408
2020-02-24T00:00:00.000Z,4,28.22,8.1,6.9,11.24,5.206,459
2020-02-25T00:00:00.000Z,2.8,22.37,10.02,8.31,11.61,4.246,337
2020-02-26T00:00:00.000Z,2.7,9.96,5.78,4.69,6.81,1.456,113
2020-02-27T00:00:00.000Z,1.75,8.25,4.51,4.08,5.01,1.158,493
2020-02-28T00:00:00.000Z,3.18,22.82,5.88,4.58,8.66,3.674,499
2020-02-29T00:00:00.000Z,8.35,24.65,12.43,10.09,13.72,3.401,331
2020-03-02T00:00:00.000Z,5.55,12.29,8.14,6.76,9.25,1.602,118
2020-03-03T00:00:00.000Z,6.28,32.19,13.07,9.57,18.64,7.268,306
2020-03-04T00:00:00.000Z,6.57,29.86,12.8,10.02,16.3,5.381,395
2020-03-07T00:00:00.000Z,2.2,15.84,8.94,4.79,10.36,3.242,431
2020-03-08T00:00:00.000Z,2.29,11.12,3.88,3.01,4.55,1.898,493
2020-03-09T00:00:00.000Z,2.81,8.65,4.13,3.59,5.27,1.125,460
2020-03-10T00:00:00.000Z,2.2,9.66,3.88,3.43,4.76,1.305,568
2020-03-11T00:00:00.000Z,1.85,11.34,4.49,3.6,5.44,1.882,562
2020-03-12T00:00:00.000Z,1.67,12,4.8,3.1,5.87,2.13,348
2020-03-13T00:00:00.000Z,1.65,11.3,3.92,2.75,6.7,2.703,359
2020-03-14T00:00:00.000Z,1.77,11.24,3.71,3.04,5.4,1.986,534
2020-03-15T00:00:00.000Z,1.9,5.68,3.85,3.25,4.38,0.891,190
2020-03-25T00:00:00.000Z,1.76,6.28,2.45,2.25,2.9,0.873,85
2020-03-26T00:00:00.000Z,2.16,24.59,4.47,3,6.08,4.256,407
2020-03-27T00:00:00.000Z,7.58,47.04,23.26,12.38,31.04,11.306,396
2020-03-28T00:00:00.000Z,13.29,58.5,32.08,23.02,51.28,15.044,186
2020-03-29T00:00:00.000Z,4.84,33.21,19.12,12.19,23.64,7.763,364
2020-03-30T00:00:00.000Z,3.47,18.98,5.3,4.76,12.84,4.869,130
2020-03-31T00:00:00.000Z,3.05,27.54,5.7,5.2,7.19,4.011,313
2020-04-01T00:00:00.000Z,2.37,20.6,4.12,3.55,4.87,2.407,209
2020-04-02T00:00:00.000Z,2.35,8.61,4.61,3.96,5.09,0.952,448
2020-04-03T00:00:00.000Z,3.58,30.65,5.5,4.78,9.39,5.195,473
2020-04-04T00:00:00.000Z,5.66,22.98,8.81,7.98,11.25,4.516,521
2020-04-05T00:00:00.000Z,2,18.17,8.26,5.35,10.27,3.71,532
2020-04-06T00:00:00.000Z,2.45,16.96,3.76,3.38,4.58,3.179,499
2020-04-07T00:00:00.000Z,1.92,12.12,4.07,3.59,4.61,1.676,451
2020-04-08T00:00:00.000Z,3.08,15.88,5.54,4.01,11.25,4.08,491
2020-04-09T00:00:00.000Z,12.38,51.97,24.47,15.58,37.54,12.709,447
2020-04-10T00:00:00.000Z,10.61,49.28,19.87,16.23,30.28,10.881,512
2020-04-11T00:00:00.000Z,10.91,30.15,17.97,13.26,23.04,5.14,150
2020-04-12T00:00:00.000Z,10.09,35.96,19.45,17.54,23.41,5.143,576
2020-04-13T00:00:00.000Z,6.56,30.94,17.46,15.26,22.35,6.325,561
2020-04-14T00:00:00.000Z,5.55,34.94,9.44,8.43,12.24,5.625,555
2020-04-15T00:00:00.000Z,7.42,13.88,8.86,8.46,10.34,1.437,274
2020-04-23T00:00:00.000Z,24.59,45.98,34.52,30.64,36.92,4.826,198
2020-04-24T00:00:00.000Z,7.02,33.47,21.12,18.03,27.78,7.201,536
2020-04-25T00:00:00.000Z,3.41,52.68,14.02,10.59,21.34,7.872,503
2020-04-26T00:00:00.000Z,1.38,9.92,5.2,3.98,8,2.209,545
2020-04-27T00:00:00.000Z,0.82,6.14,1.95,1.62,3.08,1.257,519
2020-04-28T00:00:00.000Z,1.34,9.88,3.95,2.42,5.05,1.93,396
2020-04-29T00:00:00.000Z,2.11,23.14,3.53,2.85,9.88,5.328,463
2020-04-30T00:00:00.000Z,2.7,39.04,16.5,5.01,20.7,9.829,272
2020-05-01T00:00:00.000Z,8.57,41.58,18.92,17.1,20.2,5.264,543
2020-05-02T00:00:00.000Z,8.39,31.36,15.88,14.25,19.89,5.411,531
2020-05-03T00:00:00.000Z,9.19,32,17.67,14.34,24.52,6.156,541
2020-05-04T00:00:00.000Z,4.69,32.03,21.6,13.38,24.84,7.995,512
2020-05-05T00:00:00.000Z,4.3,27.34,10.16,8.38,15.08,5.207,489
2020-05-06T00:00:00.000Z,4,24.3,9.89,7.12,17.05,5.546,575
2020-05-07T00:00:00.000Z,2.87,23.24,8.27,6.98,10.22,4.102,382
2020-05-08T00:00:00.000Z,8.26,53.1,16.22,12.19,26.21,12.134,345
2020-05-09T00:00:00.000Z,20.36,37.58,28.3,27.17,30.98,2.928,235
2020-05-10T00:00:00.000Z,5.04,5.3,5.22,5.12,5.27,0.096,4
2020-05-11T00:00:00.000Z,5.17,154.22,17.55,13.56,19.44,13.58,349
2020-05-12T00:00:00.000Z,6.01,23.52,10.96,9.94,17.1,4.495,467
2020-05-13T00:00:00.000Z,8.94,40.03,20.07,18.53,27.59,6.465,464
2020-05-14T00:00:00.000Z,3.85,29.29,12.48,11.24,17.62,6.259,445
2020-05-15T00:00:00.000Z,4.12,27.2,11.6,10.03,20.17,6.258,504
2020-05-16T00:00:00.000Z,3.32,23.62,7.38,5.24,10.89,5.997,332
2020-05-17T00:00:00.000Z,4.08,21.4,6.28,5.32,9,3.325,442
2020-05-18T00:00:00.000Z,5.94,50.65,9.41,7.99,17.64,7.496,448
2020-05-19T00:00:00.000Z,15.66,29.1,17.92,17.1,23.7,4.006,142
2020-05-20T00:00:00.000Z,2.75,8.27,4.12,3.43,5.18,1.531,45
2020-05-21T00:00:00.000Z,2.79,24.64,12.19,9.77,15.22,4.729,508
2020-05-22T00:00:00.000Z,8.71,27.1,17.47,16.32,19.34,3.853,531
2020-05-23T00:00:00.000Z,4.18,22.67,14.48,10.24,17,4.143,497
2020-05-24T00:00:00.000Z,1.9,22.9,10.28,5.6,15.63,5.51,526
2020-05-25T00:00:00.000Z,3.87,14.98,7.54,5.4,9.8,2.628,532
2020-05-26T00:00:00.000Z,1.7,11.07,3.2,2.29,6.11,2.64,148
2020-05-28T00:00:00.000Z,29.45,43.4,37.72,35.49,39.03,2.639,249
2020-05-29T00:00:00.000Z,30.92,77.45,38.83,36.75,40.83,3.53,530
2020-05-30T00:00:00.000Z,21.9,62.35,38.97,34.28,48.55,9.24,543
2020-05-31T00:00:00.000Z,16.2,74.84,46.1,39.84,52.63,11.249,444
2020-06-01T00:00:00.000Z,13.88,41.63,25.58,22.3,29.73,6.69,479
2020-06-02T00:00:00.000Z,15.8,56.9,24.34,22.44,34.88,11.227,500
2020-06-03T00:00:00.000Z,0.2,35.28,4.47,2.45,9.97,8.971,445
2020-06-04T00:00:00.000Z,5.03,34.2,9.85,7.78,16.92,5.852,527
2020-06-05T00:00:00.000Z,12.95,34.29,20.35,18.87,26.44,4.874,440
2020-06-06T00:00:00.000Z,6.9,34.03,23.83,15.61,27.59,7.359,481
2020-06-07T00:00:00.000Z,12.48,56.72,31.08,23.6,35.63,9.934,531
2020-06-08T00:00:00.000Z,16.52,42.17,21.9,19.09,34.86,8.248,513
2020-06-09T00:00:00.000Z,10.88,50.42,27.61,20.83,36.33,9.763,486
2020-06-10T00:00:00.000Z,11.27,48.67,21.42,16.89,35.7,10.166,515
2020-06-11T00:00:00.000Z,15.2,45.2,26.06,22.77,31.6,6.162,550
2020-06-12T00:00:00.000Z,0.2,73.5,3.1,1.08,17.89,10.831,519
2020-06-13T00:00:00.000Z,0.55,18.52,3.37,1.94,8.24,4.07,529
2020-06-14T00:00:00.000Z,1.25,16.7,3.1,2.5,5,3.302,295
2020-06-15T00:00:00.000Z,12.6,41,21.73,18.32,32.75,7.758,524
2020-06-16T00:00:00.000Z,10.65,44.08,27.39,23.25,30.6,7.417,514
2020-06-17T00:00:00.000Z,0.2,40,21.73,1.48,28.3,12.609,539
2020-06-18T00:00:00.000Z,1.3,19.64,4.97,3.6,6.71,3.655,497
2020-06-19T00:00:00.000Z,1.73,28.48,7.59,4.84,9.27,3.336,460
2020-06-20T00:00:00.000Z,3.8,31.85,12.76,10.37,14.43,5.509,556
2020-06-21T00:00:00.000Z,3.83,35.65,14.85,12.68,22.45,7.377,564
2020-06-22T00:00:00.000Z,16.8,41.4,29.15,26.33,31.62,5.637,107
2020-06-23T00:00:00.000Z,0.1,3.75,0.7,0.4,1.7,1.143,99
2020-06-24T00:00:00.000Z,0,7.5,0.82,0.3,1.62,1.487,575
2020-06-25T00:00:00.000Z,1,18.73,4.67,3.4,5.45,2.163,558
2020-06-26T00:00:00.000Z,3.42,33.29,7.89,6.43,9.94,4.172,520
2020-06-27T00:00:00.000Z,3.42,32.75,8.88,7.67,11.85,6.263,509
2020-06-28T00:00:00.000Z,2.29,30.1,11.25,7.35,17.48,6.649,437
2020-06-29T00:00:00.000Z,0.1,23.98,6.94,1.4,17.29,7.86,464
2020-06-30T00:00:00.000Z,0.28,18.45,4.78,2.37,6.35,3.133,447
2020-07-01T00:00:00.000Z,0.1,20.23,2.83,1.87,7.18,4.717,414
2020-07-02T00:00:00.000Z,4.97,42.15,16.02,7.56,23.35,10.82,421
2020-07-03T00:00:00.000Z,4.97,46.15,31.87,21.75,38.2,10.814,463
2020-07-04T00:00:00.000Z,0.1,17.2,9.52,0.97,11.68,5.437,468
2020-07-05T00:00:00.000Z,0,6.37,2.5,0.6,3.37,1.665,462
2020-07-06T00:00:00.000Z,4.8,15.5,9.55,7.47,11.12,2.428,279
2020-07-07T00:00:00.000Z,9.98,28.08,18.47,16.52,21.3,3.834,436
2020-07-08T00:00:00.000Z,3.72,25.8,15.88,7.65,20.13,6.643,436
2020-07-09T00:00:00.000Z,5.57,33.63,12.33,9.88,24.23,8.381,466
2020-07-10T00:00:00.000Z,13.68,41.5,23.08,20.12,32.59,7.193,421
2020-07-11T00:00:00.000Z,21.65,72.7,37.92,29.31,51.09,12.663,333
2020-07-12T00:00:00.000Z,47,86.03,63.08,58.19,69.95,8.454,385
2020-07-13T00:00:00.000Z,9.19,78.8,25.5,20.3,36.35,17.839,395
2020-07-14T00:00:00.000Z,1.33,28.98,9.77,4.7,14.05,6.298,431
2020-07-15T00:00:00.000Z,2.62,24.75,9,6.15,16.6,6.382,347
2020-07-16T00:00:00.000Z,14.02,51.42,23.15,20.51,30.29,6.967,320
2020-07-17T00:00:00.000Z,10.57,82.68,35.25,23.1,49.6,16.963,467
2020-07-18T00:00:00.000Z,10.85,45.6,21.92,15.63,28.65,8.297,443
2020-07-19T00:00:00.000Z,2.4,45.55,18.32,15.29,29.39,9.239,160
2020-07-20T00:00:00.000Z,2.47,22.33,7.87,4.03,8.75,2.931,95
2020-07-26T00:00:00.000Z,24.25,44.5,37.9,35.53,39.67,4.483,130
2020-07-27T00:00:00.000Z,11.2,46.8,34.29,25.25,38.9,9.37,279
2020-07-28T00:00:00.000Z,18.95,47.1,29.05,22.85,34.2,7.122,419
2020-07-29T00:00:00.000Z,6.47,51.75,21.4,14.23,28,9.631,326
2020-07-30T00:00:00.000Z,11.45,31.55,19.17,17.23,21.45,3.501,411
2020-07-31T00:00:00.000Z,13.57,50.45,22.86,18.98,33.33,8.937,418
2020-08-01T00:00:00.000Z,4.4,42.55,13.98,9.07,21.37,8.381,403
2020-08-02T00:00:00.000Z,9.44,37.88,18.39,14.22,21.74,6.615,416
2020-08-03T00:00:00.000Z,19.77,40.65,26.3,23.5,30.1,4.752,407
2020-08-04T00:00:00.000Z,14.18,63.72,30.52,26.5,38.53,9.741,467
2020-08-05T00:00:00.000Z,5.72,28.75,13.65,9.16,16.13,5.259,497
2020-08-06T00:00:00.000Z,8.75,34.28,13.97,10.8,26.28,8.29,372
2020-08-07T00:00:00.000Z,8.43,47.4,25.67,14.43,32.28,10.519,507
2020-08-08T00:00:00.000Z,14.63,47.1,21.56,18.72,30.76,7.779,448
2020-08-09T00:00:00.000Z,22.13,36.15,27.15,25.08,29.85,3.634,174
2020-08-11T00:00:00.000Z,2.67,28.25,3.9,3.37,20.23,9.246,214
2020-08-12T00:00:00.000Z,3.4,25.2,11.27,7.31,19.36,6.33,517
2020-08-13T00:00:00.000Z,9.05,44.38,22.26,17.64,27.3,8.456,522
2020-08-14T00:00:00.000Z,4.37,43.47,11.73,7.95,23.12,8.411,455
2020-08-15T00:00:00.000Z,4.7,38.75,30.37,20.7,33.97,9.667,519
2020-08-16T00:00:00.000Z,4.55,39.42,22,12.88,23.51,8.392,516
2020-08-17T00:00:00.000Z,5.18,27.52,11.98,8.18,13.45,5.053,517
2020-08-18T00:00:00.000Z,5.35,17.48,9.19,8.3,10.82,2.001,506
2020-08-19T00:00:00.000Z,7.97,38.97,19.44,14.09,28.55,8.794,500
2020-08-20T00:00:00.000Z,6.25,33.75,20.65,14.34,25.27,6.479,509
2020-08-21T00:00:00.000Z,2.97,21.15,8.02,5.68,13.15,4.32,507
2020-08-22T00:00:00.000Z,3.08,30.95,12.5,7.28,17.92,7.287,455
2020-08-23T00:00:00.000Z,3.22,45.7,19.55,17.12,30.08,9.005,490
2020-08-24T00:00:00.000Z,1.2,8.55,4.34,3.08,5.87,1.833,411
2020-08-25T00:00:00.000Z,0.98,15.9,5.87,4.82,9.77,3.604,407
2020-08-26T00:00:00.000Z,0.7,5.55,2.75,1.9,3.53,1.088,440
2020-08-27T00:00:00.000Z,1.27,19.67,9.27,4.98,13.08,5.045,437
2020-08-28T00:00:00.000Z,10.73,21.9,18.52,16.76,20.47,3.293,49
2020-09-01T00:00:00.000Z,12.37,24,20.76,19.52,21.7,2.084,144
2020-09-02T00:00:00.000Z,10.15,38.33,25.27,17.88,29.17,7.535,465
2020-09-03T00:00:00.000Z,8.35,37.9,19.52,15.94,22.08,6.099,461
2020-09-04T00:00:00.000Z,8.4,33.47,15.43,13.6,19.17,4.92,473
2020-09-05T00:00:00.000Z,8.82,34.88,22.02,16.25,27.45,7.216,467
2020-09-06T00:00:00.000Z,2.67,21.17,12.02,8.99,14.67,4.289,461
2020-09-07T00:00:00.000Z,3.17,23.27,7.1,5.4,11.5,4.403,437
2020-09-08T00:00:00.000Z,8.3,34.45,17.87,13.07,20.9,6.278,370
2020-09-09T00:00:00.000Z,6.4,52.92,27.84,20.16,32.36,9.468,396
2020-09-10T00:00:00.000Z,1.92,109.93,14.1,9.47,16.3,7.367,337
2020-09-11T00:00:00.000Z,1.52,27.95,7,3.2,13.68,6.124,289
2020-09-12T00:00:00.000Z,2.6,35.17,12.52,6.16,15.63,6.426,293
2020-09-13T00:00:00.000Z,1.5,16.07,10.02,6.03,11.81,4.026,361
2020-09-14T00:00:00.000Z,2.52,15.43,4.62,4.15,5.43,2.987,293
2020-09-15T00:00:00.000Z,3.6,29.98,7.28,5.03,23.27,8.848,255
2020-09-16T00:00:00.000Z,8.27,12.27,10.24,9.43,11.11,1.101,36
2020-09-17T00:00:00.000Z,4.62,34.78,16.14,14.87,20.55,6.659,151
2020-09-18T00:00:00.000Z,1.92,20.62,8.56,7.44,10.39,3.631,324
2020-09-19T00:00:00.000Z,2.7,14.82,6.2,5.3,6.93,1.952,293
2020-09-20T00:00:00.000Z,2.75,14.98,5.3,4.68,6,2.268,230
2020-09-21T00:00:00.000Z,4.2,203.98,12.95,9.72,17.11,13.919,217
2020-09-22T00:00:00.000Z,3.08,30.17,8.25,5.9,13.13,6.523,319
2020-09-23T00:00:00.000Z,2.37,34.28,5.45,4.68,7.3,6.577,441
2020-09-24T00:00:00.000Z,4.32,24.52,7.68,5.6,12.09,4.189,460
2020-09-25T00:00:00.000Z,8.27,37.04,18.05,14.4,31.4,8.654,342
2020-09-26T00:00:00.000Z,1.05,14.27,5.05,3.15,9.9,3.569,268
2020-09-27T00:00:00.000Z,1.4,13.43,6,4.09,6.8,2.382,226
2020-09-28T00:00:00.000Z,2.6,15.68,4,3.28,5.68,2.996,261
2020-09-29T00:00:00.000Z,3.55,22.15,12.81,8.41,16.3,4.978,248
2020-09-30T00:00:00.000Z,1.67,18.64,3.9,3.2,5.21,4.151,372
2020-10-01T00:00:00.000Z,2,18.1,5.09,3.64,9.14,4.349,201
2020-10-02T00:00:00.000Z,1.8,13.9,3.95,2.84,4.86,2.159,268
2020-10-03T00:00:00.000Z,0.98,6.5,3.37,2.36,4.18,1.139,249
2020-10-04T00:00:00.000Z,0.6,8.9,2.1,1.62,2.6,1.05,302
2020-10-05T00:00:00.000Z,1.8,14.45,3.05,2.6,4.45,1.98,286
2020-10-06T00:00:00.000Z,1.92,29.37,3.94,3.22,6.57,4.28,322
2020-10-07T00:00:00.000Z,1.8,26.25,5.5,3.94,8.47,4.869,329
2020-10-08T00:00:00.000Z,2.08,20.85,4.65,3.15,6.99,3.237,301
2020-10-09T00:00:00.000Z,2.22,17.3,6.97,5.8,8.55,3.099,235
2020-10-14T00:00:00.000Z,10.05,28.73,16.35,13.46,23.26,5.544,197
2020-10-15T00:00:00.000Z,5.18,42.88,14,11.26,17.66,8.251,337
2020-10-16T00:00:00.000Z,6.6,23.45,13.6,8.44,17.69,4.812,173
2020-10-17T00:00:00.000Z,2.08,48.42,19.7,5.19,24.86,11.061,404
2020-10-18T00:00:00.000Z,2,19.2,9.94,4.62,13.65,4.872,290
2020-10-19T00:00:00.000Z,2,18.7,6.78,4.43,8.9,3.627,106
2020-10-20T00:00:00.000Z,1.6,8.69,3.63,2.61,4.76,1.605,169
2020-10-21T00:00:00.000Z,1.73,8.63,3.12,2.58,3.6,1.61,108
2020-10-22T00:00:00.000Z,2.8,11.55,4.95,4,7.68,2.496,94
2020-10-23T00:00:00.000Z,3.15,14.88,6.07,4.19,9.5,3.396,113
2020-10-24T00:00:00.000Z,1,15.38,4.57,3.51,5.97,3.102,120
2020-10-25T00:00:00.000Z,0.75,9.5,2.04,1.57,4.09,2.213,129
2020-10-26T00:00:00.000Z,2.2,16.02,8.23,3.93,10.77,3.988,119
2020-10-27T00:00:00.000Z,1,6.1,2.23,1.83,2.85,1.022,104
2020-10-28T00:00:00.000Z,1.35,21.23,4.18,2.29,11.44,5.039,101
2020-10-29T00:00:00.000Z,1.14,15.38,2.9,2.2,4.05,2.618,115
2020-10-30T00:00:00.000Z,1.65,8.23,2.78,2.4,3.41,1.56,109
2020-10-31T00:00:00.000Z,2.7,13.57,4.32,4,4.8,1.929,121
2020-11-01T00:00:00.000Z,3.15,30.52,9.24,5.4,12.73,5.864,126
2020-11-02T00:00:00.000Z,3.4,17.85,5.61,4.59,7.09,3.099,104
2020-11-03T00:00:00.000Z,3.3,27.8,6.97,5.05,11.85,6.31,113
2020-11-04T00:00:00.000Z,4.8,29.8,9.14,6.38,12.68,6.77,110
2020-11-05T00:00:00.000Z,2.22,17.63,4.98,4.28,5.83,3.484,92
2020-11-06T00:00:00.000Z,2.2,7.63,3.88,3.2,4.75,1.145,95
2020-11-07T00:00:00.000Z,2.02,18.3,3.96,3.08,4.88,3.042,114
2020-11-08T00:00:00.000Z,2.33,8.77,4.57,3.42,5.2,1.369,91
2020-11-09T00:00:00.000Z,2.78,12.98,4.51,3.7,6.1,2.692,94
2020-11-10T00:00:00.000Z,2.15,10.5,5.13,4.03,6.59,1.977,97
2020-11-11T00:00:00.000Z,1.9,31.13,8.05,3.53,20.14,9.448,75
2020-11-12T00:00:00.000Z,2.29,19.1,5.07,3.61,10.33,4.246,105
2020-11-13T00:00:00.000Z,6.03,34.65,15.78,9.68,21.15,6.851,106
2020-11-14T00:00:00.000Z,1.88,22.25,9.78,7.55,13.27,4.841,112
2020-11-15T00:00:00.000Z,1.8,6.1,2.84,2.33,3.63,0.961,106
2020-11-16T00:00:00.000Z,0.88,7.75,2.86,1.9,4.15,1.768,158
2020-11-17T00:00:00.000Z,2.78,16.82,5.59,3.4,9.19,3.407,184
2020-11-18T00:00:00.000Z,2.4,27.92,13.7,6.97,18.82,7.91,71
2020-11-19T00:00:00.000Z,3.1,20.42,8.3,4.73,15.57,5.58,221
2020-11-20T00:00:00.000Z,3.13,19.63,10.9,6.67,16.39,5.027,35
2020-11-21T00:00:00.000Z,1.07,11.9,4.78,1.53,7.34,3.47,17
2020-11-22T00:00:00.000Z,0.8,6,2.12,1.75,2.64,0.922,44
2020-11-23T00:00:00.000Z,1.2,7.53,2.29,1.62,4.38,1.62,41
2020-11-24T00:00:00.000Z,0.7,4.55,1.8,1.39,2.47,0.815,93
2020-11-25T00:00:00.000Z,0.7,5.2,1.75,1.48,2.2,1.073,179
2020-11-26T00:00:00.000Z,1.27,7,3,2.5,3.7,1.176,191
2020-11-27T00:00:00.000Z,1.9,9.27,4.94,3.9,5.5,1.515,90
2020-11-28T00:00:00.000Z,1.3,7.72,3.6,2.9,4.38,1.661,45
2020-11-29T00:00:00.000Z,0.9,4.34,2,1.5,3.55,0.996,37
2020-11-30T00:00:00.000Z,1,5.9,2.45,1.9,2.95,0.766,205
2020-12-01T00:00:00.000Z,1.38,12.9,2.63,2.2,2.92,0.84,239
2020-12-02T00:00:00.000Z,1.6,19.73,4.25,2.92,7.78,4.154,263
2020-12-03T00:00:00.000Z,0.9,7.2,3,2.25,3.45,1.106,238
2020-12-04T00:00:00.000Z,1.88,8.68,3.22,2.8,4.09,1.199,259
2020-12-05T00:00:00.000Z,2.29,10.5,3.64,3.15,4.25,1.469,246
2020-12-06T00:00:00.000Z,1.98,9.5,4.9,3.38,5.82,1.662,339
2020-12-07T00:00:00.000Z,1.4,6.7,3.47,2.65,4.23,1.15,269
2020-12-08T00:00:00.000Z,0.98,9.93,5.2,3.75,6.87,2.214,272
2020-12-09T00:00:00.000Z,1.33,7.8,2.52,2,3.57,1.377,236
2020-12-10T00:00:00.000Z,1,5.09,1.65,1.33,2.02,0.756,67
2020-12-11T00:00:00.000Z,1.23,6.7,2.92,2,3.78,1.122,220
2020-12-12T00:00:00.000Z,2,3.03,2.45,2.29,2.65,0.24,54
2020-12-15T00:00:00.000Z,0.8,7.57,1.75,1.4,2.04,1.086,101
2020-12-16T00:00:00.000Z,1.4,6.22,2.42,2.09,3.39,0.976,173
2020-12-17T00:00:00.000Z,1.1,8.3,4.07,3.08,5.45,1.57,143
2020-12-18T00:00:00.000Z,1.58,22.5,7.45,4.53,9,5.082,194
2020-12-19T00:00:00.000Z,0.9,8.27,3.03,1.8,3.92,1.748,275
2020-12-20T00:00:00.000Z,0.9,2.63,1.65,1.45,1.85,0.326,80
2020-12-21T00:00:00.000Z,0.8,7.13,2.08,1.65,3.34,1.292,144
2020-12-22T00:00:00.000Z,1.3,11.68,3.08,2.29,3.67,1.064,196
2020-12-23T00:00:00.000Z,2.2,12.5,4.8,4.09,6.1,2.009,259
2020-12-24T00:00:00.000Z,1.65,12.13,4.47,3.47,7.05,2.186,263
2020-12-28T00:00:00.000Z,2.42,10.63,4.05,3.41,6.25,2.124,93
2020-12-29T00:00:00.000Z,1.75,15.45,4.42,2.85,6.13,2.583,288
2020-12-30T00:00:00.000Z,0.8,13.07,3.08,1.88,4.72,2.479,275
2020-12-31T00:00:00.000Z,0.6,4.03,2.35,1.88,2.99,0.742,308
2021-01-01T00:00:00.000Z,2.4,15.6,9.38,6.46,11.43,3.008,201
2021-01-04T00:00:00.000Z,1.2,3.55,2.38,1.87,2.88,0.601,57
2021-01-05T00:00:00.000Z,1.08,5.05,2.92,2.44,3.4,0.863,256
2021-01-06T00:00:00.000Z,2.1,10.8,4.07,3.2,5.78,1.984,274
2021-01-07T00:00:00.000Z,1.98,3.95,3.1,2.71,3.4,0.446,117
2021-01-08T00:00:00.000Z,1.12,7.93,3.2,2.2,4.5,1.41,282
2021-01-09T00:00:00.000Z,1.83,19.5,5.4,3.5,9.07,4.176,272
2021-01-10T00:00:00.000Z,0.63,3.22,1.83,1.4,2.2,0.529,278
2021-01-11T00:00:00.000Z,0.6,4.32,1.52,1.1,2.33,0.839,259
2021-01-12T00:00:00.000Z,1.55,4.07,2.29,2.04,2.83,0.546,143
2021-01-28T00:00:00.000Z,1.35,11.35,3.55,2.85,4.25,1.51,228
2021-01-29T00:00:00.000Z,0.55,7.72,1.99,1.27,4.93,2.114,274
2021-01-30T00:00:00.000Z,0.47,8.52,2.7,1.58,5.07,2.037,266
2021-01-31T00:00:00.000Z,1.1,10.52,3.21,2.78,4.09,1.546,282
2021-02-01T00:00:00.000Z,0.47,18.02,5.05,1.3,7.75,5.004,225
2021-02-02T00:00:00.000Z,2.54,32.58,11.53,5.3,22.27,8.815,250
2021-02-03T00:00:00.000Z,2.58,9.4,5,4.28,6.72,1.564,115
2021-02-23T00:00:00.000Z,1.42,12.35,3.57,2.25,4.63,2.813,134
2021-02-24T00:00:00.000Z,1.58,14.7,3.4,2.65,4.13,2.967,226
2021-02-25T00:00:00.000Z,2.83,20.77,4.68,4.03,6.28,4.725,227
2021-02-26T00:00:00.000Z,4.53,21.33,7.59,6,10.48,3.454,222
2021-02-27T00:00:00.000Z,3.45,29.73,11.72,9.57,13.88,5.975,264
2021-02-28T00:00:00.000Z,1.5,16.25,6.97,3.24,7.69,2.487,257
2021-03-01T00:00:00.000Z,1.65,7.5,3.04,2.47,4.2,1.17,194
2021-03-03T00:00:00.000Z,3.17,6.38,4.15,3.93,4.82,0.734,52
2021-03-04T00:00:00.000Z,3.1,12.55,5.71,5.13,8.8,2.304,218
2021-03-05T00:00:00.000Z,3.42,20.38,7.2,4.65,12.1,4.621,251
2021-03-06T00:00:00.000Z,3.28,25.48,7.03,5.63,8.63,5.557,241
2021-03-07T00:00:00.000Z,3.2,13.5,4.9,4.09,7.17,2.634,269
2021-03-08T00:00:00.000Z,3.25,7.65,4.34,4.01,4.98,0.888,140
2021-03-10T00:00:00.000Z,3.88,20.39,6.13,4.98,13.54,5.215,97
2021-03-11T00:00:00.000Z,3.58,20.92,5.8,4.7,9.5,3.935,175
2021-03-22T00:00:00.000Z,1.42,4.84,2.54,2.23,3.18,0.698,49
2021-03-23T00:00:00.000Z,2.08,16.3,4.15,3.45,5.5,2.473,309
2021-03-24T00:00:00.000Z,5.13,9.18,5.9,5.36,6.32,0.879,25
2021-03-25T00:00:00.000Z,10.57,17.25,14.32,13.18,15.22,1.677,25
2021-03-26T00:00:00.000Z,2.5,7.57,3.35,2.97,4.4,1.387,75
2021-03-27T00:00:00.000Z,1.58,5.43,3.6,2.92,4.05,0.769,255
2021-03-28T00:00:00.000Z,2.27,11.75,4.2,3.5,5.55,1.668,163
2021-03-29T00:00:00.000Z,5,31.55,8.85,5.8,14.6,8.233,191
2021-03-30T00:00:00.000Z,7.28,37.22,14.88,12.4,21.45,7.798,215
2021-03-31T00:00:00.000Z,7,47.75,14.5,12.25,25.77,9.104,191
2021-04-01T00:00:00.000Z,16.14,68.8,26.8,21.98,44.33,15.702,172
2021-04-02T00:00:00.000Z,13.52,53.67,26.92,20.98,34.88,11.32,201
2021-04-03T00:00:00.000Z,6.9,29.1,21.23,18.52,22.95,5.829,210
2021-04-04T00:00:00.000Z,8.82,18.73,13.15,10.3,15.25,2.611,207
2021-04-05T00:00:00.000Z,5.55,46.63,26.77,16.88,34.4,9.903,172
2021-04-06T00:00:00.000Z,2.2,30.75,5.85,4.05,11.22,7.479,237
2021-04-07T00:00:00.000Z,2.02,17.95,3.89,2.74,7.4,3.31,164
2021-04-08T00:00:00.000Z,1.48,10.52,3.8,3.47,4.95,2.193,187
2021-04-09T00:00:00.000Z,0.8,17.73,2.29,1.7,6.4,4.536,188
2021-04-10T00:00:00.000Z,1,6.8,2.8,1.98,4.22,1.393,170
2021-04-11T00:00:00.000Z,2.38,9.19,4.22,3.7,5.43,1.268,139
2021-04-12T00:00:00.000Z,2.6,11.63,3.88,3.19,5.95,2.015,116
2021-04-13T00:00:00.000Z,2.2,9.13,4.26,3.45,5.09,1.135,136
2021-04-14T00:00:00.000Z,4.22,30.4,6.65,5.65,15.02,6.369,131
2021-04-15T00:00:00.000Z,6.32,32.28,10.88,9.1,13.27,7.105,119
2021-04-16T00:00:00.000Z,5.13,26.48,10.88,8.94,16.67,4.783,127
2021-04-17T00:00:00.000Z,5.8,36.38,12.6,8.43,26.98,9.295,150
2021-04-18T00:00:00.000Z,12.18,48,28.13,20.67,37.97,9.787,131
2021-04-19T00:00:00.000Z,13.3,41.28,26.65,17.36,31.08,8.302,129
2021-04-20T00:00:00.000Z,2.9,46.4,31.21,25.22,35.52,9.607,132
2021-04-21T00:00:00.000Z,0.22,27.25,2.59,0.93,3.75,2.909,122
2021-04-22T00:00:00.000Z,1.52,17.13,5.12,2.27,7.68,3.984,118
2021-04-23T00:00:00.000Z,9.52,27.1,22.23,20.02,24.27,3.726,113
2021-04-24T00:00:00.000Z,14.57,37.22,24.35,21.76,26.64,5.007,129
2021-04-25T00:00:00.000Z,5.22,36.42,22.66,17.88,23.9,6.532,158
2021-04-26T00:00:00.000Z,6.43,30.23,10.97,8.76,16.5,6.818,136
2021-04-27T00:00:00.000Z,12.55,62.35,15.15,14.05,22.83,10.525,128
2021-04-28T00:00:00.000Z,15.3,57.1,27.77,24.3,35.61,9.142,129
2021-04-29T00:00:00.000Z,15.38,41,27.04,24.34,32.04,5.684,116
2021-04-30T00:00:00.000Z,25.85,60.45,38.71,30.6,48.8,9.664,106
2021-05-01T00:00:00.000Z,27.13,50.7,42.69,38.97,45.5,4.74,86
2021-05-02T00:00:00.000Z,8.27,35.08,21.88,15.07,23.88,6.55,47
2021-05-03T00:00:00.000Z,2.97,21.35,8.25,5.96,15.08,5.163,121
2021-05-04T00:00:00.000Z,3,29.25,9.38,6.9,14.25,4.887,122
2021-05-05T00:00:00.000Z,5.93,30.1,14.32,8.99,19.17,6.343,121
2021-05-06T00:00:00.000Z,4.53,28.02,9.4,6.91,11.35,4.364,108
2021-05-07T00:00:00.000Z,4.45,20.75,8.57,5.35,13.18,4.601,122
2021-05-08T00:00:00.000Z,4.68,27.7,12.81,9.94,19.95,6.572,126
2021-05-09T00:00:00.000Z,11.52,40.72,19.27,16.85,25.54,7.951,144
2021-05-10T00:00:00.000Z,5.9,36.79,21.89,18.67,29.35,8.275,134
2021-05-11T00:00:00.000Z,9.35,41.83,13.9,12.77,26.23,8.825,119
2021-05-12T00:00:00.000Z,9,32.53,20.34,13.3,23.7,5.995,116
2021-05-13T00:00:00.000Z,15.23,51.2,22.17,17.42,40.63,11.643,143
2021-05-14T00:00:00.000Z,20.5,72.43,37.24,28.88,47.05,12.684,130
2021-05-15T00:00:00.000Z,32.75,97.03,48.55,38.83,52.83,18.582,147
2021-05-16T00:00:00.000Z,38.6,72.43,54.6,50.5,62,7.822,147
2021-05-17T00:00:00.000Z,13.98,64.4,40.13,34.9,47.39,8.789,129
2021-05-18T00:00:00.000Z,35.95,61.55,50.67,41.48,54.13,7.036,113
2021-05-19T00:00:00.000Z,11.52,66.9,54.78,43.56,58.67,16.094,149
2021-05-20T00:00:00.000Z,1.6,26.05,16.26,13.43,17.14,5.306,152
2021-05-21T00:00:00.000Z,0.17,11.57,2,1.04,5.19,2.33,145
2021-05-22T00:00:00.000Z,4.7,20.05,8.25,6.57,13.5,4.247,119
2021-05-23T00:00:00.000Z,6.8,22.73,15.3,12.02,19.7,4.659,163
2021-05-24T00:00:00.000Z,3.15,33.65,17.52,15.52,23.8,6.37,143
2021-05-25T00:00:00.000Z,2.83,47.4,12.85,10.98,19.17,9.957,162
2021-05-26T00:00:00.000Z,7.03,49.4,22.82,11.15,31.25,11.345,162
2021-05-27T00:00:00.000Z,4.4,40.78,18.3,12.09,24.09,9.444,153
2021-05-28T00:00:00.000Z,5.53,44.7,16.73,10.8,21.92,9.578,155
2021-05-29T00:00:00.000Z,6.47,59.9,26.1,14.6,40.47,15.153,137
2021-05-30T00:00:00.000Z,2.8,80.9,49.7,26.7,56.1,19.504,167
2021-05-31T00:00:00.000Z,3,42.58,20.35,15.02,25.93,7.472,133
2021-06-01T00:00:00.000Z,6.35,31.88,10.81,8.88,20.23,7.384,174
2021-06-02T00:00:00.000Z,3.35,40.38,18.66,16.64,22.35,9.234,154
2021-06-03T00:00:00.000Z,4.05,38.28,11.68,9.8,13.69,5.209,148
2021-06-04T00:00:00.000Z,8,27.42,15.19,11.77,23.05,5.756,158
2021-06-05T00:00:00.000Z,22.17,53,28.49,24.09,41.8,8.968,160
2021-06-06T00:00:00.000Z,13.07,50.55,25.75,21.05,29.9,10.779,194
2021-06-07T00:00:00.000Z,18.55,48.53,26.72,22.42,30.99,5.311,320
2021-06-08T00:00:00.000Z,9.07,29.6,17.13,14.3,21.22,4.791,233
2021-06-09T00:00:00.000Z,5.38,49.15,15.98,14.42,18.3,3.945,261
2021-06-10T00:00:00.000Z,5.8,45.1,19.38,14.01,23.92,10.095,173
2021-06-11T00:00:00.000Z,11.27,41.47,27.48,16.86,30.93,7.271,181
2021-06-12T00:00:00.000Z,2.22,27.05,13.3,5.88,16.32,6.045,163
2021-06-13T00:00:00.000Z,14.18,39.63,19.27,16.57,24.42,6.36,162
2021-06-14T00:00:00.000Z,11.7,51.38,32.47,24.35,38.42,10.189,195
2021-06-15T00:00:00.000Z,18.6,59.95,41.8,37.77,46.28,8.392,197
2021-06-16T00:00:00.000Z,11.23,39.15,27.15,24.25,30.14,5.075,169
2021-06-17T00:00:00.000Z,17.92,48.97,24.98,22.65,28.76,6.096,237
2021-06-18T00:00:00.000Z,21.52,59.17,33.17,28.17,35.78,7.444,243
2021-06-19T00:00:00.000Z,27.33,76.78,46.13,33.7,51.25,14.17,274
2021-06-20T00:00:00.000Z,16.92,67,45.98,41.78,60.45,14.584,298
2021-06-21T00:00:00.000Z,23.9,53.47,44.28,35.39,47.12,7.909,268
2021-06-22T00:00:00.000Z,4.63,34.17,14.45,8.44,23.83,8.052,215
2021-06-23T00:00:00.000Z,4.38,21.05,10.14,8.77,12.7,3.649,216
2021-06-24T00:00:00.000Z,2.22,30.98,6.57,4.57,17.57,7.675,255
2021-06-25T00:00:00.000Z,0.88,37.83,12.19,5.07,22,8.694,284
2021-06-26T00:00:00.000Z,2.15,16.92,8.98,7.35,10.39,2.395,280
2021-06-27T00:00:00.000Z,7.05,29.5,19.7,16.89,21.51,4.816,301
2021-06-28T00:00:00.000Z,1.45,20.55,5.03,3.92,7.57,3.67,282
2021-06-29T00:00:00.000Z,0.43,32.7,4.97,2.22,8.82,9.283,306
2021-06-30T00:00:00.000Z,0.8,48.67,8.25,2.75,25.67,12.299,294
2021-07-01T00:00:00.000Z,15.77,71.31,31.19,26.42,35.25,8.554,258
2021-07-02T00:00:00.000Z,7.88,57.03,31.2,27.23,37.64,11.285,256
2021-07-03T00:00:00.000Z,10.23,44.13,29.34,17,38.6,11.054,326
2021-07-04T00:00:00.000Z,7.95,61.15,34.79,23.03,43.2,11.336,316
2021-07-05T00:00:00.000Z,3.35,58.6,17.57,14.43,37.92,17.4,257
2021-07-06T00:00:00.000Z,19.25,62.17,35.1,26.05,52.58,13.751,299
2021-07-07T00:00:00.000Z,12.82,29.98,22.08,17.2,25.85,4.589,267
2021-07-08T00:00:00.000Z,9.63,39.38,22.1,14.42,28.53,7.666,284
2021-07-09T00:00:00.000Z,18.17,42.17,28.02,25.23,30.55,5.362,323
2021-07-10T00:00:00.000Z,13.3,59.53,34.28,25.5,37.54,9.166,323
2021-07-11T00:00:00.000Z,2.7,42.03,17.39,7.24,30.03,11.484,353
2021-07-12T00:00:00.000Z,21.58,45.85,32.29,26.67,36.53,5.802,262
2021-07-13T00:00:00.000Z,30.48,73.43,41.55,35.78,56.8,11.712,235
2021-07-14T00:00:00.000Z,39.6,85.25,59.08,47.67,65.22,12.596,255
2021-07-15T00:00:00.000Z,15.07,88.1,46.88,36.53,61.06,17.969,308
2021-07-16T00:00:00.000Z,9.02,44.75,19.85,17.88,27.24,8.755,273
2021-07-17T00:00:00.000Z,20.95,52.83,29.42,27.42,35.54,6.693,319
2021-07-18T00:00:00.000Z,1.1,40.67,9.91,5.2,13.95,6.987,270
2021-07-19T00:00:00.000Z,3.22,24.98,6.68,5.03,12.88,5.572,242
2021-07-20T00:00:00.000Z,3.38,32.15,12.68,6.78,18.75,6.803,267
2021-07-21T00:00:00.000Z,2.75,56.97,9.88,4.57,25.55,13.123,287
2021-07-22T00:00:00.000Z,18.5,68.28,34.29,26.85,47.42,11.15,245
2021-07-23T00:00:00.000Z,15.18,82.53,37.79,29.48,45.72,11.51,291
2021-07-24T00:00:00.000Z,15.88,58.2,39.4,21.83,51.1,14.148,287
2021-07-25T00:00:00.000Z,2.6,36.58,27.56,9.25,30.17,10.702,324
2021-07-26T00:00:00.000Z,1.58,10.6,5.43,2.9,6.7,2.394,319
2021-07-27T00:00:00.000Z,7.35,41.58,15.39,12.09,21.06,5.983,340
2021-07-28T00:00:00.000Z,4.03,24.15,8.75,6.5,11.2,4.013,351
2021-07-29T00:00:00.000Z,2.04,35.9,10.06,6.94,21.79,10.116,296
2021-07-30T00:00:00.000Z,5.25,50.72,16.89,11.05,28.63,12.021,241
2021-07-31T00:00:00.000Z,13.15,52.22,35.59,26.41,39.99,8.756,260
2021-08-01T00:00:00.000Z,7.93,53.75,23.77,19.07,34.04,10.349,259
2021-08-02T00:00:00.000Z,3.25,29.38,14.55,7.22,21.1,7.562,243
2021-08-03T00:00:00.000Z,6.65,52.03,18.85,13.87,26.21,9.44,260
2021-08-04T00:00:00.000Z,6.5,74.88,37.58,17.45,51.23,17.743,217
2021-08-05T00:00:00.000Z,27.58,78.38,43.2,33.72,52.5,12.715,255
2021-08-06T00:00:00.000Z,29.4,83.43,51.55,43.58,58.4,13.804,311
2021-08-07T00:00:00.000Z,28.23,60.28,43.41,34.5,46.08,6.907,318
2021-08-08T00:00:00.000Z,10.68,48.83,28.33,21.08,39.75,10.636,287
2021-08-09T00:00:00.000Z,11.95,40.03,26.97,21.43,33.24,8.089,232
2021-08-10T00:00:00.000Z,19.17,43.53,27.15,24.99,30.72,5.392,265
2021-08-11T00:00:00.000Z,12.02,50,30.02,19.92,33.78,9.525,232
2021-08-12T00:00:00.000Z,18.27,67.15,39.33,22.67,45.1,13.437,275
2021-08-13T00:00:00.000Z,39.97,90.82,57.03,46.8,72.78,14.508,494
2021-08-14T00:00:00.000Z,13,90.1,56.35,36.69,66.9,19.691,409
2021-08-15T00:00:00.000Z,40.35,74,57.1,53.92,60.1,6.584,423
2021-08-16T00:00:00.000Z,16.89,66.95,47.88,43.25,51,11.378,467
2021-08-17T00:00:00.000Z,3.05,50,13.63,10.7,16.6,5.466,543
2021-08-18T00:00:00.000Z,1.4,14.85,4.57,3.3,6.5,2.617,449
2021-08-19T00:00:00.000Z,0.56,11.93,2.69,1.63,5.57,2.805,534
2021-08-20T00:00:00.000Z,1.05,21.63,5.78,2.37,10.92,4.979,460
2021-08-21T00:00:00.000Z,0.32,24.85,8.25,2.7,14.8,6.617,535
2021-08-22T00:00:00.000Z,2.02,8.65,4.8,4.22,6.15,1.307,493
2021-08-23T00:00:00.000Z,0.6,12.77,5.13,3.92,6.7,2.337,542
2021-08-24T00:00:00.000Z,3.15,20.67,6.68,4.7,13.48,4.564,523
2021-08-25T00:00:00.000Z,1.92,13.43,5.49,3.96,8.56,2.668,524
2021-08-26T00:00:00.000Z,2.45,23.08,10.75,5.45,15.25,5.762,383
2021-08-27T00:00:00.000Z,7.03,39.54,16.14,14.57,20.58,6.058,418
2021-08-28T00:00:00.000Z,11.63,37.4,20.54,19.19,22.01,4.1,372
2021-08-29T00:00:00.000Z,4.75,28.6,11.94,8.44,20.7,7.007,394
2021-08-30T00:00:00.000Z,4.18,46.92,24,17.09,30.12,11.029,521
2021-08-31T00:00:00.000Z,13.68,48.4,33.95,26.6,36.79,8.591,519
2021-09-01T00:00:00.000Z,10.25,47.25,23.85,15.72,33.27,10.722,521
2021-09-02T00:00:00.000Z,8,50.05,24.09,19.27,30.92,9.988,512
2021-09-03T00:00:00.000Z,12.38,47.78,32.04,29.27,38.38,5.935,542
2021-09-04T00:00:00.000Z,5.03,30.65,11.77,8.15,20.8,7.434,543
2021-09-05T00:00:00.000Z,1.3,24.23,9.99,7.45,13.29,5.015,468
2021-09-06T00:00:00.000Z,0.73,8.15,3.1,1.88,5.65,2.025,473
2021-09-07T00:00:00.000Z,0.8,5.4,2.17,1.7,2.9,0.857,447
2021-09-08T00:00:00.000Z,0.32,10.18,2.65,1.4,4.28,1.867,567
2021-09-09T00:00:00.000Z,4.55,35.08,10.55,6.54,19.8,8.176,496
2021-09-10T00:00:00.000Z,8.9,46.8,18.82,15.73,23.17,8,554
2021-09-11T00:00:00.000Z,2.13,44.2,28.01,19.89,32.63,9.73,568
2021-09-12T00:00:00.000Z,0,17.8,2,0.2,3.5,2.51,562
2021-09-13T00:00:00.000Z,0.5,12.52,1.7,1.3,2.25,0.782,563
2021-09-14T00:00:00.000Z,1.1,22.3,3.6,2.6,4.84,3.79,569
2021-09-15T00:00:00.000Z,2.6,25.35,6.65,5.09,9.9,5.494,564
2021-09-16T00:00:00.000Z,2.8,39.22,9.3,7.97,13.55,7.837,560
2021-09-17T00:00:00.000Z,3.2,20.6,6.65,5.25,10.9,4.676,566
2021-09-18T00:00:00.000Z,3.95,26.02,11.48,7.9,17.1,5.472,565
2021-09-19T00:00:00.000Z,2.7,20.42,9.4,7.69,14.18,3.793,569
2021-09-20T00:00:00.000Z,2.4,19.64,6.68,3.94,11.65,4.779,568
2021-09-21T00:00:00.000Z,4.9,22.17,10.77,9.88,13.99,3.475,560
2021-09-22T00:00:00.000Z,4.07,24.65,12.06,9.78,14.79,3.911,528
2021-09-23T00:00:00.000Z,4.13,34.22,10.81,6.13,14.4,6.829,550
2021-09-24T00:00:00.000Z,3.3,24.92,6.3,5.18,8,3.933,548
2021-09-25T00:00:00.000Z,4.95,38,18.73,12.83,24.58,9.004,564
2021-09-26T00:00:00.000Z,2.6,26.83,10.85,7,16.02,6.323,557
2021-09-27T00:00:00.000Z,2.2,23.5,5.3,3.92,7.4,4.652,455
2021-09-28T00:00:00.000Z,1.5,14.9,4.88,3.87,6.4,2.861,548
2021-09-29T00:00:00.000Z,0.8,16.67,3.5,2.59,4.55,2.916,545
2021-09-30T00:00:00.000Z,0.6,9.88,2.27,1.35,3.6,1.5,539
2021-10-01T00:00:00.000Z,1.25,35,3.15,2.13,6.4,4.847,547
2021-10-02T00:00:00.000Z,0.65,5.3,1.83,1.3,2.6,1.044,554
2021-10-03T00:00:00.000Z,1.35,7.97,4.59,2.46,5.35,1.599,565
2021-10-04T00:00:00.000Z,1.6,13.95,3.15,2.63,3.7,2.675,485
2021-10-05T00:00:00.000Z,1.6,14.1,3.03,2.4,3.83,2.095,391
2021-10-06T00:00:00.000Z,1.98,17.25,4.03,3.33,4.72,2.703,427
2021-10-07T00:00:00.000Z,2.38,12.13,4.57,4.09,5.4,1.382,529
2021-10-08T00:00:00.000Z,1.8,10.57,4.5,3.46,5.9,1.448,548
2021-10-09T00:00:00.000Z,2.75,24.35,9.69,7.13,10.84,4.523,544
2021-10-10T00:00:00.000Z,2.2,14.6,4.15,3.53,5.45,2.46,559
2021-10-11T00:00:00.000Z,2.2,14.1,5.93,4.93,6.85,2.234,561
2021-10-12T00:00:00.000Z,4.22,175.4,19.77,14.65,28.67,22.801,563
2021-10-13T00:00:00.000Z,2.38,21.58,4.71,4,9.69,5.206,558
2021-10-14T00:00:00.000Z,0.47,11,4.19,2.87,5.79,2.178,564
2021-10-15T00:00:00.000Z,1.6,12.32,3.54,2.95,5.78,2.51,564
2021-10-16T00:00:00.000Z,1.42,23.77,4.53,3.47,5.38,4.35,571
2021-10-17T00:00:00.000Z,1.23,10.23,3.95,2.85,4.78,1.933,563
2021-10-18T00:00:00.000Z,0.75,8.48,2.67,2.1,3.6,1.241,555
2021-10-19T00:00:00.000Z,1.55,17.73,3.92,2.92,5.05,3.101,572
2021-10-20T00:00:00.000Z,4.47,35.1,17.85,12.44,22.22,7.203,545
2021-10-21T00:00:00.000Z,6.43,55.9,21.23,13.65,36.45,13.076,554
2021-10-22T00:00:00.000Z,1.88,26.17,8.59,6.65,13.74,6.043,568
2021-10-23T00:00:00.000Z,1.9,9.19,3.58,2.91,4.63,1.491,560
2021-10-24T00:00:00.000Z,1.23,14.13,4.34,2.4,5.2,2.694,562
2021-10-25T00:00:00.000Z,0.9,13.32,2.72,1.98,3.83,2.353,567
2021-10-26T00:00:00.000Z,1.52,7.95,3.79,2.97,5.04,1.53,564
2021-10-27T00:00:00.000Z,2.47,16.63,4.13,3.53,6.82,2.814,543
2021-10-28T00:00:00.000Z,2.35,28.73,6.25,4.29,7.64,5.352,544
2021-10-29T00:00:00.000Z,2.33,17.52,3.85,3.38,4.43,2.196,545
2021-10-30T00:00:00.000Z,2.02,15.3,5.88,4.95,6.68,1.941,570
2021-10-31T00:00:00.000Z,2.52,10.05,4.22,3.5,5.15,1.586,571
2021-11-01T00:00:00.000Z,7.78,11.85,9.32,8.85,9.75,0.753,210