# Sensor Nuncio Monseñor Sótero Sanz, Providencia, Chile (Citizen Science project sensor.community/7348)
# https://aqicn.org/station/@87943/
# Daily pm25
date,min,max,median,q1,q3,stdev,count
2019-12-24T00:00:00.000Z,0.75,1.95,1.19,1.02,1.38,0.274,122
2019-12-25T00:00:00.000Z,0.6,3.38,1.38,1.1,1.66,0.442,510
2019-12-26T00:00:00.000Z,0.4,10.3,1.02,0.78,1.23,0.665,267
2019-12-27T00:00:00.000Z,1.5,2.67,1.91,1.81,2.04,0.269,20
2019-12-28T00:00:00.000Z,1,6.13,2.1,1.73,2.7,0.909,509
2019-12-29T00:00:00.000Z,0.85,6.25,2.12,1.65,2.54,0.664,516
2019-12-30T00:00:00.000Z,0.7,3.49,1.31,1.06,1.71,0.584,256
2020-03-26T00:00:00.000Z,2.43,15.8,3.42,3,4.08,2.245,77
2020-03-27T00:00:00.000Z,2.65,17.94,6.89,4.62,10.48,3.677,366
2020-03-28T00:00:00.000Z,4.84,22.62,11.84,9.36,17.48,4.899,169
2020-03-29T00:00:00.000Z,2.38,13.73,6.38,5.05,9.63,2.816,332
2020-03-30T00:00:00.000Z,2.45,11.43,4.05,3.51,7.86,2.57,129
2020-03-31T00:00:00.000Z,1.6,15.78,3.09,2.54,4.25,2.132,312
2020-04-01T00:00:00.000Z,1.33,18.67,2.68,2.16,3.5,1.985,188
2020-04-02T00:00:00.000Z,1.37,19,2.79,2.37,3.52,1.234,430
2020-04-03T00:00:00.000Z,1.48,18.84,3.4,2.5,5.86,3.104,454
2020-04-04T00:00:00.000Z,2.5,11.78,4.65,4.08,6.16,2.293,491
2020-04-05T00:00:00.000Z,0.9,8.61,3.85,2.95,4.8,1.457,486
2020-04-06T00:00:00.000Z,0.98,8.65,2.25,1.78,3.15,1.715,469
2020-04-07T00:00:00.000Z,1.06,6.62,2.4,1.94,3.15,1.162,417
2020-04-08T00:00:00.000Z,0.77,9.4,4.22,2.18,6.6,2.289,450
2020-04-09T00:00:00.000Z,4.08,21.66,7.99,5.98,13.3,4.756,430
2020-04-10T00:00:00.000Z,3.55,19.57,7.5,5.54,11.24,3.814,469
2020-04-11T00:00:00.000Z,3.33,13.5,7.18,5.23,9.22,2.447,141
2020-04-12T00:00:00.000Z,3.42,13.8,7.26,6.45,8.75,1.986,515
2020-04-13T00:00:00.000Z,2.66,16.85,6.75,5.47,8.68,2.673,517
2020-04-14T00:00:00.000Z,1.94,18.32,4.34,3.66,6.26,2.979,501
2020-04-15T00:00:00.000Z,2.76,14.04,5.67,4.19,8.86,2.746,465
2020-04-16T00:00:00.000Z,5.95,22.9,9.15,8.24,14.32,4.219,463
2020-04-17T00:00:00.000Z,4.28,18.52,7.08,6.2,9.19,3.379,513
2020-04-18T00:00:00.000Z,3.37,12.98,5.2,4.54,6.36,2.001,523
2020-04-19T00:00:00.000Z,2.38,15.44,4.26,3.72,4.97,1.205,501
2020-04-20T00:00:00.000Z,1.35,11.98,3.5,2.84,4.71,2.138,461
2020-04-21T00:00:00.000Z,0.77,8.89,2.45,1.68,3.74,1.646,347
2020-04-22T00:00:00.000Z,1.65,15.45,3.55,2.87,4.44,2.573,387
2020-04-23T00:00:00.000Z,2.8,24.32,8.18,5.45,12,3.866,431
2020-04-24T00:00:00.000Z,2.08,12.44,7.08,5.44,8.69,2.241,483
2020-04-25T00:00:00.000Z,1,19.78,4.82,3.74,7.34,3.019,451
2020-04-26T00:00:00.000Z,0.68,4.3,2.27,1.75,2.73,0.702,496
2020-04-27T00:00:00.000Z,0.3,4.38,1.1,0.75,1.66,0.696,478
2020-04-28T00:00:00.000Z,0.46,6.28,1.92,1.37,2.96,1.183,362
2020-04-29T00:00:00.000Z,0.57,23.28,1.98,1.22,5.98,3.738,458
2020-04-30T00:00:00.000Z,1.1,20.38,3.55,2.04,7.93,4.294,484
2020-05-01T00:00:00.000Z,3.92,24.24,7.22,6.2,8.52,2.491,495
2020-05-02T00:00:00.000Z,2.93,17.45,6.2,5.17,8.44,2.958,486
2020-05-03T00:00:00.000Z,4.03,30.67,7.24,6,9.61,3.139,509
2020-05-04T00:00:00.000Z,2.25,13.02,8.44,6.46,9.74,2.557,478
2020-05-05T00:00:00.000Z,1.85,14.88,4.72,3.55,7.61,2.948,440
2020-05-06T00:00:00.000Z,0.75,14.25,4.28,2.74,9.9,3.924,535
2020-05-07T00:00:00.000Z,0.73,14.58,3.91,2.72,6.18,2.567,348
2020-05-08T00:00:00.000Z,2.27,31.66,7.74,4.88,12.9,6.936,323
2020-05-09T00:00:00.000Z,6.63,14.37,9.9,9.09,10.56,1.223,210
2020-05-12T00:00:00.000Z,5.05,10.93,7.64,6.54,8.69,1.386,86
2020-05-13T00:00:00.000Z,3.3,19.26,7.45,6.05,11.29,3.606,429
2020-05-14T00:00:00.000Z,2.1,19.8,4.95,3.96,7.22,3.406,415
2020-05-15T00:00:00.000Z,2.54,24.44,4.88,3.92,9.44,4.07,479
2020-05-16T00:00:00.000Z,1.12,15.38,3.78,2.87,7.11,3.092,304
2020-05-17T00:00:00.000Z,1.34,9.53,3.76,2.68,4.84,1.817,485
2020-05-18T00:00:00.000Z,1.62,14.65,4.18,3.35,7.05,3.124,419
2020-05-19T00:00:00.000Z,4.26,19.93,10,8.19,12.8,3.182,485
2020-05-20T00:00:00.000Z,0.2,16.72,11.15,9.47,12.43,4.535,498
2020-05-21T00:00:00.000Z,0.2,7.85,1.42,0.52,4.46,2.147,460
2020-05-22T00:00:00.000Z,1.45,27.05,5.12,4.03,7.26,2.617,492
2020-05-23T00:00:00.000Z,0.6,11.9,5.33,3.27,7.63,2.561,455
2020-05-24T00:00:00.000Z,0.73,15,3.9,2.5,6.65,2.747,477
2020-05-25T00:00:00.000Z,0.77,11.23,3.53,2.23,5.62,2.228,481
2020-05-26T00:00:00.000Z,0.5,18.67,2.59,1.3,8.67,4.439,454
2020-05-27T00:00:00.000Z,6,23.6,12.83,10.67,15.47,3.425,463
2020-05-28T00:00:00.000Z,6.67,24.5,13.4,11.03,16.93,3.678,479
2020-05-29T00:00:00.000Z,6.93,18.23,12.52,11.3,13.97,1.923,482
2020-05-30T00:00:00.000Z,4,26.47,12.5,10.17,16.43,4.567,500
2020-05-31T00:00:00.000Z,5.4,30,14.7,12.7,17,4.069,443
2020-06-01T00:00:00.000Z,4.4,18,8.5,7.1,10.57,2.887,436
2020-06-02T00:00:00.000Z,3.93,26.03,8.07,6.85,12.85,4.361,473
2020-06-03T00:00:00.000Z,0.2,13.4,1.7,1,3.53,2.839,407
2020-06-04T00:00:00.000Z,0.7,15.73,3.23,2.1,5.77,2.354,476
2020-06-05T00:00:00.000Z,1.67,16.6,5.95,4.7,9.97,3.29,404
2020-06-06T00:00:00.000Z,0.7,16.63,7.77,4.73,9.9,3.405,436
2020-06-07T00:00:00.000Z,2.77,22,8.43,6.2,10.4,3.721,479
2020-06-08T00:00:00.000Z,2.5,16.73,6.4,4.7,10.75,3.6,473
2020-06-09T00:00:00.000Z,2.1,20.6,7.9,6,10.82,3.919,436
2020-06-10T00:00:00.000Z,1.8,23.03,6.37,4.55,12.68,4.852,469
2020-06-11T00:00:00.000Z,2.47,19,7.57,6,9.52,2.518,495
2020-06-12T00:00:00.000Z,0.2,12.03,0.6,0.2,4,3.308,505
2020-06-13T00:00:00.000Z,0.2,25.9,1.17,0.6,3.47,2.378,482
2020-06-14T00:00:00.000Z,0.3,17.1,2,0.95,3.41,3.16,320
2020-06-15T00:00:00.000Z,2.4,13.6,6.7,5.45,7.87,1.834,497
2020-06-16T00:00:00.000Z,1.6,14.77,8.17,6.22,9.72,2.523,501
2020-06-17T00:00:00.000Z,0.2,14.9,6.27,0.87,8.19,3.724,491
2020-06-18T00:00:00.000Z,0.4,7.1,1.87,1.12,2.9,1.466,455
2020-06-19T00:00:00.000Z,0.53,6.93,3,2.1,4.09,1.275,426
2020-06-20T00:00:00.000Z,1.17,12.8,4.43,3.5,5.43,1.986,510
2020-06-21T00:00:00.000Z,1.3,23.2,5.3,3.8,8.43,3.182,507
2020-06-22T00:00:00.000Z,0.2,18.5,9.52,8,11.13,3.286,490
2020-06-23T00:00:00.000Z,0.2,7.97,0.3,0.2,0.79,0.77,497
2020-06-24T00:00:00.000Z,0.2,5.8,0.3,0.2,0.7,0.605,514
2020-06-25T00:00:00.000Z,0.2,20.23,1.6,0.97,2.5,1.534,498
2020-06-26T00:00:00.000Z,0.7,18.57,2.9,2.17,3.89,2.025,500
2020-06-27T00:00:00.000Z,0.63,12.67,3.07,2.2,5.3,2.532,463
2020-06-28T00:00:00.000Z,0.5,13.47,3.95,2.77,6.23,2.558,402
2020-06-29T00:00:00.000Z,0.2,13.93,2.18,0.2,6,3.142,432
2020-06-30T00:00:00.000Z,0.2,19.87,1.67,0.8,2.42,2.113,421
2020-07-01T00:00:00.000Z,0.2,12.77,1.73,1.09,2.9,1.918,412
2020-07-02T00:00:00.000Z,0.9,25.9,5.03,2.57,9.86,4.544,408
2020-07-03T00:00:00.000Z,2.2,21.47,10.17,6.97,12.65,3.863,421
2020-07-04T00:00:00.000Z,0.2,8.3,2.6,0.2,4,2.005,443
2020-07-05T00:00:00.000Z,0.2,6.07,0.2,0.2,1.21,0.859,424
2020-07-06T00:00:00.000Z,1,7.67,2.8,2.25,3.53,1.062,253
2020-07-07T00:00:00.000Z,2.02,14.8,5.53,4.37,6.93,2.131,399
2020-07-08T00:00:00.000Z,0.43,11.6,4.7,3.13,6.57,2.266,403
2020-07-09T00:00:00.000Z,1.4,19.32,4.73,3.1,9.67,3.814,423
2020-07-10T00:00:00.000Z,1.97,22.23,8.57,6.73,12.27,3.476,406
2020-07-11T00:00:00.000Z,4.5,36.17,12.1,9.02,17.8,5.968,314
2020-07-12T00:00:00.000Z,12.63,37.6,18.57,16.27,23.1,4.746,383
2020-07-13T00:00:00.000Z,2.43,29.07,11.49,5.7,15.5,5.827,374
2020-07-14T00:00:00.000Z,0.27,15.4,3.93,1.9,7.43,3.516,394
2020-07-15T00:00:00.000Z,0.47,12.8,4.3,2.17,7.77,3.112,315
2020-07-16T00:00:00.000Z,1.67,17.7,7.33,5.64,10.13,3.23,296
2020-07-17T00:00:00.000Z,2.27,26.1,12.13,8.27,16.2,4.818,438
2020-07-18T00:00:00.000Z,2.9,24.6,7.33,5.77,9.6,3.151,411
2020-07-19T00:00:00.000Z,3.1,19.63,6.79,4.97,11,3.792,148
2020-07-20T00:00:00.000Z,0.4,4.59,1.7,1.17,2.42,0.899,176
2020-07-21T00:00:00.000Z,0.2,7,1.23,0.7,2,1.048,247
2020-07-22T00:00:00.000Z,0.2,10.17,0.3,0.2,1.8,1.366,251
2020-07-23T00:00:00.000Z,0.4,14.07,3.13,1.83,4.73,2.545,279
2020-07-24T00:00:00.000Z,0.2,8.19,2.33,0.85,3.64,1.653,353
2020-07-25T00:00:00.000Z,1.33,15.13,2.97,2.29,5.55,2.915,73
2020-07-26T00:00:00.000Z,2.27,39.17,9.23,6.62,12.8,4.493,397
2020-07-27T00:00:00.000Z,3.2,31.17,10.77,7.1,13.44,4.349,256
2020-07-28T00:00:00.000Z,2.29,32.7,7.9,5.34,13.6,5.171,381
2020-07-29T00:00:00.000Z,0.9,40.9,8.77,4.59,11.37,4.704,298
2020-07-30T00:00:00.000Z,2.8,13.3,6.77,5.69,8.22,1.863,376
2020-07-31T00:00:00.000Z,2.57,25,7.79,5.6,13.67,4.581,382
2020-08-01T00:00:00.000Z,1.2,17.67,5,3.37,8,3.276,375
2020-08-02T00:00:00.000Z,1.03,19.03,5.63,4,8.57,4.106,370
2020-08-03T00:00:00.000Z,2.63,18.98,8.27,6.43,10.27,2.981,289
2020-08-14T00:00:00.000Z,5.27,12.45,8.3,7.6,9.27,1.377,98
2020-08-18T00:00:00.000Z,1.33,8.36,3.77,2.87,4.51,1.315,209
2020-08-19T00:00:00.000Z,1.4,19.3,6.03,3.95,9.57,3.749,461
2020-08-20T00:00:00.000Z,1.53,16.3,6.7,4.73,9.07,2.831,468
2020-08-21T00:00:00.000Z,0.4,11.93,3.79,2.17,5.57,2.298,432
2020-08-24T00:00:00.000Z,0.5,4.43,1.12,0.87,1.77,0.753,162
2020-08-25T00:00:00.000Z,0.2,7.47,1.9,1.2,2.97,1.316,404
2020-08-26T00:00:00.000Z,0.2,19.3,0.3,0.2,1.2,1.181,414
2020-08-27T00:00:00.000Z,0.3,8.73,1.97,1.17,3.97,1.915,465
2020-08-28T00:00:00.000Z,0.4,9.47,3.1,1.6,4.93,2.097,415
2020-08-29T00:00:00.000Z,0.4,9.3,2.73,1.6,4.57,1.854,426
2020-08-30T00:00:00.000Z,0.53,9.19,3.73,2.37,5.03,1.796,375
2020-08-31T00:00:00.000Z,1,7.2,3,2.2,4.23,1.356,419
2020-09-01T00:00:00.000Z,1,9.27,3.29,2.29,5.12,1.857,360
2020-09-02T00:00:00.000Z,1.9,18.2,7.2,5.09,10.53,3.514,427
2020-09-03T00:00:00.000Z,2.52,14.1,6,4.95,7.59,2.46,421
2020-09-04T00:00:00.000Z,2.33,14.83,5.82,4.42,7.23,2.223,400
2020-09-14T00:00:00.000Z,2,10.47,4.34,3.2,6.83,2.296,102
2020-09-16T00:00:00.000Z,3.17,8.67,5.15,4.51,5.6,0.942,36
2020-09-17T00:00:00.000Z,2.6,15.7,5.8,4.33,8.07,3.03,135
2020-09-21T00:00:00.000Z,2,12.33,7.01,4.2,9.1,2.696,86
2020-09-22T00:00:00.000Z,1.83,16.3,3.7,2.9,6.63,3.064,288
2020-10-16T00:00:00.000Z,4.17,8.67,6.2,5.59,7.1,1.063,84
2020-10-17T00:00:00.000Z,0.9,19.57,7.27,4,9.43,4.135,354
2020-10-18T00:00:00.000Z,1.03,10.97,3.6,2.29,5.3,2.012,407
2020-10-19T00:00:00.000Z,0.6,9.67,2.99,2.02,4.01,1.647,392
2020-10-20T00:00:00.000Z,0.4,6,1.63,1.2,2.4,1.018,408
2020-10-21T00:00:00.000Z,0.5,6.8,1.73,1.1,2.38,1.035,304
2020-11-05T00:00:00.000Z,0.8,10.17,2.4,1.83,3.9,1.722,123
2020-11-06T00:00:00.000Z,0.5,5.9,2.1,1.53,2.74,0.894,340
2020-11-07T00:00:00.000Z,0.9,10.97,2.13,1.6,2.93,1.804,374
2020-11-08T00:00:00.000Z,0.7,6.53,2.33,1.8,3,0.924,335
2020-11-09T00:00:00.000Z,0.87,7.33,2.5,1.99,3.57,1.365,277
2020-11-10T00:00:00.000Z,0.93,8.6,2.4,1.83,3.19,1.051,316
2020-11-11T00:00:00.000Z,0.8,12.7,3.5,2.17,6.2,2.901,328
2020-11-12T00:00:00.000Z,0.73,10.3,2.8,2,5.33,2.11,275
2020-11-13T00:00:00.000Z,1.6,14.52,4.83,3.57,6.55,2.268,296
2020-11-14T00:00:00.000Z,0.9,16.89,3.37,2.52,5.33,2.197,311
2020-11-15T00:00:00.000Z,0.53,4.5,1.6,1.2,2.06,0.658,275
2020-11-16T00:00:00.000Z,0.3,5,0.97,0.6,2.17,1.07,194
2020-11-17T00:00:00.000Z,1.93,8,4.47,3.67,5.4,1.162,131
2020-11-18T00:00:00.000Z,1.2,12.93,3.4,2.4,5.2,2.6,349
2020-11-19T00:00:00.000Z,1.03,9.8,3.9,2.47,5.29,1.814,348
2020-11-20T00:00:00.000Z,0.7,9.6,3.2,2.5,4.5,1.709,351
2020-11-21T00:00:00.000Z,0.4,6.57,1.4,0.93,2.7,1.433,299
2020-11-22T00:00:00.000Z,0.4,3.8,1.2,0.93,1.57,0.609,291
2020-11-23T00:00:00.000Z,0.3,6.63,1.17,0.87,1.6,0.706,259
2020-11-24T00:00:00.000Z,0.3,3.63,0.93,0.7,1.33,0.583,271
2020-11-25T00:00:00.000Z,0.3,3.43,1.14,0.85,1.52,0.555,276
2020-11-26T00:00:00.000Z,0.6,5.73,1.63,1.23,2.2,0.988,270
2020-11-27T00:00:00.000Z,0.8,6.47,2.49,1.93,3.37,1.04,262
2020-11-28T00:00:00.000Z,0.7,4.67,1.73,1.3,2.4,0.834,264
2020-11-29T00:00:00.000Z,0.3,3.4,1.21,0.92,1.6,0.567,272
2020-11-30T00:00:00.000Z,0.5,4,1.25,0.97,1.7,0.607,242
2020-12-01T00:00:00.000Z,0.53,6.03,1.37,1,1.8,0.725,230
2020-12-02T00:00:00.000Z,0.63,7.8,2.13,1.57,3.6,1.699,263
2020-12-03T00:00:00.000Z,0.6,5.4,1.47,1.1,1.93,0.651,228
2020-12-04T00:00:00.000Z,0.5,9.67,1.72,1.23,2.44,1.254,248
2020-12-05T00:00:00.000Z,0.7,3.2,1.4,1.17,1.87,0.544,138
2020-12-07T00:00:00.000Z,1.33,4.67,2.5,2.15,2.8,0.639,97
2020-12-08T00:00:00.000Z,0.8,6.2,2.35,1.73,3.23,1.066,268
2020-12-09T00:00:00.000Z,0.53,4.7,1.63,1.1,2.27,0.924,240
2020-12-10T00:00:00.000Z,0.5,4.3,1.23,0.93,1.63,0.58,247
2020-12-11T00:00:00.000Z,0.3,4.7,1.8,1.2,2.67,0.966,303
2020-12-12T00:00:00.000Z,0.47,3.13,1.3,0.93,1.6,0.534,302
2020-12-13T00:00:00.000Z,0.47,3.93,1.12,0.87,1.4,0.517,291
2020-12-14T00:00:00.000Z,0.4,2.93,1,0.79,1.33,0.491,272
2020-12-15T00:00:00.000Z,0.3,4.76,1.2,0.9,1.57,0.747,292
2020-12-16T00:00:00.000Z,0.4,4.97,1.5,1.1,1.97,0.768,295
2020-12-17T00:00:00.000Z,0.3,4.97,1.64,0.92,2.47,1.103,268
2020-12-18T00:00:00.000Z,0.63,9.63,3.17,2.37,4,1.561,291
2020-12-19T00:00:00.000Z,0.4,4,1.43,1.03,1.97,0.756,274
2020-12-20T00:00:00.000Z,0.37,3.9,1.07,0.8,1.37,0.469,289
2020-12-21T00:00:00.000Z,0.4,5.07,1.37,1,1.93,0.788,279
2020-12-22T00:00:00.000Z,0.5,4.3,1.77,1.37,2.33,0.704,269
2020-12-23T00:00:00.000Z,1.27,8.27,2.5,1.83,3.37,1.209,234
2020-12-31T00:00:00.000Z,0.77,3.9,1.8,1.5,2.17,0.556,77
2021-01-01T00:00:00.000Z,0.97,8.13,2.9,2.15,4.93,1.727,289
2021-01-02T00:00:00.000Z,0.67,5.5,2.27,1.7,3.07,0.945,262
2021-01-03T00:00:00.000Z,0.9,5.63,2.1,1.7,2.6,0.792,266
2021-01-04T00:00:00.000Z,0.73,4.59,1.63,1.33,2.13,0.703,259
2021-01-05T00:00:00.000Z,0.37,3.9,1.47,1,1.93,0.637,251
2021-01-06T00:00:00.000Z,0.5,8.5,2.1,1.53,2.79,1.057,265
2021-01-07T00:00:00.000Z,0.8,6.2,2.1,1.6,3.07,1.071,260
2021-01-08T00:00:00.000Z,0.5,7.1,1.7,1.2,2.47,0.924,267
2021-01-09T00:00:00.000Z,0.87,9.1,2.27,1.6,3.83,1.828,259
2021-01-10T00:00:00.000Z,0.3,3.73,0.9,0.7,1.33,0.533,266
2021-01-11T00:00:00.000Z,0.27,3.53,0.9,0.6,1.3,0.568,247
2021-01-12T00:00:00.000Z,0.4,4.33,1.29,0.9,1.79,0.783,256
2021-01-13T00:00:00.000Z,0.3,4.37,1.1,0.7,1.53,0.609,252
2021-01-14T00:00:00.000Z,0.3,4.8,1.57,1.07,1.97,0.816,249
2021-01-15T00:00:00.000Z,0.6,12.03,1.9,1.33,2.63,1.342,267
2021-01-16T00:00:00.000Z,0.4,5.87,1.2,0.93,1.7,0.894,253
2021-01-17T00:00:00.000Z,0.5,6.3,1.62,1.17,2.5,1.167,240
2021-01-18T00:00:00.000Z,0.5,4.97,2.57,1.4,3.5,1.134,227
2021-01-19T00:00:00.000Z,1,9.36,3.24,2.1,4.9,1.815,204
2021-01-20T00:00:00.000Z,2.02,9.36,4.05,3.23,5.73,1.636,246
2021-01-21T00:00:00.000Z,2.13,9.13,4.23,3.42,5.82,1.588,229
2021-01-22T00:00:00.000Z,2.67,12.5,5.03,4.26,6.27,1.97,241
2021-01-23T00:00:00.000Z,1.77,8.07,4.4,3.53,5.23,1.212,246
2021-01-24T00:00:00.000Z,1.6,5.93,3.2,2.63,3.77,0.86,261
2021-01-25T00:00:00.000Z,1.6,17.73,3.3,2.7,4.2,2.279,227
2021-01-26T00:00:00.000Z,0.93,7.77,2.25,1.75,2.87,1.04,260
2021-01-27T00:00:00.000Z,0.83,5.73,2.23,1.72,2.83,0.845,237
2021-01-28T00:00:00.000Z,0.63,6.6,1.9,1.47,2.4,0.843,272
2021-01-29T00:00:00.000Z,0.3,4.76,1.17,0.7,2.47,1.154,260
2021-01-30T00:00:00.000Z,0.2,4.73,0.6,0.27,1.4,0.977,252
2021-01-31T00:00:00.000Z,0.4,4.76,1.53,1.2,1.93,0.738,263
2021-02-01T00:00:00.000Z,0.2,7.73,2.1,0.7,3.2,1.932,214
2021-02-02T00:00:00.000Z,0.87,12.88,4.2,2.49,7.24,2.89,236
2021-02-03T00:00:00.000Z,1.1,14.77,2.61,1.97,4.23,2.427,202
2021-02-04T00:00:00.000Z,1.1,10.37,3,2.38,3.8,1.369,252
2021-02-05T00:00:00.000Z,1.9,12.37,6.63,4.43,8.4,2.436,225
2021-02-06T00:00:00.000Z,3.07,15.6,6.8,5.23,9.14,2.641,233
2021-02-07T00:00:00.000Z,3.33,15.33,8.22,5.97,10.6,2.818,226
2021-02-08T00:00:00.000Z,1.3,9.4,3.8,3,5.2,1.573,242
2021-02-09T00:00:00.000Z,1.23,11.2,2.77,2.27,4.17,2.3,231
2021-02-10T00:00:00.000Z,2.02,11.5,4.2,3.33,5.3,2.206,223
2021-02-11T00:00:00.000Z,2.47,11.1,5.47,4.4,6.8,1.686,227
2021-02-12T00:00:00.000Z,3.03,20.1,7.97,5.47,10.47,3.432,259
2021-02-13T00:00:00.000Z,2,15.33,5.97,4.4,9.5,3.174,247
2021-02-14T00:00:00.000Z,1.2,13.9,4.04,2.97,6.28,2.957,232
2021-02-15T00:00:00.000Z,1.4,13.17,4.8,3.2,6.4,2.17,234
2021-02-16T00:00:00.000Z,2.37,11.93,5.09,4.2,6.77,2.068,221
2021-02-17T00:00:00.000Z,1.1,11.87,3.17,2.27,4.73,2.799,224
2021-02-18T00:00:00.000Z,0.5,7.3,1.73,1.2,2.8,1.318,251
2021-02-19T00:00:00.000Z,0.4,5.4,1.5,0.97,2.2,1.002,232
2021-02-20T00:00:00.000Z,0.5,6.23,1.7,1.33,2.2,0.844,242
2021-02-21T00:00:00.000Z,0.4,3.93,1.52,1.12,2.1,0.67,244
2021-02-22T00:00:00.000Z,0.5,3.67,1.4,1.07,2.06,0.72,207
2021-02-23T00:00:00.000Z,0.53,8.23,1.6,1.2,2.2,1.267,218
2021-02-24T00:00:00.000Z,0.56,9.19,1.79,1.27,2.6,1.511,226
2021-02-25T00:00:00.000Z,0.8,10.27,2.73,1.97,3.7,1.911,219
2021-02-26T00:00:00.000Z,1.63,9.86,3.57,2.87,4.63,1.548,211
2021-02-27T00:00:00.000Z,2.17,13.8,4.47,3.6,5.79,2.489,248
2021-02-28T00:00:00.000Z,0.77,19.82,3.13,2.33,3.87,1.853,247
2021-03-01T00:00:00.000Z,0.6,4.7,1.9,1.37,2.7,0.913,226
2021-03-02T00:00:00.000Z,1.03,13.07,3.29,2.47,5.01,2.331,240
2021-03-03T00:00:00.000Z,1.4,9.19,4,3.03,5.3,1.734,223
2021-03-04T00:00:00.000Z,1.1,7.27,3,2.4,4.09,1.171,222
2021-03-05T00:00:00.000Z,1.07,8.33,3.19,2.27,4.83,1.698,242
2021-03-06T00:00:00.000Z,1.1,9.9,2.7,2.29,3.87,1.973,234
2021-03-07T00:00:00.000Z,1.1,6.8,2.6,1.83,3.45,1.107,252
2021-03-08T00:00:00.000Z,0.9,6.07,2.52,2,3.1,0.863,231
2021-03-09T00:00:00.000Z,0.73,5.37,2.37,1.67,3,1.006,239
2021-03-10T00:00:00.000Z,1.37,10.07,3.13,2.47,4.09,1.518,223
2021-03-11T00:00:00.000Z,1.27,9.17,3.03,2.27,4,1.466,230
2021-03-12T00:00:00.000Z,0.77,5.9,2.1,1.67,2.9,0.989,235
2021-03-13T00:00:00.000Z,0.4,5.53,2.06,1.57,2.57,0.85,238
2021-03-14T00:00:00.000Z,1.3,9.07,2.82,2.27,3.87,1.316,228
2021-03-15T00:00:00.000Z,1.6,9.5,3.51,2.59,4.59,1.556,216
2021-03-16T00:00:00.000Z,1.23,11.53,3.33,2.29,5.09,2.013,217
2021-03-17T00:00:00.000Z,0.56,9.8,1.67,1.1,3.37,1.953,239
2021-03-18T00:00:00.000Z,1.4,15.07,4.59,2.77,6.37,2.39,227
2021-03-19T00:00:00.000Z,0.5,9.6,2,1.3,3.17,1.955,227
2021-03-20T00:00:00.000Z,0.3,3.63,1.12,0.7,1.72,0.719,240
2021-03-21T00:00:00.000Z,0.3,3.1,1.03,0.79,1.43,0.582,224
2021-03-22T00:00:00.000Z,0.27,4.2,1.47,0.7,2.13,0.901,227
2021-03-23T00:00:00.000Z,0.67,8.27,2.33,1.63,3.2,1.35,292
2021-03-24T00:00:00.000Z,1.3,10.5,3.9,3.07,5.3,1.894,221
2021-03-25T00:00:00.000Z,0.93,10.27,3.4,2.47,5.65,2.037,220
2021-03-26T00:00:00.000Z,0.9,5.47,2.2,1.7,3.03,0.986,241
2021-03-27T00:00:00.000Z,0.4,5.2,1.93,1.42,2.4,0.734,233
2021-03-28T00:00:00.000Z,0.56,6.17,2.52,1.8,3.13,1.091,163
2021-03-29T00:00:00.000Z,1.47,11.97,4,2.8,5.7,2.67,183
2021-03-30T00:00:00.000Z,2.4,16.13,5.3,4.01,7.68,2.862,201
2021-03-31T00:00:00.000Z,1.9,19.13,5.43,3.87,9.19,3.359,183
2021-04-01T00:00:00.000Z,4.47,22.7,10.42,7.55,13.54,4.413,168
2021-04-02T00:00:00.000Z,4.57,22.03,8.8,7.59,11.9,4.127,188
2021-04-03T00:00:00.000Z,3.77,13.1,7.6,6.19,8.94,1.928,193
2021-04-04T00:00:00.000Z,2.2,9,4.87,4.19,5.73,1.136,193
2021-04-05T00:00:00.000Z,1.93,17.37,7.9,5.7,11.23,3.719,163
2021-04-06T00:00:00.000Z,0.5,13.9,2.23,1.5,3.84,3.023,221
2021-04-07T00:00:00.000Z,0.43,7,1.8,1.23,3,1.331,153
2021-04-08T00:00:00.000Z,0.63,4.7,1.83,1.49,2.45,0.829,173
2021-04-09T00:00:00.000Z,0.3,8.07,1.3,0.8,2.63,1.878,177
2021-04-10T00:00:00.000Z,0.3,3.9,1.17,0.73,1.8,0.788,162
2021-04-11T00:00:00.000Z,0.7,5.47,2.04,1.4,2.8,0.998,132
2021-04-12T00:00:00.000Z,0.6,5.57,1.92,1.4,2.74,1.27,116
2021-04-13T00:00:00.000Z,0.6,5.63,2.47,1.7,3.1,0.976,133
2021-04-14T00:00:00.000Z,0.93,16.7,3.2,2.4,5.25,3.205,125
2021-04-15T00:00:00.000Z,2.52,15.27,4.65,3.47,8.24,3.316,116
2021-04-16T00:00:00.000Z,2.57,11.5,4.4,3.49,6.7,1.907,125
2021-04-17T00:00:00.000Z,1.97,13.87,5.09,3.59,8,2.827,141
2021-04-18T00:00:00.000Z,3.13,17,9.36,7.17,12.53,3.487,126
2021-04-19T00:00:00.000Z,3.27,15.37,8.86,6.4,10.67,2.822,123
2021-04-20T00:00:00.000Z,0.87,16.39,8.47,6.37,10.6,3.231,125
2021-04-21T00:00:00.000Z,0.2,7.8,1,0.59,1.5,1.074,120
2021-04-22T00:00:00.000Z,0.4,9.33,2.2,0.92,3.85,1.957,113
2021-04-23T00:00:00.000Z,1.8,9.97,6.5,5.47,7.8,1.632,106
2021-04-24T00:00:00.000Z,3.43,14.63,7.7,6.6,10.47,2.447,123
2021-04-25T00:00:00.000Z,2.6,15.4,7.08,5.27,8.77,2.793,138
2021-04-26T00:00:00.000Z,2.17,14.9,4.43,3.72,6.59,3.235,128
2021-04-27T00:00:00.000Z,2.7,27.07,5.87,4.83,9.64,4.635,121
2021-04-28T00:00:00.000Z,4.33,24.2,9.67,7.13,15,5.138,123
2021-04-29T00:00:00.000Z,4,16.73,10.54,8.11,12.95,2.917,112
2021-04-30T00:00:00.000Z,6.57,22.07,11.07,9.1,15.1,3.794,101
2021-05-01T00:00:00.000Z,4.93,19.57,10.6,8.49,13.14,3.068,129
2021-05-02T00:00:00.000Z,3.77,12.8,7.43,5.9,8.9,2.104,127
2021-05-03T00:00:00.000Z,0.87,9,3.23,2.13,4.63,1.75,119
2021-05-04T00:00:00.000Z,0.7,28.57,3.15,2.23,4.3,2.742,116
2021-05-05T00:00:00.000Z,1.67,12.17,4.26,3.05,6.43,2.36,112
2021-05-06T00:00:00.000Z,0.97,16.6,3.47,2.6,4.83,2.517,106
2021-05-07T00:00:00.000Z,0.93,8.23,3.6,2.1,5.2,1.818,114
2021-05-08T00:00:00.000Z,1.53,12.07,4,2.87,6.67,2.557,123
2021-05-09T00:00:00.000Z,2.5,16.17,6.4,4.9,8.63,3.083,135
2021-05-10T00:00:00.000Z,2.4,17.13,6.82,4.93,9.28,3.232,128
2021-05-11T00:00:00.000Z,1.3,18.8,5.09,3.77,11.3,4.72,116
2021-05-12T00:00:00.000Z,1.4,17.82,8.68,4.76,11,3.57,110
2021-05-13T00:00:00.000Z,2.67,22.27,8.19,6.07,15.34,5.125,133
2021-05-14T00:00:00.000Z,5.4,29.6,14.02,9.6,18.7,6.094,122
2021-05-15T00:00:00.000Z,10.19,36.77,16.2,13.21,20.19,6.796,137
2021-05-16T00:00:00.000Z,11.1,27.2,18.89,16.73,20.6,2.908,135
2021-05-17T00:00:00.000Z,5.5,26.7,14.77,12.2,17.77,3.837,118
2021-05-18T00:00:00.000Z,8.1,17.97,12.97,11.75,14.68,2.11,105
2021-05-19T00:00:00.000Z,3.5,23.83,16.3,13.64,18,5.06,140
2021-05-20T00:00:00.000Z,0.2,7.97,4.09,3.2,5.23,1.767,143
2021-05-21T00:00:00.000Z,0.2,6.13,0.3,0.2,1.92,1.095,133
2021-05-22T00:00:00.000Z,0.6,8.3,2.57,1.8,4.59,1.939,117
2021-05-23T00:00:00.000Z,0.77,11.9,4.17,2.59,7.12,2.877,148
2021-05-24T00:00:00.000Z,1.87,17.43,5.99,4.8,9.93,3.757,138
2021-05-25T00:00:00.000Z,1.4,17.97,4.8,3.4,7.93,3.928,150
2021-05-26T00:00:00.000Z,1.33,27.33,7.32,3.43,14.83,7.168,150
2021-05-27T00:00:00.000Z,1.43,18.03,7.03,4.22,9.17,4.018,141
2021-05-28T00:00:00.000Z,1.7,17.07,5.77,3.95,7.52,3.644,149
2021-05-29T00:00:00.000Z,2.06,21.3,6.67,4.17,11,5.083,131
2021-05-30T00:00:00.000Z,1.97,30.57,13.07,8.91,17.2,7.061,157
2021-05-31T00:00:00.000Z,2.02,14.87,7.23,4.62,10.24,3.135,125
2021-06-01T00:00:00.000Z,1.73,14.3,4.2,3.23,8.17,3.146,163
2021-06-02T00:00:00.000Z,1.83,17.53,7.2,5.12,9.94,4.019,145
2021-06-03T00:00:00.000Z,2,17.3,4.53,3.5,5.77,2.631,141
2021-06-04T00:00:00.000Z,2.33,10.27,5.4,4.23,7.6,2.096,147
2021-06-05T00:00:00.000Z,4.23,19.77,9.9,7.47,13.4,3.741,149
2021-06-06T00:00:00.000Z,2.77,20.1,7.47,6,10.02,3.832,182
2021-06-07T00:00:00.000Z,4,18,8.3,7,10.73,2.743,295
2021-06-08T00:00:00.000Z,1.7,14.17,6.43,4.76,8.17,2.452,219
2021-06-09T00:00:00.000Z,2,10.67,5.2,4,6.43,1.731,239
2021-06-10T00:00:00.000Z,1.33,17.47,5.8,4.09,8.19,4.006,164
2021-06-11T00:00:00.000Z,2.2,19.82,9.02,4.97,11.1,3.683,166
2021-06-12T00:00:00.000Z,0.7,14.4,5.14,2.2,7.8,3.391,154
2021-06-13T00:00:00.000Z,2.5,17.13,7,4.59,8.97,3.334,151
2021-06-14T00:00:00.000Z,2.33,23.93,10.5,6.9,15.63,5.266,183
2021-06-15T00:00:00.000Z,4.57,20.5,10.82,9.07,12.45,3.12,184
2021-06-16T00:00:00.000Z,2.6,14.13,7.8,6.2,9.6,2.223,163
2021-06-17T00:00:00.000Z,2.6,18.7,7.2,5.77,8.8,3.026,218
2021-06-18T00:00:00.000Z,3.37,20.1,8.8,6.94,11.39,3.299,224
2021-06-19T00:00:00.000Z,5.2,27.83,11.37,8.5,16.3,6.013,255
2021-06-20T00:00:00.000Z,3.2,23.17,13.07,10.17,15.6,4.443,271
2021-06-21T00:00:00.000Z,5.97,19.13,11.27,9.3,12.97,2.782,250
2021-06-22T00:00:00.000Z,0.9,17.5,4.84,2.65,7.5,3.019,212
2021-06-23T00:00:00.000Z,0.2,6.77,2.83,1.9,3.7,1.505,267
2021-06-24T00:00:00.000Z,0.2,12.13,2.15,0.5,5.17,2.877,238
2021-06-25T00:00:00.000Z,0.2,12.03,2.99,0.3,6.19,3.098,268
2021-06-26T00:00:00.000Z,0.2,5.73,2.1,0.4,3.03,1.386,280
2021-06-27T00:00:00.000Z,0.63,9.4,4.33,2.93,5.87,1.917,276
2021-06-28T00:00:00.000Z,0.3,10.3,1.7,1.03,3.3,1.941,263
2021-06-29T00:00:00.000Z,0.2,16.63,2.47,0.7,5.09,4.149,286
2021-06-30T00:00:00.000Z,0.27,19.32,2.95,0.83,9.17,4.59,270
2021-07-01T00:00:00.000Z,5.3,23.67,9.39,7.9,11,2.833,240
2021-07-02T00:00:00.000Z,2.52,24.23,8.22,6.6,11.85,5.493,232
2021-07-03T00:00:00.000Z,1.4,19.47,8.8,4.8,13.33,4.619,298
2021-07-04T00:00:00.000Z,1.73,23.5,11.57,6.07,14.57,5.179,288
2021-07-05T00:00:00.000Z,0.4,25.97,6.1,3.01,15.64,7.488,237
2021-07-06T00:00:00.000Z,3.73,17.77,8.4,6.53,10.87,2.935,275
2021-07-07T00:00:00.000Z,1.7,12.77,5.87,4.4,8.07,2.503,245
2021-07-08T00:00:00.000Z,1.6,21.63,7.45,4.8,10.19,3.776,258
2021-07-09T00:00:00.000Z,2.9,14.73,8.3,6.4,9.9,2.474,296
2021-07-10T00:00:00.000Z,2.29,23.3,9.78,7.1,12.6,4.434,298
2021-07-11T00:00:00.000Z,0.37,17.1,5.13,2.2,11.43,4.834,323
2021-07-12T00:00:00.000Z,2.83,16.7,7.7,6.19,9.25,2.206,245
2021-07-13T00:00:00.000Z,2.93,29.6,10.7,7.45,15.3,5.336,220
2021-07-14T00:00:00.000Z,4.83,32.4,13.64,9.65,17.69,6.574,236
2021-07-15T00:00:00.000Z,3.17,32.2,12.97,8.49,19.2,6.548,284
2021-07-16T00:00:00.000Z,2.2,18.6,5.23,4.09,8.47,3.784,251
2021-07-17T00:00:00.000Z,2.93,22.73,7.4,5.5,11.8,4.574,291
2021-07-18T00:00:00.000Z,0.2,13.03,3.83,1.57,6.43,2.838,255
2021-07-19T00:00:00.000Z,0.37,14.17,2.23,1.53,6.35,3.443,228
2021-07-20T00:00:00.000Z,0.4,15.73,5.52,2.29,8.36,3.955,246
2021-07-21T00:00:00.000Z,0.7,26.3,4.03,2.13,13.7,6.954,271
2021-07-22T00:00:00.000Z,4.57,31.93,13.44,8.05,17.73,6.144,224
2021-07-23T00:00:00.000Z,3.87,30.47,12.8,8.93,17.17,5.483,267
2021-07-24T00:00:00.000Z,2.13,299.89,9.23,6.33,11.52,18.285,261
2021-07-25T00:00:00.000Z,0.67,11.7,6.1,3.35,7.37,2.636,293
2021-07-26T00:00:00.000Z,0.3,5.23,1.8,1,2.7,1.05,294
2021-07-27T00:00:00.000Z,1.27,17.2,4.09,2.8,5.7,2.416,307
2021-07-28T00:00:00.000Z,0.3,62.6,2.8,1.5,5.07,5.576,307
2021-07-29T00:00:00.000Z,0.3,28.8,4.59,2.42,10.34,4.505,280
2021-07-30T00:00:00.000Z,1.1,23.77,6.24,3.3,11.92,6.174,224
2021-07-31T00:00:00.000Z,3.5,24.47,11.55,7.35,15.39,5.031,240
2021-08-01T00:00:00.000Z,1.57,22.37,9.52,6,14.43,5.019,237
2021-08-02T00:00:00.000Z,0.47,12.9,4.59,2.29,7.4,2.996,172
2021-08-03T00:00:00.000Z,1.1,24.77,7.3,4.26,12.17,5.119,239
2021-08-04T00:00:00.000Z,1.77,30.8,12.53,5.2,18.1,7.332,207
2021-08-05T00:00:00.000Z,5.7,29.53,11.02,9.36,15,4.852,238
2021-08-06T00:00:00.000Z,5.09,30.67,14.5,11.6,19.89,5.929,282
2021-08-07T00:00:00.000Z,4.3,18.77,9.8,8.23,11.55,2.458,292
2021-08-08T00:00:00.000Z,1.83,14.1,7.6,5.4,9.61,2.588,261
2021-08-09T00:00:00.000Z,1.43,14.43,6.07,4.09,9.43,3.188,215
2021-08-10T00:00:00.000Z,2.29,18.6,7.5,5.93,10.07,3.467,273
2021-08-11T00:00:00.000Z,1.83,21.3,9.48,6.1,12.23,4.396,218
2021-08-12T00:00:00.000Z,2.33,20.57,7.72,5.74,11.7,4.548,272
2021-08-13T00:00:00.000Z,5.6,37.29,12.77,9.8,22.63,7.666,478
2021-08-14T00:00:00.000Z,1,34.7,18,9.5,23.27,8.161,402
2021-08-15T00:00:00.000Z,6.47,25,14.67,12.6,16.48,3.158,411
2021-08-16T00:00:00.000Z,4.3,20.7,11.63,9.9,13.7,3.221,464
2021-08-17T00:00:00.000Z,0.8,11.53,4.09,2.83,5.93,2.162,486
2021-08-18T00:00:00.000Z,0.2,7.43,1.63,0.67,2.7,1.372,403
2021-08-19T00:00:00.000Z,0.2,9.1,0.43,0.2,1.12,0.961,487
2021-08-20T00:00:00.000Z,0.2,8.02,1.86,0.9,3.9,1.761,458
2021-08-21T00:00:00.000Z,0.2,9.86,2.52,1,4.2,1.959,488
2021-08-22T00:00:00.000Z,0.2,5.3,1.73,1.1,2.4,0.91,456
2021-08-23T00:00:00.000Z,0.3,7.27,1.63,1.03,2.4,0.983,490
2021-08-24T00:00:00.000Z,0.4,8.86,2.02,1.4,3.6,1.613,478
2021-08-25T00:00:00.000Z,0.4,5.8,1.9,1.2,2.87,1.162,474
2021-08-26T00:00:00.000Z,0.3,10.07,3.33,1.5,5.8,2.491,347
2021-08-27T00:00:00.000Z,1.4,15.47,4.7,3.63,6.3,2.388,378
2021-08-28T00:00:00.000Z,3.17,17.93,6.6,5.63,8.69,3.286,338
2021-08-29T00:00:00.000Z,1.27,13.9,4.83,2.9,7,2.581,359
2021-08-30T00:00:00.000Z,0.63,16.97,6.03,4.17,8.75,3.371,473
2021-08-31T00:00:00.000Z,2.87,18.8,8.85,6.63,11.33,3.331,478
2021-09-01T00:00:00.000Z,1.8,18.67,6.1,4.2,10.67,4.169,471
2021-09-02T00:00:00.000Z,1.6,21.4,8.1,5.62,10.75,4.324,469
2021-09-03T00:00:00.000Z,3,15.5,8.93,7.59,10.07,1.906,488
2021-09-04T00:00:00.000Z,0.5,11.13,3.5,2.38,6.28,2.557,489
2021-09-05T00:00:00.000Z,0.2,11.23,2.97,2.1,4.17,1.895,419
2021-09-06T00:00:00.000Z,0.2,6.07,1.23,0.7,1.89,0.857,421
2021-09-07T00:00:00.000Z,0.2,3.77,0.9,0.56,1.37,0.59,406
2021-09-08T00:00:00.000Z,0.2,7.2,1.1,0.4,2,1.064,498
2021-09-09T00:00:00.000Z,0.56,17.53,4.29,2.2,8.6,4.218,442
2021-09-10T00:00:00.000Z,2.77,20.37,6.17,5.09,8.86,3.761,504
2021-09-11T00:00:00.000Z,0.5,13.8,7,5.57,8.39,2.419,508
2021-09-12T00:00:00.000Z,0.2,4.53,0.7,0.2,1.33,0.794,506
2021-09-13T00:00:00.000Z,0.2,9.19,0.8,0.6,1.1,0.602,504
2021-09-14T00:00:00.000Z,0.3,10.93,1.6,0.9,2.57,1.931,508
2021-09-15T00:00:00.000Z,0.6,14.03,2.8,1.63,4.67,2.569,505
2021-09-16T00:00:00.000Z,0.73,17.8,3.3,2.47,5.69,3.691,505
2021-09-17T00:00:00.000Z,0.77,10.57,2.87,1.87,4.83,2.137,501
2021-09-18T00:00:00.000Z,1.33,11.5,3.77,2.77,5.73,2.033,505
2021-09-19T00:00:00.000Z,0.9,8.77,3.03,2.27,4.38,1.564,505
2021-09-20T00:00:00.000Z,0.4,8.83,2.52,1.37,4.9,1.958,507
2021-09-21T00:00:00.000Z,1.1,10.13,3.87,2.9,5.09,1.607,504
2021-09-22T00:00:00.000Z,0.93,9.9,3.5,2.7,4.76,1.687,508
2021-09-23T00:00:00.000Z,0.8,16.3,3.5,2.6,5.9,2.867,506
2021-09-24T00:00:00.000Z,1.3,6.6,2.83,2.23,3.93,1.048,87
2021-09-27T00:00:00.000Z,0.97,9.47,3.43,2.59,5.62,1.998,196
2021-09-28T00:00:00.000Z,0.5,7.97,2.13,1.57,2.93,1.26,506
2021-09-29T00:00:00.000Z,0.3,26.17,1.6,1.03,2.52,2.246,453
2021-09-30T00:00:00.000Z,0.2,5.09,1.12,0.63,1.9,0.858,501
2021-10-01T00:00:00.000Z,0.3,7.87,1.37,0.9,2.67,1.672,493
2021-10-02T00:00:00.000Z,0.2,3.5,0.9,0.6,1.33,0.575,496
2021-10-03T00:00:00.000Z,0.4,4.53,1.63,1.17,2.2,0.719,506
2021-10-04T00:00:00.000Z,0.4,7.9,1.6,1.14,2.5,1.594,505
2021-10-05T00:00:00.000Z,0.4,10.6,1.5,1.03,2.5,1.402,510
2021-10-06T00:00:00.000Z,0.56,11.27,2.1,1.53,3,1.939,508
2021-10-07T00:00:00.000Z,0.6,5.5,2.06,1.6,2.6,0.824,509
2021-10-08T00:00:00.000Z,0.37,5.2,1.59,1.12,2.33,0.85,508
2021-10-09T00:00:00.000Z,0.7,9.13,2.93,2.1,3.9,1.566,500
2021-10-10T00:00:00.000Z,0.3,6.8,1.7,1.12,2.6,1.106,503
2021-10-11T00:00:00.000Z,0.93,7.5,2.5,1.97,3.13,1.094,507
2021-10-12T00:00:00.000Z,1,50.43,5.77,4.09,7.95,5.768,501
2021-10-13T00:00:00.000Z,0.4,15.6,1.79,1.25,3.53,2.043,504
2021-10-14T00:00:00.000Z,0.23,4.23,1.57,1.03,2.17,0.759,503
2021-10-15T00:00:00.000Z,0.3,6,1.53,0.97,2.73,1.245,507
2021-10-16T00:00:00.000Z,0.5,11.8,1.77,1.27,2.9,1.957,507
2021-10-17T00:00:00.000Z,0.5,5.87,1.65,1.2,2.33,1.024,506
2021-10-18T00:00:00.000Z,0.4,6.3,1.4,1,2.06,0.993,479
2021-10-19T00:00:00.000Z,0.5,12.43,1.93,1.33,3,1.906,411
2021-11-04T00:00:00.000Z,0.9,4.07,2.4,1.89,2.83,0.767,97
2021-11-05T00:00:00.000Z,0.4,9.6,1.73,1.17,2.5,1.632,508
2021-11-06T00:00:00.000Z,0.4,5.83,1.47,1.1,2.1,0.891,506
2021-11-07T00:00:00.000Z,0.56,6.6,1.7,1.3,2.29,0.867,497
2021-11-08T00:00:00.000Z,0.9,11.63,2.13,1.67,3,1.383,417
2021-11-09T00:00:00.000Z,0.73,10.83,1.93,1.43,2.69,0.935,489
2021-11-10T00:00:00.000Z,0.6,10.27,2.29,1.6,4.9,2.316,493
2021-11-11T00:00:00.000Z,0.9,9.23,2.37,1.8,3.17,1.3,476
2021-11-12T00:00:00.000Z,0.3,9.36,2.2,1.57,3.4,1.661,454
2021-11-13T00:00:00.000Z,0.2,3.47,0.8,0.5,1.2,0.611,499
2021-11-14T00:00:00.000Z,0.4,6.1,1.47,1.05,2.1,0.896,489
2021-11-15T00:00:00.000Z,0.3,20.5,1.03,0.77,1.4,1.026,490
2021-11-16T00:00:00.000Z,0.3,20.75,1.3,0.99,2.02,1.307,493
2021-11-17T00:00:00.000Z,0.5,7.3,1.97,1.4,2.8,1.14,378
2021-11-18T00:00:00.000Z,0.63,19.3,1.7,1.33,2.27,1.213,472
2021-11-19T00:00:00.000Z,0.4,14.37,1.97,1.4,2.57,1.057,461
2021-11-20T00:00:00.000Z,1,8.47,2.7,2,3.83,1.681,476
2021-11-21T00:00:00.000Z,1,6,2.2,1.73,2.9,0.9,502
2021-11-22T00:00:00.000Z,0.8,9.3,1.93,1.53,2.43,1.004,485
2021-11-23T00:00:00.000Z,0.6,6.2,2.4,1.7,3.39,1.146,497
2021-11-24T00:00:00.000Z,0.8,19.2,3.39,1.97,6.5,3.273,498
2021-11-25T00:00:00.000Z,0.97,8.3,2.29,1.7,3.63,1.67,503
2021-11-26T00:00:00.000Z,0.6,5.9,2.29,1.9,2.93,0.776,502
2021-11-27T00:00:00.000Z,0.4,8.83,2.5,1.6,4.8,1.918,501
2021-11-28T00:00:00.000Z,0.3,4.26,1.17,0.87,1.6,0.616,502
2021-11-29T00:00:00.000Z,0.4,5.33,1.37,1,2,0.783,497
2021-11-30T00:00:00.000Z,0.3,7.7,1.23,0.83,1.75,0.978,493
2021-12-01T00:00:00.000Z,0.4,7.7,1.7,1.27,3,1.483,480
2021-12-02T00:00:00.000Z,0.43,6.83,1.83,1.37,2.52,1.004,474
2021-12-03T00:00:00.000Z,1,6.5,1.97,1.57,2.49,0.791,201
2021-12-04T00:00:00.000Z,0.5,6.67,1.83,1.37,2.43,1.012,468
2021-12-05T00:00:00.000Z,0.63,7.07,1.9,1.5,2.4,0.901,482
2021-12-06T00:00:00.000Z,0.9,7.1,2.79,2,3.77,1.268,496
2021-12-07T00:00:00.000Z,0.9,10.37,3.13,2.17,5.5,2.226,491
2021-12-08T00:00:00.000Z,0.9,7,2.29,1.8,3.2,1.098,483
2021-12-09T00:00:00.000Z,1.27,8.44,2.9,2.37,3.65,1.165,493
2021-12-10T00:00:00.000Z,1.53,8.57,3.5,2.7,4.59,1.381,489
2021-12-11T00:00:00.000Z,0.8,12.23,3,2.29,4.57,2.005,493
2021-12-12T00:00:00.000Z,0.4,5.09,1.23,0.97,1.67,0.553,470
2021-12-13T00:00:00.000Z,0.3,4.33,1.3,0.93,1.73,0.684,470
2021-12-14T00:00:00.000Z,0.47,5.33,1.8,1.4,2.33,0.812,482
2021-12-15T00:00:00.000Z,0.47,5.5,1.6,1.19,2.13,0.728,488
2021-12-16T00:00:00.000Z,0.56,31,1.73,1.25,2.23,1.502,484
2021-12-17T00:00:00.000Z,0.63,13.67,2.1,1.5,3.8,1.853,484
2021-12-18T00:00:00.000Z,0.5,5.63,1.6,1.3,2.02,0.731,481
2021-12-19T00:00:00.000Z,0.93,5.53,2.2,1.77,2.62,0.673,488
2021-12-20T00:00:00.000Z,1.12,8,2.29,1.9,2.97,1.121,464
2021-12-21T00:00:00.000Z,1.4,9.02,2.9,2.4,3.7,1.142,488
2021-12-22T00:00:00.000Z,1.3,8.43,3.05,2.33,3.87,1.186,490
2021-12-23T00:00:00.000Z,0.9,25.97,2.97,2.17,4.38,1.882,465
2021-12-24T00:00:00.000Z,0.73,5.93,2.37,1.83,3.1,0.978,474
2021-12-25T00:00:00.000Z,0.9,7.5,2.87,2.29,3.4,0.868,475
2021-12-26T00:00:00.000Z,0.77,8.47,3.59,2.52,4.5,1.31,490
2021-12-27T00:00:00.000Z,2.7,11,6.2,4.83,7.4,1.684,499
2021-12-28T00:00:00.000Z,1.87,11.83,4.59,3.67,6.1,1.741,499
2021-12-29T00:00:00.000Z,1.77,13.37,4.17,2.87,5.9,1.993,493
2021-12-30T00:00:00.000Z,1,12.1,2.8,2.23,5.83,2.635,493
2021-12-31T00:00:00.000Z,0.73,6.23,1.9,1.5,2.4,0.764,493
2022-01-01T00:00:00.000Z,0.3,5.37,1.33,1,1.83,0.715,499
2022-01-02T00:00:00.000Z,0.3,3.4,0.8,0.6,1,0.395,501
2022-01-03T00:00:00.000Z,0.3,6.47,1,0.73,1.6,1.215,497
2022-01-04T00:00:00.000Z,0.3,14.3,1.1,0.77,1.53,1.296,497
2022-01-05T00:00:00.000Z,0.4,7.3,1.5,1.03,1.97,0.695,499
2022-01-06T00:00:00.000Z,0.9,5.4,2.2,1.7,2.8,0.846,501
2022-01-07T00:00:00.000Z,0.8,6.1,1.97,1.5,2.62,0.879,501
2022-01-08T00:00:00.000Z,0.8,6.6,2.52,1.93,3.33,1.051,483
2022-01-09T00:00:00.000Z,0.9,7.17,2.4,1.9,3.23,1.136,482
2022-01-10T00:00:00.000Z,0.7,8.69,2.1,1.6,2.97,1.268,479
2022-01-11T00:00:00.000Z,0.6,7.13,1.87,1.3,2.62,1.185,496
2022-01-12T00:00:00.000Z,0.8,9.8,2.19,1.7,3.3,1.293,498
2022-01-13T00:00:00.000Z,0.93,9.17,2.5,1.73,4,1.589,495
2022-01-14T00:00:00.000Z,0.5,8.43,1.8,1.2,2.77,1.183,480
2022-01-15T00:00:00.000Z,0.6,4.7,1.67,1.3,2.02,0.599,494
2022-01-16T00:00:00.000Z,1,6.27,2.9,2.13,3.53,1.018,493
2022-01-17T00:00:00.000Z,0.3,5,1.37,0.93,2.06,0.81,499
2022-01-18T00:00:00.000Z,0.3,5.4,1,0.7,1.5,0.778,494
2022-01-19T00:00:00.000Z,0.3,4.3,1.03,0.67,1.37,0.588,489
2022-01-20T00:00:00.000Z,0.3,6.5,1.27,0.9,1.9,0.913,498
2022-01-21T00:00:00.000Z,0.3,5,1.1,0.7,1.57,0.741,473
2022-01-22T00:00:00.000Z,0.3,3.7,0.83,0.6,1.17,0.462,492
2022-01-23T00:00:00.000Z,0.37,2.8,1,0.77,1.3,0.424,490
2022-01-24T00:00:00.000Z,0.4,4.93,1.5,1.1,2.02,0.761,493
2022-01-25T00:00:00.000Z,0.37,4.2,1.3,0.97,1.63,0.567,487
2022-01-26T00:00:00.000Z,0.63,6.7,1.97,1.33,2.93,1.081,466
2022-01-27T00:00:00.000Z,0.4,6.65,1.87,1.2,2.73,1.095,494
2022-01-28T00:00:00.000Z,0.7,10.5,2.7,1.9,4.63,2.224,495
2022-01-29T00:00:00.000Z,0.8,6.67,2.43,1.85,3.13,1.046,497
2022-01-30T00:00:00.000Z,1.57,7.23,2.9,2.4,3.89,1.237,500
2022-01-31T00:00:00.000Z,1.03,7.17,2.37,2,2.93,0.889,498
2022-02-01T00:00:00.000Z,0.3,5.97,1.7,1.1,2.23,0.795,470
2022-02-02T00:00:00.000Z,0.6,5.9,1.8,1.33,2.4,0.905,478
2022-02-03T00:00:00.000Z,0.6,6.2,1.73,1.4,2.43,0.954,470
2022-02-04T00:00:00.000Z,0.5,5.2,1.6,1.23,2.33,0.936,454
2022-02-05T00:00:00.000Z,0.8,5.87,2.02,1.6,2.63,0.765,492
2022-02-06T00:00:00.000Z,0.5,4.3,1.5,1.2,1.99,0.589,493
2022-02-07T00:00:00.000Z,0.4,5.5,1.7,1.17,2.37,0.871,491
2022-02-08T00:00:00.000Z,0.63,6.53,2.15,1.6,2.8,1.036,462
2022-02-09T00:00:00.000Z,1.83,8.9,3.4,2.93,4.09,1.114,475
2022-02-10T00:00:00.000Z,1.6,15.32,5.93,4.75,7.83,2.654,473
2022-02-11T00:00:00.000Z,0.7,14.5,3.2,2.17,4.8,2.547,481
2022-02-12T00:00:00.000Z,2.5,9.73,5.12,4.17,5.93,1.185,502
2022-02-13T00:00:00.000Z,1.47,7.37,3.8,3.2,4.5,0.991,503
2022-02-14T00:00:00.000Z,1.12,11.2,3.63,2.8,4.76,1.693,507
2022-02-15T00:00:00.000Z,1.93,16.63,4.4,3.5,6.72,3.141,509
2022-02-16T00:00:00.000Z,1.5,12.47,3.63,2.8,5.12,2.246,505
2022-02-17T00:00:00.000Z,1.17,6,2.5,2.13,3.13,0.868,498
2022-02-18T00:00:00.000Z,1.3,8.1,3.73,3.12,4.59,1.158,504
2022-02-19T00:00:00.000Z,1.12,7.23,2.9,2.17,3.8,1.192,506
2022-02-20T00:00:00.000Z,0.56,5.7,2.13,1.73,2.6,0.73,509
2022-02-21T00:00:00.000Z,0.4,6.53,1.27,0.9,2.06,0.988,507
2022-02-22T00:00:00.000Z,0.3,5.2,1.2,0.83,1.8,0.86,475
2022-02-23T00:00:00.000Z,0.3,8,0.97,0.7,1.4,0.938,501
2022-02-24T00:00:00.000Z,0.4,7,1.6,1.2,2.29,1.046,507
2022-02-25T00:00:00.000Z,0.8,9.8,2.1,1.6,2.63,0.964,507
2022-02-26T00:00:00.000Z,0.6,4.8,1.83,1.4,2.52,0.862,507
2022-02-27T00:00:00.000Z,0.3,3.8,1,0.7,1.37,0.565,505
2022-02-28T00:00:00.000Z,0.3,4.73,1.23,0.85,1.7,0.691,504
2022-03-01T00:00:00.000Z,0.5,7.83,1.8,1.27,3.1,1.251,508
2022-03-02T00:00:00.000Z,0.97,7.13,2.43,2,3.07,1.04,505
2022-03-03T00:00:00.000Z,0.97,6.8,2.57,2.02,3.32,1.034,504
2022-03-04T00:00:00.000Z,0.8,9.69,2.1,1.67,2.87,1.29,507
2022-03-05T00:00:00.000Z,0.6,10.73,2,1.63,2.5,0.804,506
2022-03-06T00:00:00.000Z,0.4,4.37,1.27,1,1.69,0.57,500
2022-03-07T00:00:00.000Z,0.3,10.67,1.2,0.77,2.17,1.138,507
2022-03-08T00:00:00.000Z,0.4,3.8,1.37,1.03,1.83,0.62,498
2022-03-09T00:00:00.000Z,0.4,5.87,1.7,1.2,2.5,0.933,498
2022-03-10T00:00:00.000Z,0.5,9.13,1.67,1.21,2.35,1.396,497
2022-03-11T00:00:00.000Z,0.6,5.2,1.8,1.4,2.33,0.759,496
2022-03-12T00:00:00.000Z,1.4,16.3,3.9,3.12,5,2.044,500
2022-03-13T00:00:00.000Z,1.9,7.57,3.75,3.03,4.73,1.212,490
2022-03-14T00:00:00.000Z,1.93,36.86,4.09,3.43,5,2.401,495
2022-03-15T00:00:00.000Z,1.9,14.25,4.23,3.57,5.77,2.424,499
2022-03-16T00:00:00.000Z,3.17,31.47,6.23,5.3,9.67,3.767,495
2022-03-17T00:00:00.000Z,3,18.53,8.5,5.97,11.57,3.632,495
2022-03-18T00:00:00.000Z,1.9,21.8,5.77,4.19,8.35,3.946,485
2022-03-19T00:00:00.000Z,1.27,11.3,3.03,2.52,3.83,1.267,499
2022-03-20T00:00:00.000Z,1.27,6.43,2.97,2.43,3.63,0.849,496
2022-03-21T00:00:00.000Z,0.3,7.6,1.33,0.87,2.12,1.252,480
2022-03-22T00:00:00.000Z,0.4,11.7,1.6,1.12,2.5,1.71,497
2022-03-23T00:00:00.000Z,0.3,11.5,1.21,0.9,1.87,1.059,488
2022-03-24T00:00:00.000Z,0.3,5.87,1.43,1,2.1,1.095,488
2022-03-25T00:00:00.000Z,0.33,8.07,1.8,1.23,2.4,1.106,496
2022-03-26T00:00:00.000Z,1.33,8.93,3.53,2.4,4.7,1.409,496
2022-03-27T00:00:00.000Z,1.17,13.2,4,3.13,5.67,2.121,496
2022-03-28T00:00:00.000Z,0.93,11,2.6,2,3.7,1.424,488
2022-03-29T00:00:00.000Z,0.47,7.8,1.77,1.23,2.67,1.108,501
2022-03-30T00:00:00.000Z,0.6,8.1,2.37,1.5,3.33,1.234,495
2022-03-31T00:00:00.000Z,0.3,5.87,1.5,1,2.13,0.958,501
2022-04-01T00:00:00.000Z,0.53,9.6,2.4,1.63,3.53,1.643,495
2022-04-02T00:00:00.000Z,1.4,11.9,3.63,2.9,4.51,2.033,476
2022-04-03T00:00:00.000Z,0.7,10.3,2.83,2.17,3.8,1.263,501
2022-04-04T00:00:00.000Z,0.6,8.23,2.4,1.7,3.62,1.421,492
2022-04-05T00:00:00.000Z,0.8,11.4,2.3,1.77,3.17,1.651,495
2022-04-06T00:00:00.000Z,0.6,6.7,2,1.5,2.92,1.149,303
2022-12-13T00:00:00.000Z,0.8,2.13,1.67,1.3,1.93,0.412,7
2022-12-15T00:00:00.000Z,0.5,6.4,0.92,0.85,1.2,0.827,52
2022-12-16T00:00:00.000Z,0.6,8.1,1.7,1.33,1.95,0.663,465
2022-12-17T00:00:00.000Z,0.6,27.53,2.1,1.37,2.7,1.635,434
2022-12-18T00:00:00.000Z,0.9,36.83,2.1,1.7,2.52,2.884,206
2022-12-19T00:00:00.000Z,0.3,14.53,0.9,0.63,1.2,0.932,396
2022-12-20T00:00:00.000Z,0.47,9.69,1.17,0.87,1.63,0.805,496
2022-12-21T00:00:00.000Z,0.43,22.43,1.5,1,2.6,1.839,475
2022-12-22T00:00:00.000Z,0.3,6.73,1.3,0.83,1.73,0.822,492
2022-12-23T00:00:00.000Z,0.4,3.33,1,0.8,1.33,0.46,335
2022-12-24T00:00:00.000Z,0.3,2.87,0.9,0.67,1.12,0.388,199
2022-12-25T00:00:00.000Z,0.53,6.87,1.27,1.07,1.57,0.545,189
2022-12-26T00:00:00.000Z,1.1,7.4,2.5,1.9,3.1,0.886,345
2022-12-27T00:00:00.000Z,1.6,17.23,3.5,2.7,4.7,2.3,460
2022-12-28T00:00:00.000Z,0.33,5.6,1.53,1.1,1.97,0.729,433
2022-12-29T00:00:00.000Z,0.4,17,1.53,1.1,2,1.225,494
2022-12-30T00:00:00.000Z,0.3,16.2,1.5,1.2,1.82,1.284,352
2022-12-31T00:00:00.000Z,4.67,9,6.97,6.5,7.43,0.717,192
2023-01-01T00:00:00.000Z,1.37,5.27,3.4,2.9,3.93,0.717,214
2023-01-02T00:00:00.000Z,1.1,8.77,2.2,1.87,2.57,0.78,307
2023-01-03T00:00:00.000Z,0.4,7.8,1.37,1,1.77,0.753,393
2023-01-04T00:00:00.000Z,0.6,3.87,1.5,1.14,1.77,0.457,440
2023-01-05T00:00:00.000Z,0.9,67.06,2.4,1.87,3.1,3.134,490
2023-01-06T00:00:00.000Z,1.73,16.53,3.23,2.63,3.93,1.474,491
2023-01-07T00:00:00.000Z,1.8,7.4,3.13,2.77,3.67,0.698,217
2023-01-08T00:00:00.000Z,0.6,15.7,1.63,1.3,2.2,1.422,290
2023-01-09T00:00:00.000Z,0.6,15,2.6,1.9,3.6,1.455,441
2023-01-10T00:00:00.000Z,0.3,8.27,1.73,1.2,2.13,0.895,486
2023-01-11T00:00:00.000Z,0.3,11.13,1,0.73,1.41,0.787,484
2023-01-12T00:00:00.000Z,0.4,12.2,1.37,1.03,1.97,1.09,493
2023-01-13T00:00:00.000Z,0.4,27.17,1.1,0.87,1.4,1.376,422
2023-01-14T00:00:00.000Z,0.5,4.2,1.53,1.2,1.9,0.547,359
2023-01-15T00:00:00.000Z,0.5,90.13,1.37,1.03,2.13,7.068,194
2023-01-16T00:00:00.000Z,0.8,19.77,2.63,1.75,3.37,1.506,433
2023-01-17T00:00:00.000Z,1,14.63,2.23,1.75,2.77,1.302,409
2023-01-18T00:00:00.000Z,1.3,10.6,3.2,2.2,3.9,1.303,420
2023-01-19T00:00:00.000Z,0.9,12.5,2.89,2.02,3.8,1.302,494
2023-01-20T00:00:00.000Z,1,10.9,2.8,2.13,3.63,1.148,482
2023-01-21T00:00:00.000Z,0.97,20.65,2.52,1.9,3.13,1.432,373
2023-01-22T00:00:00.000Z,1.03,45.43,2.63,1.97,5.05,5.22,221
2023-01-23T00:00:00.000Z,0.2,18.97,1.9,1.27,3.27,1.753,399
2023-01-24T00:00:00.000Z,0.3,9,0.8,0.6,1.02,0.681,497
2023-01-25T00:00:00.000Z,0.4,12.57,0.93,0.77,1.17,0.895,456
2023-01-26T00:00:00.000Z,0.33,9.36,1.2,0.9,1.5,0.883,492
2023-01-27T00:00:00.000Z,0.37,14.97,0.9,0.77,1.17,1.157,405
2023-01-28T00:00:00.000Z,0.47,6.6,1.6,1.3,2.6,1.298,479
2023-01-29T00:00:00.000Z,0.83,16.6,5.12,3.5,6.69,2.469,308
2023-01-30T00:00:00.000Z,0.5,9.69,1.4,0.9,1.83,0.929,252
2023-01-31T00:00:00.000Z,0.4,13,2.1,1.2,3.8,2.848,460
2023-02-01T00:00:00.000Z,0.73,12.73,2.5,1.7,3.53,1.314,486
2023-02-02T00:00:00.000Z,0.9,43.67,2.29,1.8,5.77,4.005,491
2023-02-03T00:00:00.000Z,2.83,167.23,11.09,8.3,13.87,29.048,370
2023-02-04T00:00:00.000Z,3.3,130.03,8.49,5.77,19.2,27.465,326
2023-02-05T00:00:00.000Z,22.5,259.93,126.37,107.08,159.59,39.682,232
2023-02-06T00:00:00.000Z,43.77,197.2,89.3,63.3,148.65,47.092,397
2023-02-07T00:00:00.000Z,20.6,103.3,66.7,48.5,81.29,21.326,440
2023-02-08T00:00:00.000Z,29.9,361.27,128.83,84.87,151.63,51.859,399
2023-02-09T00:00:00.000Z,9.63,374.07,82.37,44.39,248.12,111.937,425
2023-02-10T00:00:00.000Z,3.93,184.53,24.83,14.87,100.5,50.598,309
2023-02-11T00:00:00.000Z,1.9,111.97,20.02,9.99,59.42,33.003,404