# Sensor Exyma Oficinas ETFA, Pedro Aguirre Cerda, Chile (Purple Air/55917)
# https://aqicn.org/station/@123673/
# Daily pm25
date,min,max,median,q1,q3,stdev,count
2020-06-03T00:00:00.000Z,3.42,9.6,5.03,4.5,5.57,1.218,101
2020-06-04T00:00:00.000Z,7.84,41.54,18.55,16.1,20.86,5.096,712
2020-06-05T00:00:00.000Z,19.95,56.05,31.46,28.12,38.4,6.132,693
2020-06-06T00:00:00.000Z,18.04,72.17,38.61,33.64,55.58,13.549,709
2020-06-07T00:00:00.000Z,27.77,83.56,58.04,44.4,68.06,13.998,708
2020-06-08T00:00:00.000Z,26.37,55.15,39.89,35.29,44.92,6.336,712
2020-06-09T00:00:00.000Z,35.68,248.88,53.04,48.94,62.93,12.313,713
2020-06-10T00:00:00.000Z,28.02,59.91,40.27,35.54,45.72,7.676,715
2020-06-11T00:00:00.000Z,23.85,87.19,53.81,43.31,64.65,17.09,715
2020-06-12T00:00:00.000Z,0.03,73.67,11.57,3.25,46.44,24.074,712
2020-06-13T00:00:00.000Z,3.97,39.53,21.22,14.02,26.97,7.526,642
2020-06-14T00:00:00.000Z,10.21,92.32,32.69,22.43,58.57,22.227,713
2020-06-15T00:00:00.000Z,17.89,49.07,29.74,26.15,34.17,6.958,713
2020-06-16T00:00:00.000Z,16.72,50.57,30.89,22.97,41.49,9.669,712
2020-06-17T00:00:00.000Z,2.57,77.54,38.88,14.16,50.02,21.631,711
2020-06-18T00:00:00.000Z,2.65,52.91,19.13,15.16,27.21,9.633,717
2020-06-19T00:00:00.000Z,10.19,101.89,36.14,16.21,61.45,25.78,720
2020-06-20T00:00:00.000Z,16.37,43.64,33.9,29.51,37.67,5.995,718
2020-06-21T00:00:00.000Z,20,54.23,37.29,29.33,43.16,8.366,716
2020-06-22T00:00:00.000Z,30.77,137.63,63.55,49.74,88.48,24.067,715
2020-06-23T00:00:00.000Z,1.65,47.94,10.84,4.99,20.02,10.136,668
2020-06-24T00:00:00.000Z,0,11.65,3.01,1.62,4.9,2.223,648
2020-06-25T00:00:00.000Z,2.98,709.28,18.05,14.98,22.33,27.729,648
2020-06-26T00:00:00.000Z,16.53,74.73,30.77,23.16,42.89,15.034,644
2020-06-27T00:00:00.000Z,17.36,49.39,35.86,28.26,42.47,7.992,492
2020-08-06T00:00:00.000Z,11.58,27.95,14.49,13.25,19.43,4.797,76
2020-08-07T00:00:00.000Z,10.33,121.39,40.59,22.35,59.27,24.099,633
2020-08-08T00:00:00.000Z,19.79,44.02,33.11,26.17,37.04,6.416,619
2020-08-09T00:00:00.000Z,16.36,57.52,44,31.14,51.88,11.391,627
2020-08-10T00:00:00.000Z,13.46,46.8,21.46,17.91,24.86,5.749,629
2020-08-11T00:00:00.000Z,5.58,36.94,20.02,15.07,23.93,6.903,617
2020-08-12T00:00:00.000Z,7.07,51.96,28.25,18.92,34.53,10.992,633
2020-08-13T00:00:00.000Z,14.28,52.59,31.69,25.75,37.54,8.521,603
2020-08-14T00:00:00.000Z,7.69,80.65,16.09,11.07,22.17,9.79,627
2020-08-15T00:00:00.000Z,19.77,64.28,44.62,34.86,56.22,12.318,636
2020-08-16T00:00:00.000Z,20.5,99.91,57.88,37.22,81.55,24.408,621
2020-08-17T00:00:00.000Z,11.49,39.95,25.5,22.75,30,5.526,620
2020-08-18T00:00:00.000Z,7.47,45.44,12.71,11.05,18.76,6.823,573
2020-08-19T00:00:00.000Z,24.95,73.78,39.57,34.97,48.17,11.955,273
2020-08-20T00:00:00.000Z,9.36,53.79,30.07,25.61,38.35,8.379,575
2020-08-21T00:00:00.000Z,9.42,175.42,30.81,19.66,49.55,23.79,412
2020-08-22T00:00:00.000Z,17.19,44.61,30.62,23.41,39.08,8.102,515
2020-08-23T00:00:00.000Z,12.95,34.11,23.38,17.43,29.48,6.184,535
2020-08-24T00:00:00.000Z,2.88,21.42,9.3,7.94,11.55,3.804,477
2020-08-25T00:00:00.000Z,1.97,22.05,7.11,5.16,9.63,4.404,483
2020-08-26T00:00:00.000Z,1.68,19.41,3.68,3.11,5.36,2.704,517
2020-08-27T00:00:00.000Z,2.02,91.48,10.19,5.03,16.86,13.741,553
2020-08-28T00:00:00.000Z,2.76,32.07,7.91,5.05,10.37,4.553,520
2020-08-29T00:00:00.000Z,4.48,16.36,8.69,7.03,12.14,2.794,515
2020-08-30T00:00:00.000Z,4.69,32.29,21.72,15.25,26.41,8,515
2020-08-31T00:00:00.000Z,7.12,37.79,17.57,13.89,24,6.523,501
2020-09-01T00:00:00.000Z,6.73,53.14,12.58,10.61,15.4,9.678,530
2020-09-02T00:00:00.000Z,13,69.51,24.38,17.16,34.47,12.562,519
2020-09-03T00:00:00.000Z,18.2,58.02,24.62,22.51,35.42,8.502,494
2020-09-04T00:00:00.000Z,15.47,95.51,29.75,21.58,44.89,13.968,511
2020-09-05T00:00:00.000Z,13.54,42.76,23.6,21.76,25.26,4.585,498
2020-09-06T00:00:00.000Z,13.84,46.05,34.67,28.37,38.46,8.389,496
2020-09-07T00:00:00.000Z,11.73,17.78,14.24,13.39,15.32,1.258,138
2020-11-04T00:00:00.000Z,12.33,30.91,17.32,15.37,20.07,3.352,114
2020-11-05T00:00:00.000Z,3.77,116.24,9.5,6.4,12.45,9.94,324
2020-11-06T00:00:00.000Z,3.3,33.74,5.55,4.71,11.98,7.11,314
2020-11-07T00:00:00.000Z,3.62,11.32,6.71,5.49,8.92,1.928,346
2020-11-08T00:00:00.000Z,4.95,15.42,7.21,6.52,8.59,2.44,298
2020-11-09T00:00:00.000Z,5.46,19.53,9.64,7.22,11.63,3.066,129
2020-11-10T00:00:00.000Z,4.19,24.18,6.78,5.82,10.98,5.67,82
2020-11-11T00:00:00.000Z,4.68,44.33,8.11,6.6,11.16,9.54,244
2020-11-12T00:00:00.000Z,6.68,34.58,10.62,8.11,13.66,6.661,191
2020-11-13T00:00:00.000Z,7.25,40.32,15.38,11.77,17.98,6.62,136
2020-11-14T00:00:00.000Z,6,14.68,9.49,8,10.82,1.934,299
2020-11-15T00:00:00.000Z,3.42,8.9,6.43,5.81,6.92,0.957,253
2020-11-16T00:00:00.000Z,0.88,24.26,4.13,2.44,7.53,4.424,227
2020-11-17T00:00:00.000Z,4.17,22.1,6.64,5.59,11.53,4.337,201
2020-11-20T00:00:00.000Z,8.18,12.32,9.69,9.22,10.36,0.914,36
2020-11-21T00:00:00.000Z,3.5,11.23,6.91,5.03,7.83,1.71,277
2020-11-22T00:00:00.000Z,2.54,11.56,6.71,5,9.11,2.363,277
2020-11-23T00:00:00.000Z,1.66,17.2,3.49,2.84,6.4,3.466,226
2020-11-24T00:00:00.000Z,0.71,10.92,2.29,1.83,4.61,2.14,239
2020-11-25T00:00:00.000Z,0.97,27.09,3.27,2.47,5.25,4.713,266
2020-11-26T00:00:00.000Z,1.96,21.79,3.62,2.92,9.86,5.171,269
2020-11-27T00:00:00.000Z,2.06,89.82,8.71,4.91,17.84,11.569,242
2020-11-28T00:00:00.000Z,2.48,8.94,5.62,4.24,6.76,1.436,265
2020-11-29T00:00:00.000Z,1.86,7.06,4.09,3.18,5.03,1.165,250
2020-11-30T00:00:00.000Z,0.79,10.54,2.87,2.16,4.95,2.359,238
2020-12-01T00:00:00.000Z,0.78,16.86,4.92,3.12,6.82,2.985,234
2020-12-02T00:00:00.000Z,3.8,24.29,5.63,4.71,12.28,5.632,267
2020-12-03T00:00:00.000Z,0.57,22.05,5.45,4.29,9.5,4.05,229
2020-12-04T00:00:00.000Z,2.16,20.39,5.88,3.23,9.98,4.283,241
2020-12-05T00:00:00.000Z,3.53,1037.11,5.4,4.63,6.51,65.776,245
2020-12-06T00:00:00.000Z,3.83,13.77,8.84,5.98,10.91,2.548,316
2020-12-07T00:00:00.000Z,4.76,10.76,7.02,6.01,8.33,1.357,241
2020-12-08T00:00:00.000Z,5.03,11.36,7.77,7.18,8.44,1.01,226