# Sensor SICAM4_MT EE Diego Portales, Traiguén, Chile (Purple Air/54997)
# https://aqicn.org/station/@122500/
# Daily pm25
date,min,max,median,q1,q3,stdev,count
2020-05-23T00:00:00.000Z,61.48,295.43,122.3,96.06,150.13,47.978,163
2020-05-24T00:00:00.000Z,2.89,345.73,47.05,17.26,127.79,84.857,716
2020-05-25T00:00:00.000Z,10.49,289.86,44.75,29.55,72.16,60.578,718
2020-05-26T00:00:00.000Z,9.44,301.98,39.67,19.38,70.87,60.206,712
2020-05-27T00:00:00.000Z,1.47,906.21,15.51,7.59,63.04,65.598,718
2020-05-28T00:00:00.000Z,3.33,148.19,14.97,9.14,22.3,14.951,679
2020-05-29T00:00:00.000Z,7.05,403.19,67.14,33.78,114.3,78.991,713
2020-05-30T00:00:00.000Z,26.75,436.62,58.28,45.78,114.52,75.59,615
2020-05-31T00:00:00.000Z,10.07,283.24,39.21,31.62,51.77,45.133,716
2020-06-01T00:00:00.000Z,36.93,370.54,152.16,101.53,205.12,69.064,653
2020-06-02T00:00:00.000Z,6.34,627.73,47.18,30.58,119.33,87.017,707
2020-06-03T00:00:00.000Z,6.45,601.1,36.04,25.18,75.41,99.852,711
2020-06-04T00:00:00.000Z,4.51,1209.73,56.56,28.88,128.86,92.272,705
2020-06-05T00:00:00.000Z,15.74,470.66,103.74,57.64,215.11,112.809,710
2020-06-06T00:00:00.000Z,20.91,567.79,65.54,39,212.21,118.912,711
2020-06-07T00:00:00.000Z,30.5,309.69,57.6,43.18,95.43,58.463,707
2020-06-08T00:00:00.000Z,2.59,312.8,38.6,11.62,73.36,58.748,706
2020-06-09T00:00:00.000Z,5.88,293.3,37.95,26.4,49.71,39.783,702
2020-06-10T00:00:00.000Z,3.43,128.07,20.29,7.92,41.71,17.655,598
2020-06-11T00:00:00.000Z,5.7,138.63,23.26,11.99,47.29,26.008,637
2020-06-12T00:00:00.000Z,2.25,546.74,58.09,40.61,85.27,69.248,715
2020-06-13T00:00:00.000Z,2.81,446.15,150.07,73.54,207.24,88.919,718
2020-06-14T00:00:00.000Z,7.23,406.26,86.88,36.34,172.55,89.637,715
2020-06-15T00:00:00.000Z,17.42,507.82,157.53,36.86,323.57,147.832,663
2020-06-16T00:00:00.000Z,2.98,303.75,30.31,17.34,42.1,32.795,705
2020-06-17T00:00:00.000Z,7.19,314.29,75.44,47.83,113.2,50.825,716
2020-06-18T00:00:00.000Z,0.79,192.02,23.02,5.91,51.43,34.676,563
2020-06-19T00:00:00.000Z,5.73,251.77,42.89,33.74,52.94,26.042,718
2020-06-20T00:00:00.000Z,3.47,232.69,24.7,14.91,49.05,33.113,720
2020-06-21T00:00:00.000Z,20.64,625.7,153.13,89.86,214.28,98.749,717
2020-06-22T00:00:00.000Z,0.44,274,27.85,9.63,40.65,41.218,718
2020-06-23T00:00:00.000Z,3.22,485.41,51.31,36.54,96.09,82.948,659
2020-06-24T00:00:00.000Z,1.74,312.27,37.29,23.26,69.2,56.169,643
2020-06-25T00:00:00.000Z,18.72,339.76,48.36,37.69,82.6,56.454,665
2020-06-26T00:00:00.000Z,3.21,412.95,39.61,29.61,158.79,93.782,648
2020-06-27T00:00:00.000Z,12.61,378.77,33.61,24.83,42.82,52.898,601
2020-06-28T00:00:00.000Z,5.68,315.07,29.02,17.87,37.32,42.632,572
2020-06-29T00:00:00.000Z,1.73,167.3,25.63,12.7,46.66,27.962,550
2020-06-30T00:00:00.000Z,4.98,282.37,28.88,20.39,39.11,40.135,551
2020-07-01T00:00:00.000Z,0.91,396.85,16.97,7.85,31.29,23.854,492
2020-07-08T00:00:00.000Z,14.71,306.55,53.33,36.77,90.85,49.537,164
2020-07-09T00:00:00.000Z,5.69,326.83,26.76,16.16,40.97,44.232,572
2020-07-10T00:00:00.000Z,0.24,274.8,31.91,17.29,50.67,51.15,559
2020-07-11T00:00:00.000Z,6.59,233.49,40.54,24.84,58.27,40.363,567
2020-07-12T00:00:00.000Z,6.46,334.33,45.31,30.11,77.66,39.011,564
2020-07-13T00:00:00.000Z,3.61,288.95,26.23,13,44.47,34.393,557
2020-07-14T00:00:00.000Z,19.87,357.02,142.96,98.51,197.72,69.263,553
2020-07-15T00:00:00.000Z,36.29,520.73,227.51,110.68,283.85,108.139,515
2020-07-30T00:00:00.000Z,31.36,70.34,42.28,38.95,47.11,7.008,90
2020-07-31T00:00:00.000Z,15.54,547.82,63.96,42.39,149.02,104.713,507
2020-08-01T00:00:00.000Z,18.69,437.1,52.75,33.95,138.15,82.822,499
2020-08-02T00:00:00.000Z,54.87,750.7,335.95,149.06,589.04,214.132,116
2020-08-06T00:00:00.000Z,5.2,60.57,26.42,20.93,33.07,9.571,168
2020-08-07T00:00:00.000Z,4.12,394.82,34.58,16.42,76.09,70.046,629
2020-08-08T00:00:00.000Z,4.63,504.2,180.68,44.16,235.5,110.857,613
2020-08-09T00:00:00.000Z,7.83,483.25,48.89,33.35,142.91,74.69,627
2020-08-10T00:00:00.000Z,1.46,372.86,37.95,19.36,70.44,75.911,631
2020-08-11T00:00:00.000Z,7.36,587.66,105.8,33.42,169.67,90.376,605
2020-08-12T00:00:00.000Z,7.46,295.29,54.32,42.86,85.25,55.525,614
2020-08-13T00:00:00.000Z,9.81,309.22,49.14,42.52,67.84,61.187,600
2020-08-14T00:00:00.000Z,1.13,344.34,42.79,21.25,71.84,63.776,626
2020-08-15T00:00:00.000Z,0.96,439.22,42.03,21.76,73.34,67.365,641
2020-08-16T00:00:00.000Z,9.34,553.51,96.89,41.89,167.07,75.647,626
2020-08-17T00:00:00.000Z,0.12,435.09,24.93,6.07,45.88,42.418,606
2020-08-18T00:00:00.000Z,0,454.62,37.25,19.5,53.69,52.87,624
2020-08-19T00:00:00.000Z,2.14,545.87,40.67,23.84,134.33,115.585,582
2020-08-20T00:00:00.000Z,2.96,166.38,9.49,6.02,16.12,14.23,580
2020-08-21T00:00:00.000Z,6.41,418.92,27.79,14.51,50.51,58.185,584
2020-08-22T00:00:00.000Z,15.53,425.84,50.83,37.28,92.91,61.605,520
2020-08-23T00:00:00.000Z,22.77,436.72,43.83,35.45,158.68,98.19,531
2020-08-24T00:00:00.000Z,14.43,168.56,27.61,22.96,33.42,12.489,475
2020-08-25T00:00:00.000Z,0.7,53.43,11.66,5.09,20.3,11.595,481
2020-08-26T00:00:00.000Z,0.86,77.55,14.17,4.19,23.64,12.204,511
2020-08-27T00:00:00.000Z,7.39,229.79,22.31,14.4,36.04,27.213,551
2020-08-28T00:00:00.000Z,3.04,255.23,25.21,13.39,42.69,44.328,515
2020-08-29T00:00:00.000Z,2.62,331.43,40.97,18.44,121.77,78.384,507
2020-08-30T00:00:00.000Z,0.89,310.95,23.16,10.43,95.55,56.42,510
2020-08-31T00:00:00.000Z,2.78,449.39,15.66,9.33,40.84,54.472,502
2020-09-01T00:00:00.000Z,8.43,405.83,116.55,48.08,177.98,85.088,534
2020-09-02T00:00:00.000Z,8.83,242.47,49.09,39.68,64.59,27.136,515
2020-09-03T00:00:00.000Z,10.89,384.66,40.13,30.29,61.43,44.684,490
2020-09-04T00:00:00.000Z,15.41,400.18,97.2,59.38,145.61,74.218,458
2020-09-05T00:00:00.000Z,11.09,378.1,143.62,50.75,200.53,83.975,499
2020-09-06T00:00:00.000Z,14.47,513,45.96,33.15,86.1,59.03,500
2020-09-07T00:00:00.000Z,24.62,345.52,69.88,49.81,108.18,47.93,474
2020-09-08T00:00:00.000Z,10.77,298.72,33.97,21.16,51.55,51.597,412
2020-09-09T00:00:00.000Z,7.82,749.51,45.39,30.09,67.03,48.047,381
2020-09-10T00:00:00.000Z,5.05,107.84,24.71,13.33,41.12,18.798,398
2020-09-11T00:00:00.000Z,4.58,289.04,60.56,26.89,121.89,64.95,334
2020-09-12T00:00:00.000Z,4.91,500.92,39.68,23.64,100.29,85.543,317
2020-09-13T00:00:00.000Z,0.84,433.19,57.39,12.88,117.44,80.78,385
2020-09-14T00:00:00.000Z,3.39,98.05,7.91,5.78,14.09,11.468,341
2020-09-15T00:00:00.000Z,0.15,134.09,11.05,3.65,27.79,18.292,340
2020-09-16T00:00:00.000Z,0.12,150.68,23.51,7.62,41.24,27.995,439
2020-09-17T00:00:00.000Z,0.68,346.5,16.03,8.3,30.58,48.971,353
2020-09-18T00:00:00.000Z,0.3,128.35,9.78,5.25,23.66,17.44,367
2020-09-19T00:00:00.000Z,1.09,87.69,5.17,3.42,8.36,8.627,422
2020-09-20T00:00:00.000Z,2.39,132.26,7.98,5.05,14.51,13.864,421
2020-09-21T00:00:00.000Z,3.15,306.05,37.72,14.11,66.98,56.618,417
2020-09-22T00:00:00.000Z,0.32,153.44,11.35,5.93,20.84,17.192,429
2020-09-23T00:00:00.000Z,4.5,222.48,25.2,14.19,43.59,34.833,440
2020-09-24T00:00:00.000Z,9.66,361.33,37.82,21.31,60.54,44.822,468
2020-09-25T00:00:00.000Z,21.74,249.11,49.72,44.23,70.11,36.071,492
2020-09-26T00:00:00.000Z,12.81,170.9,45.51,36.65,56.66,22.526,504
2020-09-27T00:00:00.000Z,10.8,331.2,39.46,25.49,99.27,74.418,504
2020-09-28T00:00:00.000Z,6.49,184.1,24.78,14.53,41.73,31.728,458
2020-09-29T00:00:00.000Z,1.82,52.68,14.6,9.65,20.82,8.779,461
2020-09-30T00:00:00.000Z,2.76,121.67,26.64,15.37,35.33,16.84,400
2020-10-01T00:00:00.000Z,0.59,263.32,56.22,29.46,81.56,38.172,323
2020-10-02T00:00:00.000Z,1.84,165.82,10.09,5.35,22.1,24.642,286
2020-10-03T00:00:00.000Z,4.48,174.96,49.39,32.95,81.45,37.09,283
2020-10-04T00:00:00.000Z,2.04,320.67,39.94,15.46,62.91,46.838,303
2020-10-05T00:00:00.000Z,2,83.21,7.73,4.75,15.91,11.452,314
2020-10-06T00:00:00.000Z,1.38,193.89,43.78,14.04,58.59,36.165,340
2020-10-07T00:00:00.000Z,1.09,296.92,60.66,15.56,89.25,48.777,341
2020-10-08T00:00:00.000Z,1.84,301.8,41.1,16.34,60.57,46.597,319
2020-10-09T00:00:00.000Z,1.15,179.14,37.81,8.11,55.57,31.777,367
2020-10-10T00:00:00.000Z,0.95,280.31,17.04,7.32,27.61,18,410
2020-10-11T00:00:00.000Z,1.93,98.37,7.44,5.32,12,9.806,412
2020-10-12T00:00:00.000Z,1.95,154.56,8.49,5.93,17.26,15.416,382
2020-10-13T00:00:00.000Z,1.56,85.28,8.93,4.29,18.89,13.642,406
2020-10-14T00:00:00.000Z,2.23,99.81,6.96,5.11,10.29,11.131,415
2020-10-15T00:00:00.000Z,2.93,169.83,12.67,9.28,27.46,21.503,403
2020-10-16T00:00:00.000Z,4.73,158.02,15.79,9.9,34.53,17.742,409
2020-10-17T00:00:00.000Z,7,61.88,24.15,19.42,29.16,8.825,424
2020-10-18T00:00:00.000Z,0.88,94.11,24.85,8.91,39.89,18.225,412
2020-10-19T00:00:00.000Z,1.02,147.38,24.44,4.63,38.7,21.049,408
2020-10-20T00:00:00.000Z,2.33,95.6,9.75,5.63,24.72,16.492,402
2020-10-21T00:00:00.000Z,1.83,156.44,14.09,4.97,31.85,23.064,397
2020-10-22T00:00:00.000Z,2.56,93.45,9.41,6.38,23.66,16.076,405
2020-10-23T00:00:00.000Z,1.26,187.23,10.74,6.54,20.18,25.962,366
2020-10-24T00:00:00.000Z,2.21,145.47,37.99,26.07,46.3,20.545,394
2020-10-25T00:00:00.000Z,0.61,255.98,44.27,8.93,63.82,43.916,489
2020-10-26T00:00:00.000Z,1.34,256.55,25.52,14.96,47.92,37.529,461
2020-10-27T00:00:00.000Z,0,451.12,22.44,12.02,34.97,30.981,402
2020-10-28T00:00:00.000Z,1,109.21,15.97,7.04,28.93,17.901,413
2020-10-29T00:00:00.000Z,1.44,73.89,5.6,4.13,8.21,7.143,428
2020-10-30T00:00:00.000Z,1.4,175.75,8.01,5.2,12.89,19.499,412
2020-10-31T00:00:00.000Z,2.44,78.22,9.71,6.28,18.84,11.921,410
2020-11-01T00:00:00.000Z,3.79,123.27,12.1,8.93,20.79,14.416,456
2020-11-02T00:00:00.000Z,4.7,77.19,11.23,8.5,15.91,8.229,437
2020-11-03T00:00:00.000Z,4.95,78.55,14.09,9.63,20.05,11.579,426
2020-11-04T00:00:00.000Z,0.36,172.82,11.26,4.29,17.48,14.159,324
2020-11-05T00:00:00.000Z,1.33,174.04,9.59,4.79,31.41,27.36,319
2020-11-06T00:00:00.000Z,1.73,50.65,4.08,3.09,6.38,6.806,310
2020-11-07T00:00:00.000Z,2.02,76.27,6.26,4.22,10.73,10.907,369
2020-11-08T00:00:00.000Z,3.52,120.14,9.07,6.19,14.68,11.126,304
2020-11-09T00:00:00.000Z,2.91,68.25,8.78,6.46,12.79,10.274,248
2020-11-10T00:00:00.000Z,6.55,94.94,10.97,9.33,14.98,10.925,295
2020-11-11T00:00:00.000Z,1.43,103.37,9.64,7.4,13.24,10.249,313
2020-11-12T00:00:00.000Z,0.09,138.25,6.59,2.88,16.78,17.116,298
2020-11-13T00:00:00.000Z,1.52,129.05,7.65,4.55,15.55,18.692,248
2020-11-14T00:00:00.000Z,1.02,208.85,8.26,4.72,18.54,25.94,283
2020-11-15T00:00:00.000Z,0.56,211.03,3.38,2.06,5.64,14.507,257
2020-11-16T00:00:00.000Z,0.7,59.07,4.96,3.03,11.15,9.482,247
2020-11-17T00:00:00.000Z,1.53,219.05,4.41,3.18,7.04,16.3,235
2020-11-20T00:00:00.000Z,12.02,81.73,20.39,15.83,25.24,13.432,36
2020-11-21T00:00:00.000Z,3.78,128.46,12.42,8.96,20.7,12.094,274
2020-11-22T00:00:00.000Z,1.02,286.66,11.21,4.38,22.1,31.886,264
2020-11-23T00:00:00.000Z,0.59,65.52,7.07,4.13,14.26,10.349,243
2020-11-24T00:00:00.000Z,1.2,53.29,7.47,4.76,15.14,9.988,267
2020-11-25T00:00:00.000Z,0.86,180.34,8.15,5.27,11.63,15.987,235
2020-11-26T00:00:00.000Z,0.56,168.74,5.49,3.11,14.1,24.42,246
2020-11-27T00:00:00.000Z,1.97,148.72,5.98,4.01,11.01,15.107,245
2020-11-28T00:00:00.000Z,1.95,238.75,9.89,5.9,19.7,24.399,265
2020-11-29T00:00:00.000Z,0.14,44.68,2.42,1.61,7.56,7.189,254
2020-11-30T00:00:00.000Z,0.31,37.18,3.29,2.29,7.24,4.771,252
2020-12-01T00:00:00.000Z,0.41,83.19,3.67,2.36,6.91,7.629,230
2020-12-02T00:00:00.000Z,0.49,115.47,4.23,2.04,11.56,13.255,264
2020-12-03T00:00:00.000Z,1.12,57.37,2.78,2.04,5.11,9.533,144
2021-04-19T00:00:00.000Z,9.6,48.7,23.05,17.25,29.8,8.861,124
2021-04-20T00:00:00.000Z,4.8,106.3,15.55,10.7,29,17.487,392
2021-04-21T00:00:00.000Z,0,159.2,20,5.6,37.9,25.912,377
2021-04-22T00:00:00.000Z,1.6,237.3,10.19,5.55,18.45,26.226,377
2021-04-23T00:00:00.000Z,3.6,222.8,37.5,16.6,62.7,38.763,387
2021-04-24T00:00:00.000Z,3.2,205.4,10.5,7,17.7,28.067,394
2021-04-25T00:00:00.000Z,2.2,134.1,17.89,8.8,36.5,26.289,343
2021-04-26T00:00:00.000Z,0,67,7,3.4,10.7,8.508,387
2021-04-27T00:00:00.000Z,2.9,280.9,26.1,15.5,48.8,32.572,410
2021-04-28T00:00:00.000Z,2.3,343.5,42.5,14,59.7,47.205,406
2021-04-29T00:00:00.000Z,8.9,215.4,35.8,23.3,54.7,28.351,399
2021-04-30T00:00:00.000Z,28.9,361,45.3,38.1,122.6,71.98,386
2021-05-01T00:00:00.000Z,3.5,49,12,6.6,19.2,9.64,407
2021-05-02T00:00:00.000Z,3.8,137.6,27,18.4,37.6,20.456,399
2021-05-03T00:00:00.000Z,0.5,240.3,21.2,9.6,38.5,35.78,390
2021-05-04T00:00:00.000Z,2.8,363,33.45,18.05,55.55,40.305,388
2021-05-05T00:00:00.000Z,11.9,400.2,66.9,38.79,141.3,69.964,389
2021-05-06T00:00:00.000Z,4,386.4,113.2,36.04,193.15,95.541,369
2021-05-07T00:00:00.000Z,40.5,431.7,101.3,62.1,159.25,73.284,389
2021-05-08T00:00:00.000Z,22,361.8,66,48.55,120.8,60.387,396
2021-05-09T00:00:00.000Z,1.3,317.9,8.1,3.6,39.9,46.992,387
2021-05-10T00:00:00.000Z,3.2,189.7,12.45,7.4,29,24.273,398
2021-05-11T00:00:00.000Z,6.1,244.7,54.5,35.4,89.45,47.006,388
2021-05-12T00:00:00.000Z,7.6,525.7,53.35,33.7,114.7,92.031,398
2021-05-13T00:00:00.000Z,5.2,428,80.5,40.9,127.15,89.427,384
2021-05-14T00:00:00.000Z,10.1,338.8,84.2,42.75,124.1,55.751,389
2021-05-15T00:00:00.000Z,3.3,275.8,37.7,15,60.6,42.567,391
2021-05-16T00:00:00.000Z,12.5,328.4,35.29,23.8,57.3,55.347,412
2021-05-17T00:00:00.000Z,30.4,418.5,115.9,68.1,178.3,77.795,381
2021-05-18T00:00:00.000Z,35.8,305.3,108.55,58.1,154.6,61.858,390
2021-05-19T00:00:00.000Z,4.3,64.5,18.64,12.8,27.9,11.839,382
2021-05-20T00:00:00.000Z,3.8,213.7,33.2,15.9,55.1,34.237,407
2021-05-21T00:00:00.000Z,11.9,358.2,53.05,32.9,110,62.87,386
2021-05-22T00:00:00.000Z,2.4,182.5,39.04,24.9,53.2,26.809,372
2021-05-23T00:00:00.000Z,4.6,463.1,79.3,42.8,189.1,105.163,387
2021-05-24T00:00:00.000Z,9,268.3,49.9,29.35,90,56.831,401
2021-05-25T00:00:00.000Z,3.3,163.5,43.4,23.9,70.8,31.597,418
2021-05-26T00:00:00.000Z,4.9,231.6,38.1,26.6,49.7,38.793,397
2021-05-27T00:00:00.000Z,10.8,137.4,39.6,28.55,51.9,20.366,388
2021-05-28T00:00:00.000Z,3.2,128.6,28.05,16.3,43.2,22.711,404
2021-05-29T00:00:00.000Z,2.3,360.1,55.65,32.95,82.7,40.48,392
2021-05-30T00:00:00.000Z,10.8,347.9,127,48.95,163.25,74.735,401
2021-05-31T00:00:00.000Z,3.2,120.6,29.6,13,38.2,19.171,384
2021-06-01T00:00:00.000Z,1.8,119,28.8,16.2,41.2,18.465,409
2021-06-02T00:00:00.000Z,2.1,250.6,41.4,32.29,52.3,35.465,399
2021-06-03T00:00:00.000Z,10.5,154.3,28.8,17.25,39.85,24.066,412
2021-06-04T00:00:00.000Z,2.3,225.6,56.4,35.04,80.95,41.451,400
2021-06-05T00:00:00.000Z,2.3,341,84.3,45,138,66.441,406
2021-06-06T00:00:00.000Z,4.9,329.6,38.04,21.8,61.8,45.819,414
2021-06-07T00:00:00.000Z,12.3,433.3,76.9,44.6,129.5,78.369,462
2021-06-08T00:00:00.000Z,7.5,57.1,25.3,15.75,36.04,13.236,268
2021-06-09T00:00:00.000Z,8.6,130.9,26.1,19.89,36.7,16.608,171
2021-06-10T00:00:00.000Z,4.2,540.2,70.1,46.95,135.75,102.348,425
2021-06-11T00:00:00.000Z,5.3,421.7,51.1,33.79,103.4,70.364,530
2021-06-12T00:00:00.000Z,1.7,521.2,57.2,19.7,185,106.888,599
2021-06-13T00:00:00.000Z,0,141.6,31.4,22.3,43.7,19.104,579
2021-06-14T00:00:00.000Z,1.3,82.1,13.1,6.5,22.4,11.959,595
2021-06-15T00:00:00.000Z,1,364.1,52.1,17.1,111.4,80.353,590
2021-06-16T00:00:00.000Z,14.9,420.1,120.4,60.35,199.85,84.437,596
2021-06-17T00:00:00.000Z,4.9,427.1,94.3,45.65,186.9,97.475,601
2021-06-18T00:00:00.000Z,20,452.7,154.5,106.3,213,84.403,602
2021-06-19T00:00:00.000Z,9,394.8,109.95,51.55,180.65,82.554,596
2021-06-20T00:00:00.000Z,30,462,162.05,55.2,223.3,89.911,582
2021-06-21T00:00:00.000Z,19.2,117.2,38.04,30.95,46.9,15.689,600
2021-06-22T00:00:00.000Z,7.1,151.2,34.79,23.6,53.25,23.169,593
2021-06-23T00:00:00.000Z,0,159.4,18.89,7.8,36.65,21.84,601
2021-06-24T00:00:00.000Z,1.7,146.5,17.45,9.9,32.79,18.469,594
2021-06-25T00:00:00.000Z,0.2,318.5,50.7,27.65,103.05,66.066,585
2021-06-26T00:00:00.000Z,3.1,576.3,130.1,50.5,194.35,107.93,593
2021-06-27T00:00:00.000Z,11.1,429.1,45.7,29.35,60.1,62.853,581
2021-06-28T00:00:00.000Z,61.6,554.6,236.35,155.4,309.25,109.38,572
2021-06-29T00:00:00.000Z,26.9,551,285.8,226.2,349.2,115.498,594
2021-06-30T00:00:00.000Z,30.5,488.1,96.1,59.9,250.65,112.711,601
2021-07-01T00:00:00.000Z,4,443.6,66.8,50.75,165.2,97.622,580
2021-07-02T00:00:00.000Z,9.6,523.6,94.6,54.55,154.15,76.172,589
2021-07-03T00:00:00.000Z,1.2,427.3,105.9,43,202.3,103.358,607
2021-07-04T00:00:00.000Z,4,531.6,53.3,37.5,80.5,72.687,609
2021-07-05T00:00:00.000Z,11.8,337.2,50.4,32.5,76.45,53.917,597
2021-07-06T00:00:00.000Z,14.7,267.9,33.79,27.8,43,34.607,587
2021-07-07T00:00:00.000Z,10.3,245.5,37.45,32.4,44.7,25.313,608
2021-07-08T00:00:00.000Z,19.1,305.1,57.9,42.6,88.3,54.564,570
2021-07-09T00:00:00.000Z,1.4,374.4,40.85,23.2,56,44.847,590
2021-07-10T00:00:00.000Z,3.2,400.4,53.35,32.8,123.2,84.254,586
2021-07-11T00:00:00.000Z,1.4,550.8,30.1,14.4,75.4,97.835,607
2021-07-12T00:00:00.000Z,4.9,422.3,132.94,41.6,222.55,107.542,584
2021-07-13T00:00:00.000Z,7.9,373.8,47.65,34.1,63.4,61.837,588
2021-07-14T00:00:00.000Z,6.2,418.9,45.5,28.5,67,50.484,599
2021-07-15T00:00:00.000Z,7.3,307,105.7,59.2,160.4,67.055,593
2021-07-16T00:00:00.000Z,1.4,359.9,53.85,29.1,100.75,72.948,604
2021-07-17T00:00:00.000Z,4.9,560.2,110.4,49.55,194.9,104.854,593
2021-07-18T00:00:00.000Z,3.7,429.2,59.9,38.54,85.95,62.293,573
2021-07-19T00:00:00.000Z,4,493.4,69.3,43.1,157.8,110.649,589
2021-07-20T00:00:00.000Z,8.2,467.1,45,35.7,60.5,73.983,599
2021-07-21T00:00:00.000Z,15.1,168.7,43.55,33.4,57.6,21.128,578
2021-07-22T00:00:00.000Z,8.8,225.8,41.35,29.7,54.4,28.224,578
2021-07-23T00:00:00.000Z,9.4,257.4,47.7,37.35,88.95,50.254,581
2021-07-24T00:00:00.000Z,10.8,448.5,60.4,46.6,121.2,58.142,563
2021-07-25T00:00:00.000Z,3.2,174.7,23.2,11.7,44.9,30.906,562
2021-07-26T00:00:00.000Z,1,360.9,39.9,26.2,56.9,41.448,534
2021-07-27T00:00:00.000Z,2,592.6,23.75,8.5,47.8,161.474,580
2021-07-28T00:00:00.000Z,7.4,551.2,42,23.35,72.05,72.299,569
2021-07-29T00:00:00.000Z,6,462.5,61,39.79,130.6,90.672,553
2021-07-30T00:00:00.000Z,2.3,295,82.25,50.5,126.4,61.095,564
2021-07-31T00:00:00.000Z,4.8,142.7,28.9,14,44.95,22.456,577
2021-08-01T00:00:00.000Z,2.9,453.1,68.4,20.5,132.6,91.274,583
2021-08-02T00:00:00.000Z,6.2,217.9,36.2,22.3,51.2,36.483,583
2021-08-03T00:00:00.000Z,3.2,200.6,29,15.3,41.3,24.787,567
2021-08-04T00:00:00.000Z,19.8,308.8,64.55,48.1,96.5,44.173,548
2021-08-05T00:00:00.000Z,22.5,414.1,40.5,33.25,49.2,46.44,572
2021-08-06T00:00:00.000Z,1.7,172.3,49.6,44.05,55.35,22.24,525
2021-08-07T00:00:00.000Z,1.9,188,19,9,42.95,34.347,517
2021-08-08T00:00:00.000Z,1,219.2,20,6.2,34.65,29.969,529
2021-08-09T00:00:00.000Z,8.6,380.1,53,34.65,91.35,63.225,544
2021-08-10T00:00:00.000Z,6.4,196.1,32.9,20.8,43.5,19.268,526
2021-08-11T00:00:00.000Z,5.3,433.4,47.6,26.5,73.7,62.213,554
2021-08-12T00:00:00.000Z,3.5,430,90.3,50,157.19,89.04,543
2021-08-13T00:00:00.000Z,27.4,381.6,110.5,70.4,160.19,70.207,543
2021-08-14T00:00:00.000Z,32.5,306.1,58.75,51.8,79.2,31.75,526
2021-08-15T00:00:00.000Z,34.4,446.6,51,47.4,111.2,80.053,535
2021-08-16T00:00:00.000Z,2,191.5,85.15,18.3,104.7,47.694,414
2021-08-17T00:00:00.000Z,69,397.3,92.95,84.45,106.45,59.688,564
2021-08-18T00:00:00.000Z,56.7,211.4,87.4,74.7,105,24.267,537
2021-08-19T00:00:00.000Z,56.8,453.1,113.8,82.85,165,65.485,533
2021-08-20T00:00:00.000Z,52.8,263.3,122.15,108.4,140.69,29.008,552
2021-08-21T00:00:00.000Z,63.9,208.5,98.2,84.7,115.55,25.994,224
2021-08-22T00:00:00.000Z,72.4,432.6,132.8,113.2,162.15,57.074,525
2021-08-23T00:00:00.000Z,85.1,566.2,136.4,121,174.35,65.777,524
2021-08-24T00:00:00.000Z,79.4,677.9,156.35,123,205.2,95.682,546
2021-08-25T00:00:00.000Z,87.4,620,140.4,128.1,157.4,86.426,539
2021-08-26T00:00:00.000Z,48,648.1,128,115.6,147.8,51.245,510
2021-08-27T00:00:00.000Z,5.3,563,138.5,32.2,237.5,115.036,532
2021-08-28T00:00:00.000Z,0.3,26.5,7.5,3.5,12.9,6.234,475
2021-08-29T00:00:00.000Z,1.2,162.4,21.5,9.55,42.15,33.407,493
2021-08-30T00:00:00.000Z,0.7,50.6,8.4,4.8,13.1,7.07,509
2021-08-31T00:00:00.000Z,2.8,134.1,13.9,7,25.5,21.581,530
2021-09-01T00:00:00.000Z,1.6,168.7,30.6,13.7,55.4,32.046,542
2021-09-02T00:00:00.000Z,1.2,89.2,24.2,9.3,34.6,16.712,535
2021-09-03T00:00:00.000Z,4.6,174.5,23.25,16.6,29.5,20.448,546
2021-09-04T00:00:00.000Z,4.7,100.4,12.2,8.2,26.95,17.538,533
2021-09-05T00:00:00.000Z,2.5,95.8,11.8,7.2,24.65,14.639,432
2021-09-06T00:00:00.000Z,2.7,277.3,17.7,10.25,34.29,37.166,468
2021-09-07T00:00:00.000Z,1.7,309.6,16.7,10.1,27.2,48.631,458
2021-09-08T00:00:00.000Z,2.2,382.4,22.9,12.9,34,43.699,591
2021-09-09T00:00:00.000Z,2.1,110.3,12.8,6.4,25.3,15.616,583
2021-09-10T00:00:00.000Z,1.8,287.8,17.55,9.8,26.7,30.886,590
2021-09-11T00:00:00.000Z,4.4,319.8,22.75,12,58,65.884,518
2021-09-12T00:00:00.000Z,13.8,126.9,35.1,26.05,71.15,33.94,60
2021-09-13T00:00:00.000Z,0.1,112.4,14.9,8.5,24.55,19.192,573
2021-09-14T00:00:00.000Z,6.3,420.1,125.4,99.5,169.95,70.284,617
2021-09-15T00:00:00.000Z,79.7,478.8,126.6,106.8,155.35,51.384,621
2021-09-16T00:00:00.000Z,75.8,360.1,116.6,97.1,151.1,50.914,623
2021-09-17T00:00:00.000Z,73.8,314.8,96.3,88.25,111.1,33.956,621
2021-09-18T00:00:00.000Z,77.1,335.9,113.45,96.1,153.3,42.488,638
2021-09-19T00:00:00.000Z,77.4,944.9,106.7,94.9,128,152.9,595
2021-09-20T00:00:00.000Z,72.6,394.5,99.9,89.65,111.15,37.689,620
2021-09-21T00:00:00.000Z,78.5,498.4,112.35,103.7,139.3,58.726,610
2021-09-22T00:00:00.000Z,92.3,469.8,119.3,108.8,134.1,35.477,599
2021-09-23T00:00:00.000Z,91.2,400.5,117.15,103.5,135.05,31.177,608
2021-09-24T00:00:00.000Z,77.2,234.2,109.05,99.7,134.69,27.087,614
2021-09-25T00:00:00.000Z,85.2,234.5,111.7,101.65,128.55,26.063,604
2021-09-26T00:00:00.000Z,72.5,443.6,112.2,94.8,173.25,52.024,597
2021-09-27T00:00:00.000Z,83.6,406.6,134.8,101.85,172,55.441,484
2021-09-29T00:00:00.000Z,88.4,191.6,119.1,107.45,142.15,23.512,97
2021-09-30T00:00:00.000Z,76.8,252.8,104.2,94.7,116.3,21.114,579
2021-10-01T00:00:00.000Z,76,345.1,105.5,95.5,124.6,29.825,614
2021-10-02T00:00:00.000Z,71.3,267.4,108.1,92.6,125.7,30.271,603
2021-10-03T00:00:00.000Z,62.8,406.6,100.55,87,127.2,40.995,600
2021-10-04T00:00:00.000Z,69.7,293.9,147.9,98.4,161.9,35.435,607
2021-10-05T00:00:00.000Z,70.2,203.7,150.6,119.2,162.4,28.894,599
2021-10-06T00:00:00.000Z,53.5,231.4,112.9,83.9,145.3,40.415,587
2021-10-07T00:00:00.000Z,4.4,303.5,143.3,121.15,157,31.138,608
2021-10-08T00:00:00.000Z,81.5,331.1,132.1,121.2,181.25,38.329,605
2021-10-09T00:00:00.000Z,88.8,224.4,179.05,114.35,194.2,40.429,608
2021-10-10T00:00:00.000Z,82.9,219.5,117.4,108.4,130,26.317,611
2021-10-11T00:00:00.000Z,77.6,211.5,124.55,101.5,169.1,35.43,602
2021-10-12T00:00:00.000Z,69.5,246.2,110.2,97.8,134.3,29.031,597
2021-10-13T00:00:00.000Z,13.6,273.6,107.3,28.1,129.5,57.829,419
2021-10-19T00:00:00.000Z,3.3,7.1,4.5,4,5.2,0.767,126
2021-10-20T00:00:00.000Z,0.6,67.9,15.4,4.6,32.9,14.969,595
2021-10-21T00:00:00.000Z,0.2,207.3,16.39,3.6,37.54,21.596,589
2021-10-22T00:00:00.000Z,0.2,184.3,18.2,8.5,33.1,28.306,606
2021-10-23T00:00:00.000Z,0.8,117.7,15.4,7.3,33,18.135,619
2021-10-24T00:00:00.000Z,0.5,169.6,39.04,9.8,59.8,29.893,614
2021-10-25T00:00:00.000Z,0.8,208,9.4,5.3,17.39,15.916,615
2021-10-26T00:00:00.000Z,0.4,139.1,7.8,2.9,20.3,16.315,586
2021-10-27T00:00:00.000Z,0.7,113.7,6.55,2.3,13.7,11.251,582
2021-10-28T00:00:00.000Z,1.5,279.1,8.3,4.2,14.7,35.893,605
2021-10-29T00:00:00.000Z,0.3,84.2,9.3,4.8,20.3,13.191,606
2021-10-30T00:00:00.000Z,0.7,69.4,4.4,2.3,8.5,8.193,561
2021-10-31T00:00:00.000Z,1.8,135.6,10.3,5.7,34.45,20.967,604
2021-11-01T00:00:00.000Z,5.3,136.7,11,8.3,16.05,11.481,604
2021-11-02T00:00:00.000Z,0.4,100.6,6.05,4.2,11,12.737,582
2021-11-03T00:00:00.000Z,4.6,89.7,19.5,12.1,27.7,12.564,592
2021-11-04T00:00:00.000Z,0.1,107.8,12.5,2.7,22.5,18.975,591
2021-11-05T00:00:00.000Z,0.4,56.7,2.4,1.7,4.09,8.565,554
2021-11-06T00:00:00.000Z,2.6,55.9,7.5,5.2,13.6,8.878,570
2021-11-07T00:00:00.000Z,0.2,100.8,4,2.3,11,12.554,551
2021-11-08T00:00:00.000Z,1.1,88.8,3.8,2.9,8,10.019,467
2021-11-09T00:00:00.000Z,1.8,121.5,7,4.2,10.7,10.775,584
2021-11-10T00:00:00.000Z,1.4,128.2,8.55,3.7,14.6,12.399,554
2021-11-11T00:00:00.000Z,1,53,9.3,2.6,17.3,10.222,474
2021-11-12T00:00:00.000Z,2.6,136.4,11.2,7.7,15.8,9.861,567
2021-11-13T00:00:00.000Z,0,83.6,7.7,3.9,14,10.761,587
2021-11-14T00:00:00.000Z,0.7,190,18.8,8.35,33.6,19.996,588
2021-11-15T00:00:00.000Z,0,199.5,5.2,1.65,14.35,14.878,572
2021-11-16T00:00:00.000Z,0,42.5,2.4,1.5,4.3,6.602,558
2021-11-17T00:00:00.000Z,0,179.5,3.2,1.8,8.6,24.928,561
2021-11-18T00:00:00.000Z,0,47,3.5,2,5.4,4.729,555
2021-11-19T00:00:00.000Z,1.4,51.2,3.3,2.5,4.59,6.429,570
2021-11-20T00:00:00.000Z,0.5,86.4,4.8,2.6,8.19,8.573,580
2021-11-21T00:00:00.000Z,0,62.2,5.4,2.8,11.4,10.726,579
2021-11-22T00:00:00.000Z,0,32.9,1.7,1,3.3,4.73,492
2021-11-23T00:00:00.000Z,0.4,51.3,2.29,1.7,3.7,4.567,549
2021-11-24T00:00:00.000Z,2,230.2,90,5.8,115.55,61.786,593
2021-11-25T00:00:00.000Z,72.3,168.5,91.3,84.3,139.4,28.315,622
2021-11-26T00:00:00.000Z,94.5,189.1,149.25,141.5,157,11.206,598
2021-11-27T00:00:00.000Z,84.2,190.4,156.9,149.7,163.6,13.319,591
2021-11-28T00:00:00.000Z,91.3,212.5,153.4,146,161.6,13.044,611
2021-11-29T00:00:00.000Z,124,200.2,154.2,147.9,161.5,10.762,598
2021-11-30T00:00:00.000Z,75.9,214.4,153.6,141.55,162.19,19.732,593
2021-12-01T00:00:00.000Z,80,195.1,155,145.6,161.4,24.57,575
2021-12-02T00:00:00.000Z,83.9,218.3,157.5,151.3,163.19,10.866,596
2021-12-03T00:00:00.000Z,133.8,205.4,157.4,151.9,163.1,9.661,263
2021-12-04T00:00:00.000Z,104.2,197.3,152.7,141.69,161.69,13.609,572
2021-12-05T00:00:00.000Z,108.3,196.7,145.8,131.25,156.05,15.419,588
2021-12-06T00:00:00.000Z,63.5,199.1,112,93.65,148.85,30.453,565
2021-12-07T00:00:00.000Z,79.9,182.1,105.3,92.7,136.75,28.013,597
2021-12-08T00:00:00.000Z,79.5,200.4,150.8,136.69,162.3,22.582,595
2021-12-09T00:00:00.000Z,59.9,252.4,123.2,103.3,152.65,33.536,593
2021-12-10T00:00:00.000Z,66,262.6,137.8,99.4,153,32.94,608
2021-12-11T00:00:00.000Z,88.7,206.4,154.8,143.55,164.9,23.217,621
2021-12-12T00:00:00.000Z,94.7,201.1,153.05,146,160.8,13.9,598
2021-12-13T00:00:00.000Z,124.7,238.9,152.1,143.69,160.19,12.051,615
2021-12-14T00:00:00.000Z,119.9,205,150.69,142.1,160.1,12.651,607
2021-12-15T00:00:00.000Z,116.4,250.4,148.4,138.6,159,14.237,623
2021-12-16T00:00:00.000Z,107.7,214,145.5,133.35,155.6,16.309,608
2021-12-17T00:00:00.000Z,94,225.9,160.44,152.85,166.95,17.132,396
2021-12-24T00:00:00.000Z,1.6,18.9,3.7,3,5.2,2.923,246
2021-12-25T00:00:00.000Z,0.7,42.5,2.6,1.9,3.5,3.916,532
2021-12-26T00:00:00.000Z,0.4,55.9,2.6,2,3.6,4.541,555
2021-12-27T00:00:00.000Z,0,65.8,2.2,1.2,15.9,14.542,559
2021-12-28T00:00:00.000Z,0.1,92.8,33.95,9.7,53.25,28.891,568
2021-12-29T00:00:00.000Z,0.7,285.2,23.3,13.8,39.7,29.277,586
2021-12-30T00:00:00.000Z,0,43.8,2.5,1.1,13.45,12.611,560
2021-12-31T00:00:00.000Z,0.2,47.3,2.6,1.4,11.1,9.195,565
2022-01-01T00:00:00.000Z,0.8,120.7,5.4,3.2,13.75,11.648,572
2022-01-02T00:00:00.000Z,0,46.1,4.5,2.9,6.6,5.894,574
2022-01-03T00:00:00.000Z,0.2,25.3,3.4,2.3,5.4,2.962,563
2022-01-04T00:00:00.000Z,0,49.1,3.8,2.7,6.8,7.083,545
2022-01-05T00:00:00.000Z,1.7,45.7,3.3,2.8,4.8,4.601,536
2022-01-06T00:00:00.000Z,1.9,59.5,3.5,2.9,4.6,5.82,579
2022-01-07T00:00:00.000Z,0,39,3.8,2.1,4.8,3.821,580
2022-01-08T00:00:00.000Z,0.2,81.5,1.4,0.8,3.4,10.027,530
2022-01-09T00:00:00.000Z,0.6,28.9,8.6,3.1,10.2,3.974,542
2022-01-10T00:00:00.000Z,0.4,81,5.05,3.9,7.2,6.816,522
2022-01-11T00:00:00.000Z,0,53.4,1.7,1.1,3.6,5.059,535
2022-01-12T00:00:00.000Z,0.9,97.8,3.2,2,4.3,5.939,557
2022-01-13T00:00:00.000Z,1.7,66.7,4.2,3.6,4.9,3.924,585
2022-01-14T00:00:00.000Z,0.8,40.2,3.2,2.4,4.9,5.441,542
2022-01-15T00:00:00.000Z,0.1,36,4,1.75,5.6,4.694,561
2022-01-16T00:00:00.000Z,0,34.9,2.6,1,3.9,6.09,557
2022-01-17T00:00:00.000Z,0,35.1,1.8,0.8,4.09,5.583,590
2022-01-18T00:00:00.000Z,0.1,61.1,1.9,0.9,3.65,5.448,568
2022-01-19T00:00:00.000Z,0.3,48,2.8,1.5,4.4,7.412,550
2022-01-20T00:00:00.000Z,0,47.6,1.8,1.14,3.3,5.495,549
2022-01-21T00:00:00.000Z,0,82,3.9,2.1,8.8,7.941,572
2022-01-22T00:00:00.000Z,1.7,26.9,8.4,5.9,10.9,3.874,601
2022-01-23T00:00:00.000Z,0.3,135,7.95,3.6,21.65,19.688,592
2022-01-24T00:00:00.000Z,0.1,33.2,1.4,1,1.9,3.727,554
2022-01-25T00:00:00.000Z,0.4,70,2.1,1.3,3.7,10.357,578
2022-01-26T00:00:00.000Z,0.1,50.2,2.6,1.9,3.2,5.807,548
2022-01-27T00:00:00.000Z,0.5,28.2,2.6,1.9,3.5,2.76,546
2022-01-28T00:00:00.000Z,2.1,56.3,11.3,4.9,22.2,9.889,579
2022-01-29T00:00:00.000Z,2.9,98.2,7.1,5.3,8.8,6.913,574
2022-01-30T00:00:00.000Z,0.3,36.6,3.3,2.2,7.75,4.488,556
2022-01-31T00:00:00.000Z,0.2,55.9,1.3,1,2.1,5.024,557
2022-02-01T00:00:00.000Z,0.9,179.3,4.1,2.8,6,11.987,527
2022-02-02T00:00:00.000Z,0,110,3.1,1.8,4.9,7.86,559
2022-02-03T00:00:00.000Z,0.9,101.3,3.7,2.6,5.2,8.772,561
2022-02-04T00:00:00.000Z,0,30.3,1.5,0.9,2.29,3.783,562
2022-02-05T00:00:00.000Z,0.8,161.7,2.6,1.9,4.4,11.979,579
2022-02-06T00:00:00.000Z,0.4,206.2,28.4,9.65,57.15,42.548,612
2022-02-07T00:00:00.000Z,1.3,161.7,18.14,3.4,36.85,25.603,600
2022-02-08T00:00:00.000Z,0.2,134.7,23.75,2.1,44.6,29.1,580
2022-02-09T00:00:00.000Z,0.5,85.4,14.6,2.7,48.05,24.744,588
2022-02-10T00:00:00.000Z,0.2,211.6,6.55,3.5,19.89,44.756,586
2022-02-11T00:00:00.000Z,1.4,165.9,10.55,6.1,21.3,19.984,612
2022-02-12T00:00:00.000Z,1.4,195.6,30.7,10.7,52.6,35.924,615
2022-02-13T00:00:00.000Z,1.6,282.1,43.4,14.8,79.7,63.681,587
2022-02-14T00:00:00.000Z,16.4,177,44.9,29.9,57.5,24.56,605
2022-02-15T00:00:00.000Z,4,61.9,15.4,7,37.9,16.026,587
2022-02-16T00:00:00.000Z,0.2,42.5,4.1,2.3,5.6,5.044,571
2022-02-17T00:00:00.000Z,0.1,44.3,1.6,0.6,2.7,6.323,548
2022-02-18T00:00:00.000Z,0.4,43.9,1.7,1.2,4.8,6.326,558
2022-02-19T00:00:00.000Z,0.4,31.4,3.5,2.2,8.5,4.965,574
2022-02-20T00:00:00.000Z,0,243.8,4.2,1.8,13.85,22.049,565
2022-02-21T00:00:00.000Z,2,388.5,14.2,4.9,47.65,95.874,597
2022-02-22T00:00:00.000Z,2.7,470.5,18,10.6,34.79,76.661,601
2022-02-23T00:00:00.000Z,3.4,151,31.4,14.7,63.75,35.262,609
2022-02-24T00:00:00.000Z,3.4,52.2,11.1,6.5,16.1,9.257,600
2022-02-25T00:00:00.000Z,2.9,79,18.6,11,30.3,14.739,599
2022-02-26T00:00:00.000Z,0.6,36.7,7,3.1,10.8,6.876,612
2022-02-27T00:00:00.000Z,0.4,37.8,3.15,1.4,6.9,4.619,568
2022-02-28T00:00:00.000Z,0.6,105.8,3.5,1.9,12.3,13.14,598
2022-03-01T00:00:00.000Z,0.6,196.5,8.6,3.5,19.8,16.314,587
2022-03-02T00:00:00.000Z,0.2,199.6,3.2,1.7,13.8,27.304,561
2022-03-03T00:00:00.000Z,0,113.5,2.5,1.3,4.7,8.948,507
2022-03-04T00:00:00.000Z,0,93,2,1.3,4.3,7.779,566
2022-03-05T00:00:00.000Z,0,203.4,1.7,1.2,5.4,12.454,582
2022-03-06T00:00:00.000Z,0.8,90.8,6.8,3.5,12.8,11.303,587
2022-03-07T00:00:00.000Z,0.5,96,5.4,2.5,13.1,14.322,595
2022-03-08T00:00:00.000Z,1,89.8,8.4,4.75,14.1,10.901,580
2022-03-09T00:00:00.000Z,0.4,110,4.2,2.8,12.4,14.534,563
2022-03-10T00:00:00.000Z,0.9,82,5,3.3,9.4,7.186,563
2022-03-11T00:00:00.000Z,0.5,196,3.3,2.6,5.4,12.845,535
2022-03-12T00:00:00.000Z,3.3,149.6,6.3,5.2,8.4,11.416,573
2022-03-13T00:00:00.000Z,1.4,82.4,6,4.09,9.2,10.836,569
2022-03-14T00:00:00.000Z,1.5,83.6,5.2,4.05,6.95,8.715,588
2022-03-15T00:00:00.000Z,1.1,158.8,5.5,3.3,9.5,17.599,539
2022-03-16T00:00:00.000Z,0,185.2,38.4,13.2,63.9,35.991,603
2022-03-17T00:00:00.000Z,0,106.7,5.1,2,10.9,14.561,558
2022-03-18T00:00:00.000Z,1.3,268,8.7,2.7,24.45,40.246,512
2022-03-19T00:00:00.000Z,6.7,209.2,47.9,25.1,57.9,26.841,606
2022-03-20T00:00:00.000Z,9.5,193.4,50.3,37.25,58.65,17.804,601
2022-03-21T00:00:00.000Z,2.1,64.6,12,8.2,22,10.174,561
2022-03-22T00:00:00.000Z,0.5,167.9,3.6,2.6,5.7,12.734,571
2022-03-23T00:00:00.000Z,0,77.2,4.4,2.3,12.75,10.516,569
2022-03-24T00:00:00.000Z,1.3,158.1,7.8,4.9,19.35,26.89,584
2022-03-25T00:00:00.000Z,3.5,60.3,6.7,5.2,10.25,8.214,569
2022-03-26T00:00:00.000Z,5,117,23.3,12.8,31,12.185,591
2022-03-27T00:00:00.000Z,1.5,241.9,25.05,15.5,41.35,33.815,608
2022-03-28T00:00:00.000Z,2.3,204.2,19.4,8.9,40.04,29.565,596
2022-03-29T00:00:00.000Z,0.4,127.5,10.8,4.2,24.8,19.135,606
2022-03-30T00:00:00.000Z,2.9,137.6,11.7,6.95,25.15,17.707,589
2022-03-31T00:00:00.000Z,2.8,92.7,14.7,5.65,26.9,14.3,593
2022-04-01T00:00:00.000Z,1.6,140.1,13.8,8.6,34.9,25.183,579
2022-04-02T00:00:00.000Z,1.2,50.4,15.6,7.1,26,12.634,607
2022-04-03T00:00:00.000Z,0.8,181.9,20.5,8.15,42.65,29.806,601
2022-04-04T00:00:00.000Z,0.7,57.2,4.5,3.4,11,8.912,582
2022-04-05T00:00:00.000Z,0.6,165.9,12.5,4.7,28.65,20.981,605
2022-04-06T00:00:00.000Z,1.9,114.9,12.3,7,22.7,21.596,549
2022-04-07T00:00:00.000Z,1.7,132.4,22.4,7.3,35.2,18.142,594
2022-04-08T00:00:00.000Z,1.7,118.7,9.7,4.2,16,16.452,543
2022-04-09T00:00:00.000Z,3.2,258.2,24,12.1,36.35,33.482,588
2022-04-10T00:00:00.000Z,3.3,355.4,62.8,29.9,110.2,69.368,622
2022-04-11T00:00:00.000Z,1.4,368.3,81.25,51.5,116.1,60.898,610
2022-04-12T00:00:00.000Z,0.7,204.5,25.2,8.5,53.7,34.905,603
2022-04-13T00:00:00.000Z,3.5,154.8,21.8,11.7,40.7,22.545,615
2022-04-14T00:00:00.000Z,3.8,275.8,36,21.9,49.9,31.248,597
2022-04-15T00:00:00.000Z,8.6,178,38.7,28.75,48.3,23.043,604
2022-04-16T00:00:00.000Z,10.8,135.8,21.95,15.95,25.9,11.727,600
2022-04-17T00:00:00.000Z,17.5,257.1,42.2,26.8,59.6,29.982,606
2022-04-18T00:00:00.000Z,3.4,205.2,40.4,25.05,64.25,34.058,613
2022-04-19T00:00:00.000Z,14.5,259,51.3,42.25,65.59,23.762,604
2022-04-20T00:00:00.000Z,0.4,202.4,36.54,19.1,51.7,29.203,618
2022-04-21T00:00:00.000Z,8.6,354.4,59.9,33.7,111.95,69.733,605
2022-04-22T00:00:00.000Z,7.2,255.6,29.15,18.89,41,31.038,614
2022-04-23T00:00:00.000Z,0,122.1,16.85,9.8,28.1,20.786,610
2022-04-24T00:00:00.000Z,0,195.5,11.7,3.4,37.1,39.678,416
2022-04-25T00:00:00.000Z,3.4,412,29.1,19.3,55.15,62.592,633
2022-04-26T00:00:00.000Z,1.4,393,19.8,7.3,48.3,56.326,597
2022-04-27T00:00:00.000Z,1.4,431.7,30.1,6.9,53.55,73.594,621
2022-04-28T00:00:00.000Z,2.6,535.6,94.6,32.79,186.6,106.886,609
2022-04-29T00:00:00.000Z,3,316.1,23.7,11.4,45.8,46.66,605
2022-04-30T00:00:00.000Z,4.9,318.1,52.65,20.14,108.8,71.964,604
2022-05-01T00:00:00.000Z,5.1,310,39.15,25.15,59.3,42.905,612
2022-05-02T00:00:00.000Z,4.4,239,21.1,11.3,41.2,38.554,602
2022-05-03T00:00:00.000Z,1.9,327.7,18,7.8,34.29,25.703,595
2022-05-04T00:00:00.000Z,3.8,234.4,21.8,12.3,31.1,16.09,587
2022-05-05T00:00:00.000Z,0,229.8,15.4,5.3,38.7,35.18,603
2022-05-06T00:00:00.000Z,3.6,301.1,37.7,24.4,61.7,46.504,611
2022-05-07T00:00:00.000Z,7.8,203.8,33.4,20.9,44.9,21.817,603
2022-05-08T00:00:00.000Z,12.7,219.3,50,34.25,67.55,40.383,544
2022-05-09T00:00:00.000Z,8.5,225.2,41.4,31.8,53.9,24.001,614
2022-05-10T00:00:00.000Z,7.6,247.9,30.7,18.05,51,29.63,589
2022-05-11T00:00:00.000Z,30.7,338.7,92.55,60.6,125.3,50.81,614
2022-05-12T00:00:00.000Z,27.8,437.2,84.5,51.2,142.94,97.523,605
2022-05-13T00:00:00.000Z,0.9,398.2,22.45,7,45.1,54.626,600
2022-05-14T00:00:00.000Z,3.2,290.2,19,8.8,33,22.74,603
2022-05-15T00:00:00.000Z,9.3,526.1,86.15,54.15,146.25,96.933,608
2022-05-16T00:00:00.000Z,10.1,592,119,63.4,257.6,123.108,543
2022-05-17T00:00:00.000Z,13.2,436.6,154.69,105.3,219.4,96.268,594
2022-05-18T00:00:00.000Z,60.3,558.2,149.5,90.25,236.7,111.63,609
2022-05-19T00:00:00.000Z,18,151.4,48.05,41.8,58.1,17.369,602
2022-05-20T00:00:00.000Z,2.1,493.6,29.6,14.85,41.15,77.577,609
2022-05-21T00:00:00.000Z,9.6,510.7,119.7,54,173.2,90.268,603
2022-05-22T00:00:00.000Z,1.1,379.4,19.8,10.3,56,57.355,603
2022-05-23T00:00:00.000Z,6.4,322.8,76.1,46.3,137.6,59.433,613
2022-05-24T00:00:00.000Z,10.2,503.9,47.3,26.1,94.8,68.065,612
2022-05-25T00:00:00.000Z,5.7,498.9,43.2,25.25,73.2,89.857,628
2022-05-26T00:00:00.000Z,4.2,376.3,35,19.6,54.8,47.813,611
2022-05-27T00:00:00.000Z,13.7,476.1,151.8,44.45,237.4,124.486,85
2022-05-28T00:00:00.000Z,2.8,497.9,36.3,18.25,86.3,75.621,485
2022-05-29T00:00:00.000Z,5.3,621.4,185.2,46.95,255.25,130.707,657
2022-05-30T00:00:00.000Z,11.3,565.6,236.2,57.6,287.6,128.686,631
2022-05-31T00:00:00.000Z,23.6,373.6,167.9,88,228.7,82.113,647
2022-06-01T00:00:00.000Z,39.3,481.5,86.4,65.59,144.19,68.057,633
2022-06-02T00:00:00.000Z,26.4,584.5,187.3,98.4,268.5,109.842,652
2022-06-03T00:00:00.000Z,5.8,424.3,27.1,16.35,40.35,85.012,652
2022-06-04T00:00:00.000Z,3.8,227.3,44.8,26.8,77.4,39.367,623
2022-06-05T00:00:00.000Z,2.1,226,15.6,7.7,32.6,30.097,656
2022-06-06T00:00:00.000Z,3.7,515.7,37.5,20.3,47.6,51.582,643
2022-06-07T00:00:00.000Z,2.6,229.5,28.1,8.1,50.2,39.675,609
2022-06-08T00:00:00.000Z,8.3,429.6,58.2,37.2,128,76.573,646
2022-06-09T00:00:00.000Z,0.4,404.5,43.7,23.8,64.34,49.844,649
2022-06-10T00:00:00.000Z,4.8,509.7,59.45,34.1,136.1,100.008,640
2022-06-11T00:00:00.000Z,35.6,599.8,248,106.4,281.1,114.737,651
2022-06-12T00:00:00.000Z,39.1,602,95.6,73.55,212.6,93.384,661
2022-06-13T00:00:00.000Z,32,488.4,64.4,47.9,95.4,53.346,637
2022-06-14T00:00:00.000Z,12.6,293.5,50.55,38.7,78.59,41.082,630
2022-06-15T00:00:00.000Z,16.1,356.4,72.8,50.2,114.4,54.534,652
2022-06-16T00:00:00.000Z,3.4,473.7,52.4,28.6,120.7,112.679,614
2022-06-17T00:00:00.000Z,7.5,456.5,43.45,35.5,58.15,36.638,584
2022-06-18T00:00:00.000Z,7.4,337.8,48.85,34.6,78.09,46.819,646
2022-06-19T00:00:00.000Z,28.2,304,50.15,41.7,62.8,27.914,618
2022-06-20T00:00:00.000Z,8,314.3,47.6,34.79,79,50.961,654
2022-06-21T00:00:00.000Z,7.3,338.4,47.15,32,75.09,45.228,654
2022-06-22T00:00:00.000Z,9.8,394.8,55.3,33.9,104.7,65.197,630
2022-06-23T00:00:00.000Z,20,241.2,64.8,46.9,106.6,43.972,623
2022-06-24T00:00:00.000Z,0,332.1,26.6,10.6,60.05,43.473,636
2022-06-25T00:00:00.000Z,3.8,580.2,63.3,38.45,125.3,89.969,660
2022-06-26T00:00:00.000Z,42.1,571.6,225.1,96.6,322.7,127.036,654
2022-06-27T00:00:00.000Z,16.8,285.6,53.6,42,103.4,51.676,652
2022-06-28T00:00:00.000Z,5.4,268.4,18.9,12.4,26.9,37.181,635
2022-06-29T00:00:00.000Z,2.1,298.2,19,9.8,42.9,44.121,655
2022-06-30T00:00:00.000Z,10.4,634.6,72.3,47.65,115.15,71.567,640
2022-07-01T00:00:00.000Z,0.6,616.5,25.8,14.7,46.4,98.053,654
2022-07-02T00:00:00.000Z,11.8,617.9,29.6,19.6,99.45,120.817,613
2022-07-03T00:00:00.000Z,7.8,206.5,28.9,20.3,43.6,23.399,643
2022-07-04T00:00:00.000Z,8.3,327.9,31.65,22,62.1,47.019,642
2022-07-05T00:00:00.000Z,2.1,185.4,27.3,8.2,48.1,28.644,627
2022-07-06T00:00:00.000Z,0.7,275.3,35,14.2,52.8,34.251,643
2022-07-07T00:00:00.000Z,16.3,212.6,45.6,34.7,69.2,36.283,442
2022-07-08T00:00:00.000Z,19.1,429.3,84.65,34.1,144.4,88.158,618
2022-07-09T00:00:00.000Z,2.4,255.5,14.05,7.8,47.5,52.478,644
2022-07-10T00:00:00.000Z,4.9,232.2,33.7,23.1,51.9,35.607,615
2022-07-11T00:00:00.000Z,17.7,535,142,45.7,214.35,96.982,641
2022-07-12T00:00:00.000Z,1,613.3,21.4,6.5,50.5,98.103,639
2022-07-13T00:00:00.000Z,3.4,422.6,68,46.55,134.85,79.34,661
2022-07-14T00:00:00.000Z,7.3,202.7,40.7,25.6,59.4,31.257,585
2022-07-15T00:00:00.000Z,11.9,551.6,56.3,42.9,84.7,55.676,645
2022-07-16T00:00:00.000Z,18.6,651.9,70.2,40.75,173,128.514,640
2022-07-17T00:00:00.000Z,1.9,399.8,16.4,7.6,44.4,49.925,644
2022-07-18T00:00:00.000Z,5.8,533.9,76.05,39.65,228.35,117.834,652
2022-07-19T00:00:00.000Z,13.3,599.8,92.45,60.1,180.1,122.884,656
2022-07-20T00:00:00.000Z,15.5,579.3,156.1,47.6,311.5,148.983,647
2022-07-21T00:00:00.000Z,0.1,179.2,39.9,15.8,56.9,30.471,654
2022-07-22T00:00:00.000Z,9.8,88.4,28.6,20.25,38.15,12.497,657
2022-07-23T00:00:00.000Z,5,218,27.8,15.7,38.79,25.616,669
2022-07-24T00:00:00.000Z,6.2,280.6,59.2,43.4,99.85,49.305,657
2022-07-25T00:00:00.000Z,11.4,311.4,38.79,28.25,75.34,50.433,541
2022-07-27T00:00:00.000Z,8.6,549.1,46.2,28.65,132.85,106.507,313
2022-07-28T00:00:00.000Z,7.1,581.2,91.3,51.65,164.3,87.599,644
2022-07-29T00:00:00.000Z,5.7,276.4,17.6,11.65,31.1,29.023,649
2022-07-30T00:00:00.000Z,7.4,251.3,43.65,24.75,70.55,40.582,656
2022-07-31T00:00:00.000Z,16.7,228.2,54.1,43.9,70.7,31.13,646
2022-08-01T00:00:00.000Z,8.4,167.3,25.5,14.2,37.45,18.883,605
2022-08-02T00:00:00.000Z,4.4,274.5,37.15,22.6,59.3,45.556,622
2022-08-03T00:00:00.000Z,2.1,268.1,34.1,12.1,55.85,45.798,661
2022-08-04T00:00:00.000Z,19.9,236.8,48.5,42.8,67.8,34.528,647
2022-08-05T00:00:00.000Z,13.8,446.8,55.7,38.15,108.4,54.608,645
2022-08-06T00:00:00.000Z,1.5,319.7,44.9,29.6,77.2,51.162,667
2022-08-07T00:00:00.000Z,1.4,270.7,24.6,6.1,64.9,51.35,655
2022-08-08T00:00:00.000Z,1.2,211.2,41.7,21.2,60.4,35.057,639
2022-08-09T00:00:00.000Z,7.6,365.5,53.4,33.15,95.9,56.159,661
2022-08-10T00:00:00.000Z,5.9,380.3,69.7,46.25,116.2,61.615,669
2022-08-11T00:00:00.000Z,17.8,392.2,100.7,63.2,140,63.173,677
2022-08-12T00:00:00.000Z,7.3,295.2,26.6,18.95,43.3,38.346,657
2022-08-13T00:00:00.000Z,2.4,85.5,9.5,5.25,19.05,15.843,641
2022-08-14T00:00:00.000Z,8.7,510.4,40.1,20.65,84.25,87.4,664
2022-08-15T00:00:00.000Z,3.9,611.1,21.7,14.6,36.25,89.224,661
2022-08-16T00:00:00.000Z,1.2,459.4,19.6,7,45,70.718,637
2022-08-17T00:00:00.000Z,8.5,498.2,70.7,41.6,160.4,101.405,462
2022-08-18T00:00:00.000Z,73.5,92.6,83.05,73.5,92.6,9.55,2
2022-08-23T00:00:00.000Z,4.1,212.8,53,40.5,85.15,41.334,205
2022-08-24T00:00:00.000Z,0.4,209.2,13.8,5.5,30,25.178,637
2022-08-25T00:00:00.000Z,2.3,360.6,45.7,22.9,122.95,71.305,632
2022-08-26T00:00:00.000Z,3.2,317.2,40.85,21.3,73.3,55.62,662
2022-08-27T00:00:00.000Z,1.4,451.7,31.8,14.85,68.59,82.254,648
2022-08-28T00:00:00.000Z,5.3,469.9,37.7,21.9,68.2,58.02,659
2022-08-29T00:00:00.000Z,7,564.4,119.8,50.95,228.8,112.011,661
2022-08-30T00:00:00.000Z,14.2,561,74,49.1,149,96.034,663
2022-08-31T00:00:00.000Z,3.5,147.6,45.95,28.7,61.2,23.074,658
2022-09-01T00:00:00.000Z,0,171.8,13.4,5.45,27.65,23.459,629
2022-09-02T00:00:00.000Z,3.8,352,27.7,12.6,44.6,31.097,655
2022-09-03T00:00:00.000Z,5.6,373.1,29.2,18.1,53,60.427,663
2022-09-04T00:00:00.000Z,2.3,147.7,10.1,7,17.3,15.848,634
2022-09-05T00:00:00.000Z,4,555,45,16.75,75.15,54.257,657
2022-09-06T00:00:00.000Z,4.7,418.1,98.7,25.7,133.69,85.28,655
2022-09-07T00:00:00.000Z,0.3,138.8,17.6,7.7,29.5,16.029,658
2022-09-08T00:00:00.000Z,0.6,406.6,59.1,31.9,111.5,62.487,629
2022-09-09T00:00:00.000Z,1.5,216.4,24.5,11.4,41.95,29.349,661
2022-09-10T00:00:00.000Z,4.9,143.9,24.4,11.8,44.6,22.477,640
2022-09-11T00:00:00.000Z,5.5,202.9,41.1,32.6,54.3,31.146,637
2022-09-12T00:00:00.000Z,9.5,220.6,32.7,16.8,73.59,43.511,582
2022-09-13T00:00:00.000Z,10.6,295.2,45.3,28.7,70.34,46.233,640
2022-09-14T00:00:00.000Z,4.9,398.2,61.8,33.04,106.5,62.897,629
2022-09-15T00:00:00.000Z,7.7,209.9,39.04,27.7,52.7,28.28,626
2022-09-16T00:00:00.000Z,0.8,78,14.5,6.7,30.5,15.764,642
2022-09-17T00:00:00.000Z,0,232.5,31,3.3,52.3,32.229,581
2022-09-18T00:00:00.000Z,1,204.9,53.25,33.2,77.8,38.27,652
2022-09-19T00:00:00.000Z,0.7,313,34.9,13.35,65.25,46.467,653
2022-09-20T00:00:00.000Z,3,372.1,51.5,29.5,93.2,56.772,655
2022-09-21T00:00:00.000Z,3.2,281.3,51.35,27.3,83,44.336,654
2022-09-22T00:00:00.000Z,3.6,190.1,23.2,15.9,51.8,30.189,633
2022-09-23T00:00:00.000Z,1.2,191.6,40,14.1,61.55,36.181,653
2022-09-24T00:00:00.000Z,1.5,94.7,11.1,4.9,21.9,12.9,642
2022-09-25T00:00:00.000Z,2.2,292.8,28.9,15.45,45.6,35.1,652
2022-09-26T00:00:00.000Z,4.1,374.3,30.3,15.3,50.6,47.973,639
2022-09-27T00:00:00.000Z,1,73.7,8.69,3.9,16.3,10.964,647
2022-09-28T00:00:00.000Z,2.2,221.4,15.7,6.55,41.95,32.826,637
2022-09-29T00:00:00.000Z,4.2,326.8,18.7,10.4,29.9,21.278,643
2022-09-30T00:00:00.000Z,3.1,149.2,17,8.6,31,18.253,653
2022-10-01T00:00:00.000Z,4.2,140.8,9.69,7.8,14.4,13.489,658
2022-10-02T00:00:00.000Z,8,184.6,27.75,18.1,45.3,28.68,672
2022-10-03T00:00:00.000Z,8,159.6,29.3,22.5,37.29,15.438,661
2022-10-04T00:00:00.000Z,3.5,80.6,21.2,13.8,27.9,12.217,628
2022-10-05T00:00:00.000Z,2.5,307.7,30.8,18.14,51.95,36.866,669
2022-10-06T00:00:00.000Z,1.5,71.2,19,9,29,14.649,629
2022-10-07T00:00:00.000Z,0.8,169.3,22.9,12.8,35.4,16.471,659
2022-10-08T00:00:00.000Z,1.5,311,32.79,15.6,79,49.606,655
2022-10-09T00:00:00.000Z,2,112.7,14.75,9.19,21.65,13.889,656
2022-10-10T00:00:00.000Z,1.5,123.9,4.59,2.9,12.4,12.946,645
2022-10-11T00:00:00.000Z,2,152.4,29.5,16.8,45.5,21.713,646
2022-10-12T00:00:00.000Z,0.5,119.8,18.85,9.1,31.2,16.279,628
2022-10-13T00:00:00.000Z,0.8,172,7.7,3.2,19.7,24.876,655
2022-10-14T00:00:00.000Z,1.6,168.2,10,6,22.25,21.22,629
2022-10-15T00:00:00.000Z,0.8,140.3,10,3.4,28,17.286,617
2022-10-16T00:00:00.000Z,0.1,176.4,6.6,4,14.1,19.684,620
2022-10-17T00:00:00.000Z,1.7,169.1,10.9,7.3,21.15,17.957,633
2022-10-18T00:00:00.000Z,6.9,100.9,26.5,18,35.4,12.203,455
2022-10-21T00:00:00.000Z,0.9,91,6.8,3.4,16.7,14.858,623
2022-10-22T00:00:00.000Z,1.7,188.3,8.5,4.95,47.8,39.886,300
2022-10-23T00:00:00.000Z,2.9,233.9,12.2,7.9,22.8,18.038,649
2022-10-24T00:00:00.000Z,0.7,220.7,20.6,9.6,37.79,25.141,643
2022-10-25T00:00:00.000Z,3,136.4,19.7,12.5,31,13.663,662
2022-10-26T00:00:00.000Z,0,102.5,6.4,3.1,16.5,15.809,641
2022-10-27T00:00:00.000Z,1.2,86.8,6.8,3.4,19.5,14.387,647
2022-10-28T00:00:00.000Z,3.6,112.8,14.4,8.8,24.4,13.69,656
2022-10-29T00:00:00.000Z,1.1,101.3,15,6.95,25.9,14.653,636
2022-10-30T00:00:00.000Z,0.6,148.7,7.3,3.35,19.75,18.015,653
2022-10-31T00:00:00.000Z,1.1,226.8,8.5,4.3,20.05,19.098,637
2022-11-01T00:00:00.000Z,1.3,80.3,6.2,3.4,14.85,13.611,633
2022-11-02T00:00:00.000Z,1.9,138,7.5,4.4,17.35,16.944,640
2022-11-03T00:00:00.000Z,7.6,136.6,17.7,14.1,23.8,10.897,594
2022-11-04T00:00:00.000Z,5,67.1,17.1,14,21.8,9.051,635
2022-11-05T00:00:00.000Z,10.5,69.2,18.1,13.2,23.1,6.366,645
2022-11-06T00:00:00.000Z,6.2,153.8,11.4,8.9,13.7,13.261,638
2022-11-07T00:00:00.000Z,2,131.9,8.8,6.8,11.4,14.517,648
2022-11-08T00:00:00.000Z,1.7,173.3,9.2,5.2,13.55,10.371,632
2022-11-09T00:00:00.000Z,3.6,160.1,11.5,9.8,15,14.486,658
2022-11-10T00:00:00.000Z,2.5,53.7,6,3.9,11.65,8.846,633
2022-11-11T00:00:00.000Z,1.8,52.7,14,6.4,20,10.059,642
2022-11-12T00:00:00.000Z,0.5,232.2,7.8,4.4,17,24.72,655
2022-11-13T00:00:00.000Z,3.5,248,17.3,10.7,32,32.098,675
2022-11-14T00:00:00.000Z,2.9,150.1,16.8,9.25,28,19.618,629
2022-11-15T00:00:00.000Z,2.2,230.9,16.1,7.1,33.4,26.418,647
2022-11-16T00:00:00.000Z,0.4,160.4,6.3,3.9,15.55,14.924,609
2022-11-17T00:00:00.000Z,0.3,92.8,3.5,2,5.3,6.341,610
2022-11-18T00:00:00.000Z,1.1,142.2,3.1,2.6,5.7,15.927,580
2022-11-19T00:00:00.000Z,0.3,53.7,2.5,1.6,4.2,5.168,623
2022-11-20T00:00:00.000Z,0.1,65.1,2.4,1.6,3.8,7.142,618
2022-11-21T00:00:00.000Z,0.2,61.2,4.4,2.6,9.05,9.935,640
2022-11-22T00:00:00.000Z,0,388.1,2.5,1.6,4.59,26.796,624
2022-11-23T00:00:00.000Z,0,108.3,2.4,1.6,3.8,10.924,517
2022-11-24T00:00:00.000Z,0,40.3,2.1,0.8,4,6.282,554
2022-11-25T00:00:00.000Z,0.5,163.4,2.4,1.8,3,11.951,597
2022-11-26T00:00:00.000Z,1.5,53.1,3.3,2.7,4.34,5.429,604
2022-11-27T00:00:00.000Z,1,38.9,3.2,2.6,4.4,4.74,590
2022-11-28T00:00:00.000Z,0.8,173.6,6.6,2.4,37.4,21.039,615
2022-11-29T00:00:00.000Z,0.1,39.1,3,1.9,4.4,3.567,598
2022-11-30T00:00:00.000Z,0.6,40.2,1.8,1.4,3.2,3.87,610
2022-12-01T00:00:00.000Z,0.1,111.7,1.8,1.1,3,8.267,565
2022-12-02T00:00:00.000Z,0,49,1.5,1,3,7.383,611
2022-12-03T00:00:00.000Z,0.4,47.8,5.9,3.8,8.7,6.387,601
2022-12-04T00:00:00.000Z,0.1,41.7,4.3,2.2,5.6,5.227,626
2022-12-05T00:00:00.000Z,0.1,70,3.8,2,8.4,8.653,613
2022-12-06T00:00:00.000Z,0,57.5,3.6,2,5.5,5.188,601
2022-12-07T00:00:00.000Z,1.2,67.3,6.3,4.6,9.7,7.897,618
2022-12-08T00:00:00.000Z,0.9,44.9,4.8,3.3,6.9,3.777,633
2022-12-09T00:00:00.000Z,0.7,77.4,3.8,2.9,5.9,5.591,644
2022-12-10T00:00:00.000Z,0.4,74.1,4.1,2.4,6.5,7.303,618
2022-12-11T00:00:00.000Z,0,29,3,1.6,3.7,3.818,609
2022-12-12T00:00:00.000Z,0.1,29.1,1.6,0.8,2.8,2.842,580
2022-12-13T00:00:00.000Z,0,182.8,1.9,1.1,6.3,8.912,596
2022-12-14T00:00:00.000Z,0,52.5,2.2,1.5,3.35,4.661,596
2022-12-15T00:00:00.000Z,0.3,125,4.4,3,6,7.571,569
2022-12-16T00:00:00.000Z,0.6,78.4,2.8,1.9,3.5,5.705,609
2022-12-17T00:00:00.000Z,0,63.4,1.9,1.1,2.9,5.137,613
2022-12-18T00:00:00.000Z,0.5,32.8,3.5,1.6,5.6,4.701,589
2022-12-19T00:00:00.000Z,1.4,35.6,5.3,3.45,7.5,5.065,592
2022-12-20T00:00:00.000Z,0.6,96.3,3.8,2.5,6.6,7.01,598
2022-12-21T00:00:00.000Z,1.8,52.2,6.3,3.8,10.6,6.902,622
2022-12-22T00:00:00.000Z,0.2,42.6,7.9,3.4,12,7.3,638
2022-12-23T00:00:00.000Z,0,43.9,1.9,1,2.6,4.607,601
2022-12-24T00:00:00.000Z,0,40.4,1,0.4,2,4.709,581
2022-12-25T00:00:00.000Z,0,60.2,0.7,0.4,1.1,4.308,524
2022-12-26T00:00:00.000Z,1,96.8,13.9,3.3,19,10.895,629
2022-12-27T00:00:00.000Z,0.9,48.5,5.4,2.5,8.55,7.824,601
2022-12-28T00:00:00.000Z,0.1,23.6,2,1.3,3.2,2.019,588
2022-12-29T00:00:00.000Z,1,165.1,2.6,2.1,4.3,10.958,612
2022-12-30T00:00:00.000Z,0.1,45.4,5.4,3.9,8.6,6.386,610
2022-12-31T00:00:00.000Z,0,99.8,5.85,3.1,37.5,25.557,622
2023-01-01T00:00:00.000Z,0.4,101.1,20.65,11.6,31.25,18.082,652
2023-01-02T00:00:00.000Z,0.4,179.9,1.4,1.1,2.6,13.136,581
2023-01-03T00:00:00.000Z,0.3,46.3,2.8,2.1,4.5,4.884,637
2023-01-04T00:00:00.000Z,0.1,32.1,2,1.1,2.8,3.588,592
2023-01-05T00:00:00.000Z,0.7,33.9,3.2,1.7,4.7,2.979,589
2023-01-06T00:00:00.000Z,4.8,25,11.2,8.9,13.6,3.375,616
2023-01-07T00:00:00.000Z,6.9,33,11.7,9.9,14.2,3.213,642
2023-01-08T00:00:00.000Z,3.4,50,8.4,7.6,9.5,6.331,613
2023-01-09T00:00:00.000Z,0.2,27.2,1.5,1.2,2.8,2.903,596
2023-01-10T00:00:00.000Z,0,66.7,1.2,0.4,1.7,5.282,542
2023-01-11T00:00:00.000Z,0,53.4,0.7,0.4,1.4,4.872,585
2023-01-12T00:00:00.000Z,0,15,1.5,0.9,2.45,1.428,564
2023-01-13T00:00:00.000Z,0.3,312.6,1.8,1.3,2.8,23.96,577
2023-01-14T00:00:00.000Z,0.1,65.5,2.04,1.1,4.4,8.268,598
2023-01-15T00:00:00.000Z,0.4,53.3,2.5,1.6,4.5,5.714,614
2023-01-16T00:00:00.000Z,0.5,59.8,2,1.4,3.35,7.165,605
2023-01-17T00:00:00.000Z,0.5,152.9,2.5,1.4,3.8,7.442,597
2023-01-18T00:00:00.000Z,0.5,45.8,3.7,1.9,5.25,5.077,589
2023-01-19T00:00:00.000Z,2.3,293,5.2,3.4,29,41.795,627
2023-01-20T00:00:00.000Z,1.8,34.2,7.35,5.1,16.2,6.236,638
2023-01-21T00:00:00.000Z,0.9,145.9,2.5,1.9,4.4,9.132,617
2023-01-22T00:00:00.000Z,0,61.7,1.4,0.7,2.9,6.133,579
2023-01-23T00:00:00.000Z,0,50.5,1.2,0.5,2.29,8.679,587
2023-01-24T00:00:00.000Z,0,141.5,1.7,0.9,4.2,20.234,545
2023-01-25T00:00:00.000Z,0.1,65,1.2,0.8,2.54,7.131,601
2023-01-26T00:00:00.000Z,0,42.9,1.2,0.6,2.29,5.244,591
2023-01-27T00:00:00.000Z,0.4,35.4,5.3,2.1,11.25,7.3,589
2023-01-28T00:00:00.000Z,1,86.8,7.5,3.7,12.7,11.02,615
2023-01-29T00:00:00.000Z,0.7,68.2,3,1.6,4.7,8.249,605
2023-01-30T00:00:00.000Z,0,65.2,1.7,0.8,3.1,6.859,493
2023-01-31T00:00:00.000Z,1.2,157.8,10.3,3.2,26.7,21.05,617
2023-02-01T00:00:00.000Z,0.9,98.9,4,2.9,5.2,8.191,613
2023-02-02T00:00:00.000Z,0.5,190.3,4,2.5,9.9,15.567,622
2023-02-03T00:00:00.000Z,0.3,68.2,2.4,2,4.4,13.639,615
2023-02-04T00:00:00.000Z,7,435,62.8,44.2,92.2,116.545,629
2023-02-05T00:00:00.000Z,3.5,438.2,124.7,54.9,153.1,105.615,667
2023-02-06T00:00:00.000Z,3.1,83.8,15.1,8.44,24.7,12.98,640
2023-02-07T00:00:00.000Z,1.3,47.6,10.25,5.7,29.4,13.644,616
2023-02-08T00:00:00.000Z,0.7,63.8,9.5,2.9,16.35,9.458,629
2023-02-09T00:00:00.000Z,0.3,86.4,3.1,1.55,27.4,17.5,589
2023-02-10T00:00:00.000Z,0.7,168.8,18.35,3.4,35,29.012,630
2023-02-11T00:00:00.000Z,0.6,99,13.8,3.9,32.79,22.94,624
2023-02-12T00:00:00.000Z,0.1,33.1,3.8,1.5,13.5,8.287,624
2023-02-13T00:00:00.000Z,0.1,67.8,1.1,0.8,1.9,5.189,589
2023-02-14T00:00:00.000Z,0.4,37,2.2,1.5,3.5,6.559,599
2023-02-15T00:00:00.000Z,0,32.9,2.3,1.6,3.2,3.674,581
2023-02-16T00:00:00.000Z,0.1,18.3,1.3,0.9,1.8,1.689,581
2023-02-17T00:00:00.000Z,0,94.6,1.3,0.6,3.6,13.661,586
2023-02-18T00:00:00.000Z,1,97.3,12.7,5.7,22.4,13.316,648
2023-02-19T00:00:00.000Z,0.3,51,9.4,4.8,15.9,9.214,620
2023-02-20T00:00:00.000Z,0.1,73.2,2.8,1.4,4.09,7.151,587
2023-02-21T00:00:00.000Z,0.5,85,1.7,1.3,3,8.595,577
2023-02-22T00:00:00.000Z,0,94.3,2.9,1.6,5.09,10.76,606
2023-02-23T00:00:00.000Z,0,117.6,2.29,1.4,9.4,28.261,619
2023-02-24T00:00:00.000Z,0.1,51.6,2.29,1.4,5.4,9.629,616
2023-02-25T00:00:00.000Z,0,85.2,2.6,1.5,5.25,8.556,625
2023-02-26T00:00:00.000Z,0.3,77.9,3.45,2.4,5.4,5.869,640
2023-02-27T00:00:00.000Z,0.3,44.2,3,2.3,3.8,4.684,614
2023-02-28T00:00:00.000Z,0.7,55.2,2.2,1.7,3.8,5.303,591
2023-03-01T00:00:00.000Z,0.1,34.7,2.2,1.2,3.5,3.289,602
2023-03-02T00:00:00.000Z,0,88.1,1.9,1.2,3.5,8.817,572
2023-03-03T00:00:00.000Z,0,114.9,0.8,0.5,1.4,8.247,541
2023-03-04T00:00:00.000Z,0,299.1,1.4,0.7,2.7,21.27,591
2023-03-05T00:00:00.000Z,0,83.4,0.8,0.5,2,9.376,568
2023-03-06T00:00:00.000Z,0.4,25,3.9,2,7.5,4.273,572
2023-03-07T00:00:00.000Z,1,57.9,7.25,2.6,17,9.838,614
2023-03-08T00:00:00.000Z,2.5,146.7,7.25,5.3,13.3,9.059,638
2023-03-09T00:00:00.000Z,2.4,53.2,9.9,4.8,20.9,11.017,614
2023-03-10T00:00:00.000Z,2.4,228.7,21.35,15.45,45.45,38.57,644
2023-03-11T00:00:00.000Z,1.6,125.4,11.55,5.4,23.45,16.86,624
2023-03-12T00:00:00.000Z,3.1,65.4,9.5,5.09,25,13.581,630
2023-03-13T00:00:00.000Z,0,28.2,1.9,0.95,5.4,3.446,589
2023-03-14T00:00:00.000Z,0.2,140.6,3.5,1.8,7.8,13.645,595
2023-03-15T00:00:00.000Z,1.9,131.9,5.2,3.3,8.5,11.397,610
2023-03-16T00:00:00.000Z,0.3,127.4,13.3,7.6,17.2,13.949,627
2023-03-17T00:00:00.000Z,0,82,11,1.4,18.7,11.967,620
2023-03-18T00:00:00.000Z,3.7,166.1,14.65,8.6,20.85,11.846,652
2023-03-19T00:00:00.000Z,1.6,44.3,4.09,3.4,6.8,5.445,615
2023-03-20T00:00:00.000Z,1.3,110.9,3.9,2.7,5.4,9.912,579
2023-03-21T00:00:00.000Z,1.9,272.4,7.4,4.7,13.6,20.009,612
2023-03-22T00:00:00.000Z,2.6,208.4,5.5,4.7,10.3,17.778,616
2023-03-23T00:00:00.000Z,2,185,7.5,6,14.8,13.644,646
2023-03-24T00:00:00.000Z,0,324.4,6.8,2.4,38.4,29.074,618
2023-03-25T00:00:00.000Z,1.3,115.3,9,5.7,14.7,15.386,658
2023-03-26T00:00:00.000Z,0.6,67.1,5.8,3.5,12.1,7.26,625
2023-03-27T00:00:00.000Z,3,349,28,19.95,51.4,66.118,661
2023-03-28T00:00:00.000Z,1.2,416.9,36.95,20.3,60.5,77.393,652
2023-03-29T00:00:00.000Z,0.7,278.6,26.2,10.5,50.55,35.879,624
2023-03-30T00:00:00.000Z,1.3,148.9,25,7.35,42.8,24.859,660
2023-03-31T00:00:00.000Z,2.6,215.7,47.2,33.29,70.84,35.163,657
2023-04-01T00:00:00.000Z,4.8,172,42.2,28.95,56.45,26.638,669
2023-04-02T00:00:00.000Z,2,126.8,15.05,11.35,22.95,13.45,660
2023-04-03T00:00:00.000Z,1.8,196.3,13.35,6.05,23.85,16.777,632
2023-04-04T00:00:00.000Z,2.2,144,15.7,8.19,31.9,20.444,635
2023-04-05T00:00:00.000Z,9.4,201.2,43.6,33.7,53,23.599,644
2023-04-06T00:00:00.000Z,0.2,90.2,13.6,5.35,22.2,13.584,649
2023-04-07T00:00:00.000Z,2.7,115.4,8.69,6.7,15.95,10.494,629
2023-04-08T00:00:00.000Z,1.2,157.8,29.6,7.3,48,26.721,646
2023-04-09T00:00:00.000Z,0.4,112.9,36.29,16.89,48.3,21.812,653
2023-04-10T00:00:00.000Z,0,276.2,42.9,21.65,50.55,26.629,616
2023-04-11T00:00:00.000Z,0.1,82.9,16.5,5.95,33.04,17.64,641
2023-04-12T00:00:00.000Z,3.3,166.5,11.1,5.8,20,23.668,659
2023-04-13T00:00:00.000Z,9.1,206.9,34,30.1,45.6,22.452,664
2023-04-14T00:00:00.000Z,4.7,49.4,15,10.4,28.5,11.235,641
2023-04-15T00:00:00.000Z,3.6,177.2,27.1,12.8,42.7,27.884,655
2023-04-16T00:00:00.000Z,1.6,71.8,8.7,5.4,16.39,13.078,655
2023-04-17T00:00:00.000Z,1.7,162.6,26.35,11.9,38.1,20.539,660
2023-04-18T00:00:00.000Z,8.9,239.9,41.6,27.1,62.4,38.722,663
2023-04-19T00:00:00.000Z,5.7,202.4,28.3,16.5,52.3,34.929,667
2023-04-20T00:00:00.000Z,9.5,98.1,21.9,15.2,32.5,15.951,661
2023-04-21T00:00:00.000Z,2.1,111.8,26.4,19.2,36.2,15.048,643
2023-04-22T00:00:00.000Z,4.6,117,13.7,8.8,23.2,16.727,657
2023-04-23T00:00:00.000Z,4.4,197.2,16.5,11.8,25.6,26.038,651
2023-04-24T00:00:00.000Z,4.4,350.1,35.75,16.4,57.75,36.32,652
2023-04-25T00:00:00.000Z,22.8,276.2,43.35,34.4,55,34.932,658
2023-04-26T00:00:00.000Z,15.3,268.2,74.5,35.7,138,59.636,667
2023-04-27T00:00:00.000Z,15.7,126.2,39.85,28,60.15,20.471,632
2023-04-28T00:00:00.000Z,0.2,35.2,10.19,6.4,15.5,7.062,631
2023-04-29T00:00:00.000Z,0.5,54,21.4,11.6,29.8,11.435,667
2023-04-30T00:00:00.000Z,1.7,174,19.64,11.5,34.9,20.953,656
2023-05-01T00:00:00.000Z,1.5,256.2,35.1,16.1,65,40.19,657
2023-05-02T00:00:00.000Z,2.6,317.1,37.4,11.35,77.3,60.146,652
2023-05-03T00:00:00.000Z,4.2,124.8,11.8,9,22.1,12.792,633
2023-05-04T00:00:00.000Z,3.4,284.5,12.2,8.19,35.35,43.814,648
2023-05-05T00:00:00.000Z,3.6,65.5,9.9,7.1,16.39,9.524,646
2023-05-06T00:00:00.000Z,6.4,284.2,42,22.2,63,41.066,675
2023-05-07T00:00:00.000Z,0.6,268,23.4,8.4,68.59,52.887,650
2023-05-08T00:00:00.000Z,9.2,262.2,38.79,22.7,58.8,35.828,654
2023-05-09T00:00:00.000Z,10.5,190.6,33.79,20.14,49.75,25.354,668
2023-05-10T00:00:00.000Z,10.8,420,50.9,32.6,79.25,43.692,653
2023-05-11T00:00:00.000Z,3.9,308.5,36.6,28.15,57.5,43.581,664
2023-05-12T00:00:00.000Z,5.6,469.5,118.55,37.2,165.8,98.187,630
2023-05-13T00:00:00.000Z,1.7,264.2,15.9,6.9,49.5,62.438,658
2023-05-14T00:00:00.000Z,9.3,199.5,42.9,26.1,56.9,28.384,643
2023-05-15T00:00:00.000Z,11.6,146.4,29.1,23.6,34.4,12.234,639
2023-05-16T00:00:00.000Z,4.7,359.1,25.4,13.2,42,33.207,631
2023-05-17T00:00:00.000Z,1.1,355.2,35.85,16.2,67.6,53.437,622
2023-05-18T00:00:00.000Z,37.2,307.6,90.35,58.6,149.9,66.098,434