# Sensor SICAM2_MT Regimiento, Traiguén, Chile (Purple Air/54999)
# https://aqicn.org/station/@116725/
# Daily pm25
date,min,max,median,q1,q3,stdev,count
2020-05-08T00:00:00.000Z,20.98,318.58,74.87,56.47,94.72,40.765,519
2020-05-09T00:00:00.000Z,6.79,138.47,30.79,20.81,42.72,19.776,473
2020-05-10T00:00:00.000Z,2.02,114.24,16.17,6.38,24.41,13.395,351
2020-05-11T00:00:00.000Z,2.64,171.21,52.81,15.34,76.58,41.369,481
2020-05-12T00:00:00.000Z,1.71,300.58,17.07,8,41.43,32.5,699
2020-05-13T00:00:00.000Z,8.05,236.26,41.57,30.53,61.45,36.293,720
2020-05-14T00:00:00.000Z,14.06,311.42,50.55,42.07,76.54,45.877,714
2020-05-15T00:00:00.000Z,5.33,142.33,31.59,23.38,40.08,15.725,723
2020-05-16T00:00:00.000Z,2.02,301.14,92.03,34.07,145.02,65.976,724
2020-05-17T00:00:00.000Z,0.64,116.09,21.93,7.98,35.99,19.139,721
2020-05-18T00:00:00.000Z,11.44,200.82,44.08,35.19,51.54,34.294,704
2020-05-19T00:00:00.000Z,0,173.48,17.52,5.6,41.14,25.652,722
2020-05-20T00:00:00.000Z,5.23,258.08,39.96,23.94,67.42,40.386,721
2020-05-21T00:00:00.000Z,5.78,170.48,33.17,20.14,53.02,25.69,718
2020-05-22T00:00:00.000Z,7.95,315.26,66.39,43.16,112.11,52.354,707
2020-05-23T00:00:00.000Z,17.75,248.74,76.39,40.81,127.29,56.182,714
2020-05-24T00:00:00.000Z,2.62,381.95,43.71,21.32,76.95,65.696,706
2020-05-25T00:00:00.000Z,1.78,316.67,26.09,12.49,48.67,32.601,718
2020-05-26T00:00:00.000Z,7.18,169.8,29.02,21.47,37.18,15.418,691
2020-05-27T00:00:00.000Z,3.23,125,14.82,9.02,36.78,19.882,717
2020-05-28T00:00:00.000Z,4.17,75.86,22.23,12.6,35.14,13.711,717
2020-05-29T00:00:00.000Z,8.78,459.89,37,25.64,51.49,45.204,719
2020-05-30T00:00:00.000Z,16.34,153.02,35.78,28.75,43.96,17.096,720
2020-05-31T00:00:00.000Z,6.91,155.88,25.16,16.53,36.33,19.226,718
2020-06-01T00:00:00.000Z,14.55,297.04,75.27,49.34,122.54,62.279,657
2020-06-02T00:00:00.000Z,13.59,326.42,69.38,46.6,116.07,64.081,718
2020-06-03T00:00:00.000Z,6.86,363.41,24.08,15.4,40.34,50.778,718
2020-06-04T00:00:00.000Z,9.31,264.36,35.06,24.82,48.54,24.954,716
2020-06-05T00:00:00.000Z,42.13,457.61,82.84,61.84,141.22,80.337,720
2020-06-06T00:00:00.000Z,12.17,233.34,50.76,45.84,62.89,34.427,719
2020-06-07T00:00:00.000Z,15.16,375.75,37.68,29.6,50.44,68.638,719
2020-06-08T00:00:00.000Z,2.23,354.54,38.04,20.54,50.1,34.412,718
2020-06-09T00:00:00.000Z,7.56,437.85,44.02,28.86,160.24,100.474,717
2020-06-10T00:00:00.000Z,6.68,225.18,29.76,16.42,40.82,20.681,718
2020-06-11T00:00:00.000Z,3.88,101.94,21.76,11.48,37.72,16.559,664
2020-06-12T00:00:00.000Z,4,171.75,34.11,20.41,48.44,28.199,715
2020-06-13T00:00:00.000Z,1.95,470.65,72.23,35.57,146.74,89.055,717
2020-06-14T00:00:00.000Z,12.54,305.67,49.46,32.69,83.79,48.656,713
2020-06-15T00:00:00.000Z,5.75,429.07,44.17,32.61,159.36,100.791,713
2020-06-16T00:00:00.000Z,1.05,223.15,22.65,7.75,37.36,31.395,716
2020-06-17T00:00:00.000Z,0.47,237.23,56.1,25.26,109.12,55.485,717
2020-06-18T00:00:00.000Z,0.32,134.21,15.5,6.68,37.26,20.118,718
2020-06-19T00:00:00.000Z,0.56,243.65,34.9,23.84,45.89,29.293,712
2020-06-20T00:00:00.000Z,2.46,221.55,18.77,9.06,38.36,28.091,716
2020-06-21T00:00:00.000Z,2.12,371.16,71.88,38.44,146.15,76.632,715
2020-06-22T00:00:00.000Z,0.71,182.27,27.85,14.42,42.77,25.553,715
2020-06-23T00:00:00.000Z,1.96,233.86,40.32,20.36,58.2,34.168,670
2020-06-24T00:00:00.000Z,0.19,302.82,23.62,8.55,42.98,37.669,662
2020-06-25T00:00:00.000Z,4.88,327.35,41.13,26.76,54.49,63.082,660
2020-06-26T00:00:00.000Z,0.89,354.21,30.79,18.89,46.02,57.574,654
2020-06-27T00:00:00.000Z,5.17,320.33,21.9,17.29,33.67,27.024,606
2020-06-28T00:00:00.000Z,3.31,220.02,15.96,10.51,26.98,26.348,579
2020-06-29T00:00:00.000Z,0,238.96,21.21,7.79,50.53,31.371,551
2020-06-30T00:00:00.000Z,3.61,281.32,21.59,12.68,37.2,29.582,546
2020-07-01T00:00:00.000Z,1.04,123.56,20.49,6.98,43.12,24.332,530
2020-07-02T00:00:00.000Z,3.44,283.56,33.76,16.64,59.75,40.573,536
2020-07-03T00:00:00.000Z,2.41,360.88,32.36,13.38,55.11,53.173,540
2020-07-04T00:00:00.000Z,5.12,510.67,34.61,18.48,99.5,96.526,565
2020-07-05T00:00:00.000Z,1.96,314.2,34.9,15.41,57.98,52.386,544
2020-07-06T00:00:00.000Z,8.19,278.39,122.4,52.67,193.54,76.392,346
2020-07-07T00:00:00.000Z,12.08,258.82,49.8,34.46,69.27,39.804,533
2020-07-08T00:00:00.000Z,0,190.34,41.3,26.59,53.85,26.929,534
2020-07-09T00:00:00.000Z,5.19,270.69,37.79,18.87,48.55,31.111,569
2020-07-10T00:00:00.000Z,0.93,344.57,23.32,6.81,39.95,30.313,556
2020-07-11T00:00:00.000Z,3.34,319.98,37.54,20.16,48.74,28.407,561
2020-07-12T00:00:00.000Z,0,271.52,28.79,14.44,46.69,32.209,561
2020-07-13T00:00:00.000Z,2.33,245.85,18.48,8.86,38.88,42.231,564
2020-07-14T00:00:00.000Z,3.18,348.45,92.29,42.77,134.93,65.212,541
2020-07-15T00:00:00.000Z,18.88,329.23,65.52,43.04,112.14,63.271,552
2020-07-16T00:00:00.000Z,23.91,466.33,60.52,47.78,111.94,91.939,539
2020-07-17T00:00:00.000Z,3.53,299.94,29.11,20.35,37.92,29.082,569
2020-07-18T00:00:00.000Z,3.19,97.38,23.29,12.65,38.11,17.706,565
2020-07-19T00:00:00.000Z,2.73,165.25,25.95,13.16,47.61,28.751,577
2020-07-20T00:00:00.000Z,0,386.02,9.65,4.26,24.14,40.117,548
2020-07-21T00:00:00.000Z,0,236.85,22.76,7.98,37.78,27.624,537
2020-07-22T00:00:00.000Z,1.09,366.3,35.27,10.36,80.45,89.805,534
2020-07-23T00:00:00.000Z,0.83,289.64,19.12,8.17,57.37,56.37,525
2020-07-24T00:00:00.000Z,7.21,280.74,41.53,22.62,80.16,47.714,549
2020-07-25T00:00:00.000Z,12.81,141.61,36.47,27.76,46.37,15.832,555
2020-07-26T00:00:00.000Z,1.62,288.77,28.42,17.98,36.54,40.436,507
2020-07-27T00:00:00.000Z,15.1,227.42,100.39,49.61,163.88,59.535,337
2020-07-30T00:00:00.000Z,27.84,64.47,39.81,34.43,46.07,8.218,90
2020-07-31T00:00:00.000Z,7.57,518.2,46.17,30.23,104.49,103.137,500
2020-08-01T00:00:00.000Z,1.82,363.73,47.7,29.62,81.79,71.076,501
2020-08-02T00:00:00.000Z,4.88,459.36,48.56,22.89,78.95,112.762,118
2020-08-06T00:00:00.000Z,12.23,49.75,25.91,20.62,33,9.073,170
2020-08-07T00:00:00.000Z,3.68,337.59,33.09,20.99,48.67,44.982,633
2020-08-08T00:00:00.000Z,3.53,439.38,99.72,35.52,168.88,86.105,622
2020-08-09T00:00:00.000Z,4.13,209.23,34.84,22.67,48.56,36.751,627
2020-08-10T00:00:00.000Z,0.39,151.66,22.35,11.93,40,23.5,631
2020-08-11T00:00:00.000Z,0.83,416.48,68.54,26.39,167.49,97.674,619
2020-08-12T00:00:00.000Z,1.97,256.69,35.1,21.31,47.63,29.93,634
2020-08-13T00:00:00.000Z,0,203.06,36.47,8.52,47.84,28.97,603
2020-08-14T00:00:00.000Z,1.28,156.84,35.15,13.1,48.62,28.625,628
2020-08-15T00:00:00.000Z,0.02,164.87,23.34,9.34,48.37,30.13,637
2020-08-16T00:00:00.000Z,4.84,216.13,31.84,16.02,54.96,47.581,622
2020-08-17T00:00:00.000Z,0,195.81,10.7,4.49,38.79,26.959,619
2020-08-18T00:00:00.000Z,0,219.42,24.28,9.01,42.36,32.136,628
2020-08-19T00:00:00.000Z,7.14,516.32,34.78,25.55,47.33,73.468,591
2020-08-20T00:00:00.000Z,3.54,81.84,20.98,14.52,30.16,11.877,571
2020-08-21T00:00:00.000Z,8.16,246.17,26.24,16.63,47.36,31.482,577
2020-08-22T00:00:00.000Z,13.19,248.32,33.44,23.34,51.88,30.514,524
2020-08-23T00:00:00.000Z,13.34,245.53,39.78,34.64,67.11,46.108,526
2020-08-24T00:00:00.000Z,5.75,205.24,28.24,19.67,36.79,24.204,476
2020-08-25T00:00:00.000Z,0,152.55,10.09,5.68,21.98,18.784,490
2020-08-26T00:00:00.000Z,0.52,100.96,16.1,8.55,25.22,14.569,506
2020-08-27T00:00:00.000Z,2.78,149.77,22.44,14.06,40.68,24.542,556
2020-08-28T00:00:00.000Z,3.04,162.11,25.67,15.51,40.58,21.742,517
2020-08-29T00:00:00.000Z,2.11,229.79,25.52,15.37,43.74,37.76,504
2020-08-30T00:00:00.000Z,2.47,292.56,14.37,9.24,36.97,35.007,511
2020-08-31T00:00:00.000Z,2.2,117.68,13.95,8.65,21.22,11.945,500
2020-09-01T00:00:00.000Z,9.68,250.68,43.51,37.07,52.85,36.889,531
2020-09-02T00:00:00.000Z,11.02,197.98,42.65,36.27,51.79,20.95,516
2020-09-03T00:00:00.000Z,8.09,256.51,46.09,30.11,62.68,28.791,490
2020-09-04T00:00:00.000Z,11.76,301.66,59.53,38.77,89.29,50.5,510
2020-09-05T00:00:00.000Z,12.07,294.57,58.17,30.62,123.85,61.675,498
2020-09-06T00:00:00.000Z,16.14,348.89,45.46,36.86,65.38,51.363,497
2020-09-07T00:00:00.000Z,27.4,190.8,48.53,39.39,57.67,23.581,476
2020-09-08T00:00:00.000Z,5.45,154.36,37.89,25.62,48.4,26.707,414
2020-09-09T00:00:00.000Z,5.73,169.87,38.61,25.21,55.93,28.537,382
2020-09-10T00:00:00.000Z,5.44,166.93,24.3,16.67,36.51,24.241,394
2020-09-11T00:00:00.000Z,1.57,244.41,21.9,14.58,41.4,32.456,346
2020-09-12T00:00:00.000Z,0.13,240.95,20.14,7.38,39.7,40.499,322
2020-09-13T00:00:00.000Z,0,220.49,26.57,14.47,47.37,36.458,376
2020-09-14T00:00:00.000Z,3.34,63.24,14.43,10.81,22.71,10.71,344
2020-09-15T00:00:00.000Z,0.54,82.76,15.44,7.07,25.96,12.935,339
2020-09-16T00:00:00.000Z,0.95,138.19,24.28,9.41,46.78,25.551,436
2020-09-17T00:00:00.000Z,0.4,137.63,7.51,2.87,15.39,17.537,361
2020-09-18T00:00:00.000Z,1.88,98.78,15.4,8.14,33.9,20.454,359
2020-09-19T00:00:00.000Z,2.14,71.56,7.82,5.81,13.95,8.673,418
2020-09-20T00:00:00.000Z,2.35,75.59,7.32,4.53,21,11.154,426
2020-09-21T00:00:00.000Z,7.24,178.74,16,12.33,25.09,18.998,415
2020-09-22T00:00:00.000Z,0.61,34.93,8.09,4.5,14,7.234,430
2020-09-23T00:00:00.000Z,9.07,142.77,26.6,18.92,34.15,14.301,452
2020-09-24T00:00:00.000Z,10.81,108.73,21.47,17.34,28.53,12.278,463
2020-09-25T00:00:00.000Z,18.07,145.88,37.09,31.52,47.74,20.479,486
2020-09-26T00:00:00.000Z,14.16,118.57,34.75,21.57,49.41,19.29,485
2020-09-27T00:00:00.000Z,11.36,237.96,37.44,23.01,48.59,48.203,496
2020-09-28T00:00:00.000Z,5.91,159.35,15.91,9.98,32.03,18.131,456
2020-09-29T00:00:00.000Z,0.63,120.36,19.64,12.81,27.53,13.166,435
2020-09-30T00:00:00.000Z,0.07,113.19,17,7.43,29.47,15.92,391
2020-10-01T00:00:00.000Z,1.02,224.07,49.38,21.42,83.33,42.028,304
2020-10-02T00:00:00.000Z,3.19,202.75,18.79,10.54,38.94,28.746,288
2020-10-03T00:00:00.000Z,2.39,131.97,19.73,14.69,37.9,24.842,283
2020-10-04T00:00:00.000Z,3.37,295.77,51.28,20.37,85.09,50.563,295
2020-10-05T00:00:00.000Z,3.21,139.75,11.02,7.8,17.14,17.526,313
2020-10-06T00:00:00.000Z,1.9,153.47,16.42,11.21,25.62,24.719,338
2020-10-07T00:00:00.000Z,0.13,166.21,16.53,9.34,40.53,27.133,322
2020-10-08T00:00:00.000Z,1.71,114.6,15.29,8.77,30.89,21.033,318
2020-10-09T00:00:00.000Z,1.61,175.56,41.31,8.34,67.06,34.854,365
2020-10-10T00:00:00.000Z,2.14,67.98,16.05,9.34,24.23,11.564,403
2020-10-11T00:00:00.000Z,2.91,54.89,7.96,5.88,12.99,9.269,416
2020-10-12T00:00:00.000Z,2.95,80.78,10.25,6.52,18.73,9.938,373
2020-10-13T00:00:00.000Z,1.98,33.47,8.85,5.82,12.87,5.501,392
2020-10-14T00:00:00.000Z,2.79,17.29,7.2,5.56,9.06,2.814,412
2020-10-15T00:00:00.000Z,2.64,89.29,17.52,10.51,24.88,11.812,406
2020-10-16T00:00:00.000Z,4.67,51.49,13.39,10.78,15.64,5.662,402
2020-10-17T00:00:00.000Z,6.33,64.91,25.69,18.11,30.81,9.967,422
2020-10-18T00:00:00.000Z,0.68,78.11,18.53,7.48,36.5,17.006,392
2020-10-19T00:00:00.000Z,1.25,77.06,7.45,4.62,22.32,17.641,394
2020-10-20T00:00:00.000Z,1.5,83.5,8.19,4.84,12.5,9.03,397
2020-10-21T00:00:00.000Z,1.3,116.46,14.36,5.23,23.19,16.901,379
2020-10-22T00:00:00.000Z,1.23,22.38,8.19,6.52,10.38,3.898,395
2020-10-23T00:00:00.000Z,0.8,180.98,9.31,6.43,15.79,11.38,375
2020-10-24T00:00:00.000Z,4.42,121.79,25.31,15.34,37.64,16.136,399
2020-10-25T00:00:00.000Z,0.05,130.75,15.81,7.4,42.46,24.95,482
2020-10-26T00:00:00.000Z,0.18,115.49,9.96,4.18,23.88,15.151,457
2020-10-27T00:00:00.000Z,0.43,98.86,14.35,7.25,24.04,12.133,403
2020-10-28T00:00:00.000Z,0.46,126.25,9.07,4.94,22.67,14.629,429
2020-10-29T00:00:00.000Z,0.79,30.89,7.55,5.09,11.55,5.619,435
2020-10-30T00:00:00.000Z,0.95,41.29,6.4,4.45,11.27,6.086,451
2020-10-31T00:00:00.000Z,2.31,39.02,9.46,6.76,12.27,5.591,409
2020-11-01T00:00:00.000Z,4.32,51.39,14.52,9.32,22.29,8.045,460
2020-11-02T00:00:00.000Z,4.93,177.09,12.31,9.42,14.95,8.669,439
2020-11-03T00:00:00.000Z,5.56,51.14,13.74,10.59,18.23,8.058,433
2020-11-04T00:00:00.000Z,0.41,42.33,9.08,4.45,15.39,6.691,332
2020-11-05T00:00:00.000Z,1.61,68.34,7.04,4.45,12.6,9.901,320
2020-11-06T00:00:00.000Z,2.19,11.72,4.12,3.53,5.44,1.647,308
2020-11-07T00:00:00.000Z,2.04,31.11,5.82,4.04,8.43,4.215,344
2020-11-08T00:00:00.000Z,2.7,41.32,7.31,5.54,10.33,6.352,296
2020-11-09T00:00:00.000Z,2.12,67.06,7.24,5.66,9.36,7.047,233
2020-11-10T00:00:00.000Z,6.47,40.08,11.24,9.6,14.44,6.225,291
2020-11-11T00:00:00.000Z,2.25,30.41,9.71,7.43,12.25,4.672,305
2020-11-12T00:00:00.000Z,0.52,23.71,4,2.44,6.31,3.611,277
2020-11-13T00:00:00.000Z,0.91,85.59,6.09,4.13,8.77,9.487,269
2020-11-14T00:00:00.000Z,0.49,48.23,3.25,2.21,5.8,5.485,309
2020-11-15T00:00:00.000Z,0.37,43.08,3.76,2.71,5.64,6.098,252
2020-11-16T00:00:00.000Z,1.07,40.77,5.47,3.46,8.15,6.121,240
2020-11-17T00:00:00.000Z,1.07,19.45,3.51,2.25,4.79,2.678,254
2020-11-20T00:00:00.000Z,8.93,28.81,12.63,10.48,16.78,4.801,38
2020-11-21T00:00:00.000Z,3.71,54.46,10.88,7.53,14.96,6.404,280
2020-11-22T00:00:00.000Z,1.07,49.16,6.49,3,11.92,10.106,281
2020-11-23T00:00:00.000Z,0.74,60.71,5.64,3.53,14.52,9.168,249
2020-11-24T00:00:00.000Z,0.34,48.56,10.57,3.61,28.78,13.11,261
2020-11-25T00:00:00.000Z,0.93,25.36,6.79,3.57,10,4.706,276
2020-11-26T00:00:00.000Z,0.2,20.39,4.13,2.46,5.72,2.669,252
2020-11-27T00:00:00.000Z,0.75,25.36,3.8,2.7,5.21,3.258,235
2020-11-28T00:00:00.000Z,0.93,41.62,7.35,5.23,12.2,9.421,258
2020-11-29T00:00:00.000Z,0.15,85.78,2.73,1.69,8.41,12.142,269
2020-11-30T00:00:00.000Z,0.64,19.07,3.41,2.6,5.27,2.978,243
2020-12-01T00:00:00.000Z,0.57,33.85,3.29,2.39,5.65,3.966,232
2020-12-02T00:00:00.000Z,0.48,21.4,3.72,2.45,4.86,2.774,255
2020-12-03T00:00:00.000Z,0.81,41.02,3.43,2.02,5.14,4.669,218
2020-12-04T00:00:00.000Z,0.86,22,3.12,2.25,4.69,2.852,250
2020-12-05T00:00:00.000Z,1.21,35.47,5.37,3.02,8.1,5.164,243
2020-12-06T00:00:00.000Z,0.32,15.14,5.19,3.16,6.62,2.554,313
2020-12-07T00:00:00.000Z,0.28,16.53,3.07,2.06,5.01,2.09,251
2020-12-08T00:00:00.000Z,0.79,12.33,4.3,2.69,5.77,2.09,228
2021-04-10T00:00:00.000Z,3.3,73.3,11.5,7.35,16.2,14.734,241
2021-04-11T00:00:00.000Z,2.3,146.9,26.55,10.4,44.5,28.802,392
2021-04-12T00:00:00.000Z,2.4,132.6,9.6,6.2,15.8,22.677,387
2021-04-13T00:00:00.000Z,3,34.2,7.85,6.1,13.1,4.885,386
2021-04-14T00:00:00.000Z,0.9,71.6,9.69,3.5,17.95,12.672,384
2021-04-15T00:00:00.000Z,1.8,91.9,27.7,9.05,36.15,14.99,396
2021-04-16T00:00:00.000Z,1.9,58.7,9.8,7,14.4,7.372,396
2021-04-17T00:00:00.000Z,5.4,77.7,32.7,27.9,42,14.378,403
2021-04-18T00:00:00.000Z,28.2,153,45.9,37.79,53.2,23.179,395
2021-04-19T00:00:00.000Z,5.4,270.8,22.7,13.5,33.1,53.991,399
2021-04-20T00:00:00.000Z,3.8,111.8,12.2,7.1,23.2,13.762,390
2021-04-21T00:00:00.000Z,1.3,114.6,17.1,11.95,27.05,18.315,400
2021-04-22T00:00:00.000Z,1.6,101.4,10.25,6.1,18.39,13.031,374
2021-04-23T00:00:00.000Z,2.4,111.5,17,12.1,27.5,24.132,383
2021-04-24T00:00:00.000Z,4.4,75.3,11.4,7.9,21.4,12.868,393
2021-04-25T00:00:00.000Z,4.3,93.5,16.95,10,27.4,14.876,386
2021-04-26T00:00:00.000Z,0.2,50.3,9.05,5.3,13.6,8.469,402
2021-04-27T00:00:00.000Z,1.8,156.8,27,13.7,39.25,18.616,408
2021-04-28T00:00:00.000Z,2.1,213.1,37.4,23.2,53.9,37.241,404
2021-04-29T00:00:00.000Z,9.1,228.9,31.5,24.7,42.55,31.944,401
2021-04-30T00:00:00.000Z,26.7,222.6,42.6,36.6,52.05,32.613,389
2021-05-01T00:00:00.000Z,0.8,46,8.9,6.4,16.89,9.597,401
2021-05-02T00:00:00.000Z,0.8,140.5,19.6,9.35,33,20.9,401
2021-05-03T00:00:00.000Z,0.4,115.7,17.6,7.7,41.4,23.217,384
2021-05-04T00:00:00.000Z,4.7,203.6,17.8,12.7,38.95,25.422,392
2021-05-05T00:00:00.000Z,11.9,198.7,29.2,21.3,48,29.943,391
2021-05-06T00:00:00.000Z,5.5,220.3,31.15,25.1,42.2,28.421,372
2021-05-07T00:00:00.000Z,30.1,260.6,64.75,50.7,105.85,49.01,388
2021-05-08T00:00:00.000Z,16.8,368.9,61.1,47.1,101.3,55.21,401
2021-05-09T00:00:00.000Z,4.2,399.3,14.1,8.3,57.95,70.972,393
2021-05-10T00:00:00.000Z,3.7,97.4,13.5,9.4,20.9,13.327,397
2021-05-11T00:00:00.000Z,7.3,138.3,37.7,16.2,55.8,25.206,385
2021-05-12T00:00:00.000Z,12.4,331.9,41.95,30.7,58.2,41.241,390
2021-05-13T00:00:00.000Z,2.2,245.6,49.8,33.9,80.3,43.358,391
2021-05-14T00:00:00.000Z,8.7,182,46.75,31.65,68.9,38.287,388
2021-05-15T00:00:00.000Z,3.6,417.3,38.2,15.15,51.95,57.541,389
2021-05-16T00:00:00.000Z,10.1,172.9,23.7,15,42.4,23.121,406
2021-05-17T00:00:00.000Z,31,353.2,90.9,59.95,144.5,71.308,380
2021-05-18T00:00:00.000Z,33.8,304.2,61.7,52.4,83.7,39.056,386
2021-05-19T00:00:00.000Z,1,52.4,17.6,11.2,26.25,11.661,389
2021-05-20T00:00:00.000Z,0.9,71.3,14.65,5.75,24.7,13.265,408
2021-05-21T00:00:00.000Z,5.2,251,33.7,19.89,53.2,35.992,399
2021-05-22T00:00:00.000Z,0.8,146.5,26.5,15.6,36.6,18.92,370
2021-05-23T00:00:00.000Z,3.6,345.2,36.4,23.05,80,65.485,392
2021-05-24T00:00:00.000Z,4.1,251.1,27.45,15.8,49.9,41.413,400
2021-05-25T00:00:00.000Z,0.6,132.8,20.1,9.15,36.95,23.087,413
2021-05-26T00:00:00.000Z,2.3,106.4,30.5,19.5,39.45,17.742,396
2021-05-27T00:00:00.000Z,12.3,119.6,36,30.1,44.7,14.5,378
2021-05-28T00:00:00.000Z,3.4,111.4,27.2,15.8,41.8,21.703,409
2021-05-29T00:00:00.000Z,1.5,293.7,36.65,10,62.5,34.961,390
2021-05-30T00:00:00.000Z,4,271.1,43.9,28.6,78,50.653,398
2021-05-31T00:00:00.000Z,2,65.8,31.4,15.95,38.95,14.324,389
2021-06-01T00:00:00.000Z,0.1,151.1,23.5,10.65,33.2,21.01,409
2021-06-02T00:00:00.000Z,1.6,257.2,32.95,19.64,46.45,30.469,396
2021-06-03T00:00:00.000Z,6.4,126.4,29.1,16.7,36.85,15.303,404
2021-06-04T00:00:00.000Z,2,396.6,36.4,13.6,69.09,71.111,393
2021-06-05T00:00:00.000Z,7.4,259.6,40.1,28.05,60.3,38.29,408
2021-06-06T00:00:00.000Z,0,159,27,12.1,51.8,29.134,406
2021-06-07T00:00:00.000Z,3.5,503.5,43.7,28.6,137.9,123.595,478
2021-06-08T00:00:00.000Z,7.1,249,30.5,21.9,47.6,37.669,433
2021-06-09T00:00:00.000Z,0.2,154.7,25.45,7,36,23.062,458
2021-06-10T00:00:00.000Z,2.2,389.4,53.95,36.2,98,86.313,424
2021-06-11T00:00:00.000Z,2.2,438.2,28.95,15.3,46.45,48.654,548
2021-06-12T00:00:00.000Z,0.8,315.4,35.5,20.35,54.85,62.818,597
2021-06-13T00:00:00.000Z,0.3,75.8,27.7,20.6,35.65,14.011,600
2021-06-14T00:00:00.000Z,5,67.6,20.5,14.8,34.4,12.895,599
2021-06-15T00:00:00.000Z,4.5,319,29.2,10.25,42.8,61.054,597
2021-06-16T00:00:00.000Z,8.5,386.9,87.4,49.6,143.8,70.875,607
2021-06-17T00:00:00.000Z,8.5,255.2,37.45,31.9,47.3,30.753,602
2021-06-18T00:00:00.000Z,20.5,550.3,71.59,39.6,187.95,118.596,620
2021-06-19T00:00:00.000Z,5.2,383.6,39.79,27.5,68,54.103,608
2021-06-20T00:00:00.000Z,22.4,372.4,50.7,39.29,186.9,93.52,591
2021-06-21T00:00:00.000Z,10.4,93.9,35.1,28.1,41.7,12.382,593
2021-06-22T00:00:00.000Z,5.5,155.2,24.95,16.25,37.4,24.675,604
2021-06-23T00:00:00.000Z,0.4,329.8,19.3,9.1,36.5,37.664,606
2021-06-24T00:00:00.000Z,2.2,174.5,26.25,12.65,39.6,18.999,628
2021-06-25T00:00:00.000Z,3.1,350,32.45,17.55,52.75,46.433,592
2021-06-26T00:00:00.000Z,4.8,422.3,137.19,53.3,177,92.329,605
2021-06-27T00:00:00.000Z,12.2,274.3,25.4,18.39,37.6,30.737,586
2021-06-28T00:00:00.000Z,17.7,476.6,122,72.3,209.2,101.831,607
2021-06-29T00:00:00.000Z,21.1,601.6,217.55,80.3,294.39,139.317,602
2021-06-30T00:00:00.000Z,31.3,344.7,78.9,54.8,174.05,83.28,621
2021-07-01T00:00:00.000Z,14.6,294.2,60.8,46.25,88.35,45.163,597
2021-07-02T00:00:00.000Z,2,520.1,48.05,32.7,65.55,36.716,604
2021-07-03T00:00:00.000Z,7.4,448.7,70.55,25,148.19,78.299,612
2021-07-04T00:00:00.000Z,3.5,276.2,33.79,12,69.65,49.979,609
2021-07-05T00:00:00.000Z,13,383,38.9,22.8,57.7,43.872,598
2021-07-06T00:00:00.000Z,16,122.1,33.79,29.55,38.35,11.731,612
2021-07-07T00:00:00.000Z,13.3,220.2,36.04,29.1,50.7,30.978,596
2021-07-08T00:00:00.000Z,12.6,359,50.25,42.6,80.34,52.085,592
2021-07-09T00:00:00.000Z,0.8,297.1,34.75,20.9,46.3,23.029,614
2021-07-10T00:00:00.000Z,2.3,371.9,46.8,14.1,115.7,76.826,599
2021-07-11T00:00:00.000Z,6.1,148.8,22.5,14.7,34.1,20.463,618
2021-07-12T00:00:00.000Z,3.7,320.4,27.2,18,65.55,59.027,564
2021-07-13T00:00:00.000Z,14.1,106.6,33.7,27.3,44.25,13.61,549
2021-07-14T00:00:00.000Z,2,351.6,42.1,25.6,83.9,62.057,607
2021-07-15T00:00:00.000Z,4,306.9,48.7,23.1,190.5,87.633,627
2021-07-16T00:00:00.000Z,2.5,344.7,28,14.05,51.7,45.611,617
2021-07-17T00:00:00.000Z,7.1,409.6,68.6,38,129.5,81.852,598
2021-07-18T00:00:00.000Z,8.3,479.4,40.7,22.7,76.3,65.859,588
2021-07-19T00:00:00.000Z,11.6,382.3,53.8,37.6,86.6,56.081,607
2021-07-20T00:00:00.000Z,16.9,300,38.4,30.8,50.5,36.545,583
2021-07-21T00:00:00.000Z,6.1,138,30.1,22.5,44,19.314,587
2021-07-22T00:00:00.000Z,6.1,191.6,23.35,15.7,33.95,16.671,576
2021-07-23T00:00:00.000Z,19.7,293.9,41.5,32.6,110.2,65.661,595
2021-07-24T00:00:00.000Z,7.8,253,45.3,39,61.3,42.932,579
2021-07-25T00:00:00.000Z,1.5,83.3,21.25,8.6,31.3,15.378,578
2021-07-26T00:00:00.000Z,3.7,293.4,19.7,11.6,35.6,32.995,571
2021-07-27T00:00:00.000Z,5.3,492.8,19.55,13.3,75,107.963,582
2021-07-28T00:00:00.000Z,7.4,292.6,28.9,16.1,43.8,29.304,577
2021-07-29T00:00:00.000Z,8.5,191.1,29.8,21.8,53.65,31.887,549
2021-07-30T00:00:00.000Z,10,293.6,42.8,34.5,55.2,36.076,555
2021-07-31T00:00:00.000Z,6.7,393.7,30.65,18.14,42.15,45.811,600
2021-08-01T00:00:00.000Z,8.3,328.7,24.2,18.5,56.6,49.838,575
2021-08-02T00:00:00.000Z,7.7,224.2,29.6,19.2,51.3,39.293,587
2021-08-03T00:00:00.000Z,7.1,282.8,22.6,15.2,34.9,32.598,581
2021-08-04T00:00:00.000Z,13.3,382.7,40.54,28.6,56.3,40.334,546
2021-08-05T00:00:00.000Z,18.9,194.1,42.4,34.9,48.4,19.853,591
2021-08-06T00:00:00.000Z,2.7,214.4,42,37.1,50,19.208,555
2021-08-07T00:00:00.000Z,1.2,148,17.89,11.4,32.8,24.957,528
2021-08-08T00:00:00.000Z,4.1,92.9,26.85,14.9,36.1,15.488,538
2021-08-09T00:00:00.000Z,10.7,165,31.1,22.3,49.7,25.463,547
2021-08-10T00:00:00.000Z,6.5,102.6,23.65,16.7,36.3,13.973,540
2021-08-11T00:00:00.000Z,10,496.5,40.6,24.7,51.2,26.002,543
2021-08-12T00:00:00.000Z,6.8,342.8,28.8,20.8,48.2,58.933,563
2021-08-13T00:00:00.000Z,26.5,338.2,43.6,33.04,67,46.842,420
2021-08-14T00:00:00.000Z,29.3,326.5,46.7,41.5,55,34.343,524
2021-08-15T00:00:00.000Z,29.8,423.6,50.4,46,57.7,59.79,547
2021-08-16T00:00:00.000Z,1.6,145.8,19.7,11.25,25.95,16.293,457
2021-08-17T00:00:00.000Z,5.1,132.7,21.75,10.7,32,18.926,566
2021-08-18T00:00:00.000Z,0.1,116.1,22.55,10.65,37,20.471,540
2021-08-19T00:00:00.000Z,0.9,235.3,30.8,15.4,44.5,27.651,550
2021-08-20T00:00:00.000Z,0,231.4,25.5,11.6,37.2,25.042,565
2021-08-21T00:00:00.000Z,0,57.5,10.19,2.6,22.4,12.551,491
2021-08-22T00:00:00.000Z,0.4,158.6,23.5,13.3,35,21.199,511
2021-08-23T00:00:00.000Z,0.4,301.3,31.9,19.2,87.6,71.171,539
2021-08-24T00:00:00.000Z,1.6,287,16.5,10.9,62.3,56.519,557
2021-08-25T00:00:00.000Z,2.1,235.7,26.55,16.5,38.1,22.225,546
2021-08-26T00:00:00.000Z,3,261.6,25.15,12.8,36.4,22.098,534
2021-08-27T00:00:00.000Z,3.6,380.4,53,25.85,158.75,88.275,541
2021-08-28T00:00:00.000Z,0.5,100.3,11.2,6.25,20.14,12.013,480
2021-08-29T00:00:00.000Z,3,239.6,27.7,14.6,42.45,37.345,513
2021-08-30T00:00:00.000Z,0.6,365.9,18.6,8.8,34.9,33.324,516
2021-08-31T00:00:00.000Z,1.9,139.7,18.39,10.65,35.1,24.735,533
2021-09-01T00:00:00.000Z,2.4,246.6,31.2,15.9,63.1,37.757,571
2021-09-02T00:00:00.000Z,4.8,218.7,28.75,12.1,46,25.59,542
2021-09-03T00:00:00.000Z,12.9,106.8,29.6,21.7,44.2,16.954,423
2021-09-04T00:00:00.000Z,4.9,113.4,24,16.2,34,13.268,539
2021-09-05T00:00:00.000Z,2.2,99.8,16.7,8.6,29.3,17.186,455
2021-09-06T00:00:00.000Z,0.4,298.7,30,11.2,55.9,53.25,420
2021-09-07T00:00:00.000Z,0.4,97.4,9.25,4.5,20.05,15.025,236
2021-09-08T00:00:00.000Z,5.1,212.7,24.1,12,56.8,38.738,599
2021-09-09T00:00:00.000Z,3.2,225.8,18.64,12.8,32.54,32.289,596
2021-09-10T00:00:00.000Z,3.2,150.1,23.8,12.3,37.6,20.665,602
2021-09-11T00:00:00.000Z,0.9,155.2,25.6,16.5,39.1,24.058,595
2021-09-12T00:00:00.000Z,1.4,70.3,17.89,10.4,31.7,13.436,531
2021-09-13T00:00:00.000Z,0.3,217.7,20,7.1,32.7,24.78,587
2021-09-14T00:00:00.000Z,0.2,390.3,50.4,11.6,73.2,53.593,619
2021-09-15T00:00:00.000Z,0.3,196,30.3,4.5,49.4,36.793,620
2021-09-16T00:00:00.000Z,3.2,260.1,15.3,8.4,26.6,21.166,627
2021-09-17T00:00:00.000Z,0.3,63.2,11.4,4.8,21.75,12.287,621
2021-09-18T00:00:00.000Z,0.2,174.5,12.6,6.8,28.25,25.127,637
2021-09-19T00:00:00.000Z,1.8,283.2,17.5,8.05,33.75,24.073,616
2021-09-20T00:00:00.000Z,1.8,328.4,16.05,10,30.4,31.98,618
2021-09-21T00:00:00.000Z,4.8,102.3,18.8,11.55,29.95,15.603,604
2021-09-22T00:00:00.000Z,9.2,82.6,21.9,16.39,33.79,13.77,591
2021-09-23T00:00:00.000Z,6.2,186.5,16.6,11.9,31.7,20.702,613
2021-09-24T00:00:00.000Z,6,627.8,16.6,12,38,32.005,586
2021-09-25T00:00:00.000Z,4.5,96.1,25.1,17.1,35.4,13.418,627
2021-09-26T00:00:00.000Z,1.1,253,10.1,6.2,29.2,32.128,601
2021-09-27T00:00:00.000Z,2.6,183.5,10.2,6.6,28.1,21.185,627
2021-09-28T00:00:00.000Z,2.8,204.5,9.4,7,24.4,26.148,590
2021-09-29T00:00:00.000Z,4.1,133.2,26.5,17.5,46.9,23.949,610
2021-09-30T00:00:00.000Z,0.6,134.5,24.5,11.2,36.7,17.914,584
2021-10-01T00:00:00.000Z,0.3,119.2,17,6.75,29.2,15.998,609
2021-10-02T00:00:00.000Z,0.9,136,14.1,6.5,33.8,20.484,626
2021-10-03T00:00:00.000Z,1.8,140,20.3,6.7,53.6,32.25,623
2021-10-04T00:00:00.000Z,1.9,53.8,10.19,6,22.8,10.706,615
2021-10-05T00:00:00.000Z,1.5,96,11.3,7.2,17,12.157,607
2021-10-06T00:00:00.000Z,0.2,63.1,9.9,7.1,21.05,14.583,589
2021-10-07T00:00:00.000Z,0.6,51.9,7.7,5.7,12.5,8.945,611
2021-10-08T00:00:00.000Z,10.6,110.8,20.75,16,34.79,17.475,610
2021-10-09T00:00:00.000Z,6.3,40.5,11.2,9.3,18,8.086,598
2021-10-10T00:00:00.000Z,13.9,66.5,26.15,23.1,31,7.034,610
2021-10-11T00:00:00.000Z,3.8,85,11.5,8.8,23.6,13.057,600
2021-10-12T00:00:00.000Z,6.7,114.4,21.2,13.65,34.35,13.906,609
2021-10-13T00:00:00.000Z,9,195.9,23.6,17.05,35.35,17.578,613
2021-10-14T00:00:00.000Z,0.4,98.8,16.7,8.19,29.6,14.959,619
2021-10-15T00:00:00.000Z,0.8,157.4,14.05,6.25,41.35,28.287,636
2021-10-16T00:00:00.000Z,0.5,128.3,12.6,7.2,30.4,19.234,617
2021-10-17T00:00:00.000Z,4,232.2,34.5,21.9,54.6,47.612,271
2021-10-18T00:00:00.000Z,3,12.6,4.9,4.2,5.8,1.556,259
2021-10-19T00:00:00.000Z,3,99.7,6.7,4.8,11.5,9.843,592
2021-10-20T00:00:00.000Z,0.8,56.9,16.4,6.8,28.3,13.021,603
2021-10-21T00:00:00.000Z,0.8,63.3,7.6,4.5,21.3,12.688,611
2021-10-22T00:00:00.000Z,1.8,106.3,9.4,5.7,23.25,15.446,612
2021-10-23T00:00:00.000Z,0.4,78.9,8.1,5.2,16.8,11.849,601
2021-10-24T00:00:00.000Z,0.3,128.7,11,3.75,29.35,20.224,625
2021-10-25T00:00:00.000Z,1.1,39.9,7.2,3.9,11.8,6.332,627
2021-10-26T00:00:00.000Z,0.8,47.8,5,3.6,8.3,8.565,591
2021-10-27T00:00:00.000Z,1,30,8.1,4.5,10.8,4.987,594
2021-10-28T00:00:00.000Z,1.9,82.4,8.8,6.35,11.6,10.794,609
2021-10-29T00:00:00.000Z,1.7,69.4,10.2,6.3,14.1,7.581,610
2021-10-30T00:00:00.000Z,2.4,27.1,5.4,4.2,8.8,5.088,589
2021-10-31T00:00:00.000Z,1.9,80.8,17.1,6.65,25.05,11.851,629
2021-11-01T00:00:00.000Z,5.8,23.9,10,8.4,12.7,3.335,595
2021-11-02T00:00:00.000Z,0.2,140.6,7,5,12.1,11.453,598
2021-11-03T00:00:00.000Z,2.5,64.4,12.5,8.8,20.75,9.656,605
2021-11-04T00:00:00.000Z,0.3,72,7.4,3.7,14.8,13.583,610
2021-11-05T00:00:00.000Z,1.2,26.4,4.4,3.35,6.95,4.545,588
2021-11-06T00:00:00.000Z,1.9,44.4,7.9,5.3,12.2,7.277,575
2021-11-07T00:00:00.000Z,0.5,19.3,5.2,3.2,7.8,3.618,586
2021-11-08T00:00:00.000Z,1.2,54.3,6,4.3,9.4,7.063,476
2021-11-09T00:00:00.000Z,2.9,54.4,6.7,4.7,9.44,6.456,596
2021-11-10T00:00:00.000Z,1.8,42.1,6.5,3.8,11.8,7.111,570
2021-11-11T00:00:00.000Z,1.4,55.6,7.4,4.2,12.6,7.829,563
2021-11-12T00:00:00.000Z,2.7,73.1,12.1,8.6,15.7,8.066,606
2021-11-13T00:00:00.000Z,0.1,35,5.05,2.7,8.69,5.75,592
2021-11-14T00:00:00.000Z,0.3,99.3,12.3,6.15,26.85,16.681,593
2021-11-15T00:00:00.000Z,0.1,38.3,3.35,1.7,7.05,7.23,576
2021-11-16T00:00:00.000Z,0,16.6,3.4,2,4.9,3.047,601
2021-11-17T00:00:00.000Z,0.1,164.2,4.59,2.9,8.5,27.718,596
2021-11-18T00:00:00.000Z,0,31.1,4.2,2.9,5.7,3.369,592
2021-11-19T00:00:00.000Z,1.8,54.3,4.09,2.9,6,4.869,566
2021-11-20T00:00:00.000Z,0.5,27.3,4.8,2.9,6.3,3.468,562
2021-11-21T00:00:00.000Z,0,19,4,0.9,5.7,3.377,566
2021-11-22T00:00:00.000Z,0.1,13.8,2.1,1.5,3.1,1.703,565
2021-11-23T00:00:00.000Z,0.2,55.9,3.2,2.2,4.8,4.122,567
2021-11-24T00:00:00.000Z,1.7,202.6,25.6,5.6,43.85,35.531,588
2021-11-25T00:00:00.000Z,2.8,32.5,10.4,6.7,13.7,5.371,559
2021-11-26T00:00:00.000Z,0.2,20.6,2.5,1.6,3.4,2.156,559
2021-11-27T00:00:00.000Z,0.7,24.6,3.6,2.6,5.09,2.843,569
2021-11-28T00:00:00.000Z,0.1,49.2,2.8,1.6,7.6,8.117,579
2021-11-29T00:00:00.000Z,0.5,24.9,3,2.2,4,2.365,579
2021-11-30T00:00:00.000Z,1,65.1,7.3,3.35,12.4,10.077,552
2021-12-01T00:00:00.000Z,2.1,48.8,7.7,5.6,15.8,7.847,580
2021-12-02T00:00:00.000Z,0.8,30.8,4.4,2.75,6.35,3.428,584
2021-12-03T00:00:00.000Z,3.5,30.6,9,6.85,11.8,4.119,252
2021-12-04T00:00:00.000Z,1.8,35.1,4.4,3.45,6.05,3.906,560
2021-12-05T00:00:00.000Z,0.9,25,3.2,2.6,4.3,2.397,555
2021-12-06T00:00:00.000Z,2.1,59.2,19,4.8,34.4,16.114,579
2021-12-07T00:00:00.000Z,11.5,122.7,18.85,15,27.2,13.653,582
2021-12-08T00:00:00.000Z,6.1,36.6,10.8,9,12.1,5.01,573
2021-12-09T00:00:00.000Z,2.1,121.9,8,5,15.9,21.147,581
2021-12-10T00:00:00.000Z,1.3,59.8,6.95,5.09,13,9.192,598
2021-12-11T00:00:00.000Z,0.2,42.6,4.3,2.5,9.9,8.761,599
2021-12-12T00:00:00.000Z,0,14.4,1.2,0.55,2.6,2.148,553
2021-12-13T00:00:00.000Z,0,52,1.75,0.8,3.1,3.037,560
2021-12-14T00:00:00.000Z,0.5,19.2,1.8,1.3,2.8,3.034,565
2021-12-15T00:00:00.000Z,0.7,34.4,2.5,1.9,3.6,3.019,571
2021-12-16T00:00:00.000Z,1.3,21.7,3.4,2.6,4.65,3.073,564
2021-12-17T00:00:00.000Z,1,25.9,9.15,5.1,14.3,5.5,572
2021-12-18T00:00:00.000Z,1.1,19.1,4,3.2,5.2,2.853,574
2021-12-19T00:00:00.000Z,3.1,117.3,6.1,4.8,16.8,18.068,566
2021-12-20T00:00:00.000Z,1,66.8,5.8,3.9,10.6,13.595,565
2021-12-21T00:00:00.000Z,1.2,101.2,5,3.3,9.94,9.882,609
2021-12-22T00:00:00.000Z,2.2,37,5.8,4.3,7.4,4.21,561
2021-12-23T00:00:00.000Z,0,13.1,2.6,1.8,3.9,1.843,514
2021-12-24T00:00:00.000Z,1,50.2,4.6,3,5.7,3.071,562
2021-12-25T00:00:00.000Z,0.6,6.4,2.5,1.8,2.9,0.846,536
2021-12-26T00:00:00.000Z,0.4,27.8,2.4,1.8,3.1,2.586,556
2021-12-27T00:00:00.000Z,0.1,82.4,1.7,1.1,14.6,15.812,578
2021-12-28T00:00:00.000Z,0.1,98.8,35.3,8.8,49.7,27.596,599
2021-12-29T00:00:00.000Z,0.7,251.1,21.5,10.55,38,26.968,605
2021-12-30T00:00:00.000Z,0,42.5,1.8,1.14,12.05,10.322,556
2021-12-31T00:00:00.000Z,0,32,3.2,1.7,7.4,6.875,554
2022-01-01T00:00:00.000Z,0.8,33.6,5,2.7,9.4,7.481,611
2022-01-02T00:00:00.000Z,0.1,47.3,3.3,1.8,4.9,4.323,570
2022-01-03T00:00:00.000Z,0.2,19.4,2.8,1.9,4.05,2.064,576
2022-01-04T00:00:00.000Z,0,41.7,3.2,2.6,3.9,5.658,535
2022-01-05T00:00:00.000Z,1.6,18.9,3.3,2.8,4.5,2.158,549
2022-01-06T00:00:00.000Z,2.1,10.5,3.3,2.9,3.95,1.061,589
2022-01-07T00:00:00.000Z,0.3,16.2,3.5,2.1,4.7,1.704,571
2022-01-08T00:00:00.000Z,0.2,8.8,1.6,1,2.7,1.671,519
2022-01-09T00:00:00.000Z,0.9,12.9,7.6,3.2,9.1,3.183,554
2022-01-10T00:00:00.000Z,0.5,13.3,5.2,4.3,6.3,2.131,515
2022-01-11T00:00:00.000Z,0,43.5,1.7,1.1,3.8,4.144,554
2022-01-12T00:00:00.000Z,0.9,16.2,4,2.7,5.5,2.82,576
2022-01-13T00:00:00.000Z,1.5,29.6,4.6,3.7,5.4,4.282,579
2022-01-14T00:00:00.000Z,0.7,22.2,3.8,2.65,5.55,3.543,556
2022-01-15T00:00:00.000Z,0.1,16.6,3.7,1.7,5.3,2.671,570
2022-01-16T00:00:00.000Z,0,17.9,2.8,1.1,3.9,2.176,581
2022-01-17T00:00:00.000Z,0,31.3,1,0.5,2,2.488,560
2022-01-18T00:00:00.000Z,0.2,22.7,2.1,1.3,2.9,1.905,574
2022-01-19T00:00:00.000Z,0.3,31.1,4.05,1.5,6.2,4.564,588
2022-01-20T00:00:00.000Z,0,48.4,2.2,1.4,4.2,6.673,576
2022-01-21T00:00:00.000Z,0.1,36.5,4.15,2.4,6.5,5.071,580
2022-01-22T00:00:00.000Z,1,25.1,6.2,3.6,10.6,4.763,615
2022-01-23T00:00:00.000Z,0.2,49.6,7.6,1.3,12.4,7.715,579
2022-01-24T00:00:00.000Z,0.1,4.9,1.3,0.9,1.7,0.678,528
2022-01-25T00:00:00.000Z,0.4,29.1,1.7,1.14,2.45,1.839,556
2022-01-26T00:00:00.000Z,0.1,7.1,2.6,1.7,3.2,1.277,565
2022-01-27T00:00:00.000Z,0.5,10,2.7,2,3.8,1.479,570
2022-01-28T00:00:00.000Z,2.3,32.8,12.1,6.5,20.3,7.735,591
2022-01-29T00:00:00.000Z,3.1,59.7,7.2,5.6,9.19,4.074,595
2022-01-30T00:00:00.000Z,0.5,51.3,3.8,1.6,9.6,5.68,585
2022-01-31T00:00:00.000Z,0.3,29.6,1.4,1,2.2,3.204,579
2022-02-01T00:00:00.000Z,0.8,20.6,3.6,2.75,4.55,2.937,541
2022-02-02T00:00:00.000Z,0.1,37.3,2.7,1.5,4.55,4.037,549
2022-02-03T00:00:00.000Z,0.9,6.9,3.95,2.8,4.8,1.356,590
2022-02-04T00:00:00.000Z,0,11.8,1.5,0.95,2.4,1.407,589
2022-02-05T00:00:00.000Z,1,344.4,3.4,2.2,4.4,33.243,583
2022-02-06T00:00:00.000Z,0.7,211.4,30,8.3,64.8,47.606,613
2022-02-07T00:00:00.000Z,1.4,121.4,13.2,3.8,25.4,19.228,603
2022-02-08T00:00:00.000Z,0.2,159.9,21.5,3.2,55.1,29.047,595
2022-02-09T00:00:00.000Z,1,80.9,11.3,2.9,51,24.025,603
2022-02-10T00:00:00.000Z,0.3,199.2,6.5,3.1,28,47.387,595
2022-02-11T00:00:00.000Z,1,127.4,8.3,5.3,18.4,20.24,603
2022-02-12T00:00:00.000Z,1.3,189.1,32.4,13,53.9,35.01,606
2022-02-13T00:00:00.000Z,2.3,272.4,50.3,17.4,73.1,61.249,603
2022-02-14T00:00:00.000Z,18.1,145.5,43.9,30.6,54.2,21.939,603
2022-02-15T00:00:00.000Z,4.1,53.6,12.3,6.6,38,16.039,602
2022-02-16T00:00:00.000Z,0.3,44.8,4.1,2.5,5.6,5.665,582
2022-02-17T00:00:00.000Z,0,17.4,1.7,0.7,2.9,2.865,540
2022-02-18T00:00:00.000Z,0.5,28.6,1.8,1.3,3.8,4.558,572
2022-02-19T00:00:00.000Z,0.6,23.3,4.1,2.5,7.4,4.431,583
2022-02-20T00:00:00.000Z,0,156.5,3.3,2,10.4,17.739,590
2022-02-21T00:00:00.000Z,2.5,393.2,13.5,5.09,44.7,92.627,595
2022-02-22T00:00:00.000Z,7.2,431.9,23.15,13.1,45.5,77.786,610
2022-02-23T00:00:00.000Z,3.6,147.3,25.6,13.35,70.65,37.695,613
2022-02-24T00:00:00.000Z,2.2,62.1,8.5,5.9,14,9.024,596
2022-02-25T00:00:00.000Z,3,105.2,16.35,9,37.95,16.742,612
2022-02-26T00:00:00.000Z,0.6,36.9,6.25,2.8,10.1,7.113,594
2022-02-27T00:00:00.000Z,0.1,28.7,2.7,1.5,5.15,3.963,589
2022-02-28T00:00:00.000Z,0.7,51.3,3.95,2.2,18.45,11.082,608
2022-03-01T00:00:00.000Z,0.9,33.7,3.4,2.7,5.4,5.334,582
2022-03-02T00:00:00.000Z,0.4,30.7,2.8,1.9,5.4,6.3,586
2022-03-03T00:00:00.000Z,0,17.8,2.1,0.9,3,1.723,516
2022-03-04T00:00:00.000Z,0,52.3,2.1,1.5,4.3,4.316,589
2022-03-05T00:00:00.000Z,0.1,31.6,2.29,1.2,4.5,4.693,567
2022-03-06T00:00:00.000Z,1.3,41.3,6.5,4.3,10.19,6.588,596
2022-03-07T00:00:00.000Z,0.4,24,2.95,1.8,6.6,4.291,594
2022-03-08T00:00:00.000Z,1.1,38.2,6.4,4.6,10.5,5.871,611
2022-03-09T00:00:00.000Z,0.8,60,4.2,3,6.8,9.448,595
2022-03-10T00:00:00.000Z,1,18.2,4.3,3.1,5.9,2.138,584
2022-03-11T00:00:00.000Z,0.9,10.3,4.25,3.2,5.3,1.618,558
2022-03-12T00:00:00.000Z,3.6,25.7,6.4,5.5,7.9,2.328,578
2022-03-13T00:00:00.000Z,1.3,58.7,6.5,4,8.8,8.249,579
2022-03-14T00:00:00.000Z,1.5,44.2,4.8,3.5,5.7,3.867,580
2022-03-15T00:00:00.000Z,1.4,224.9,5.7,3.5,9.6,30.715,590
2022-03-16T00:00:00.000Z,0,145.7,21.9,10,32.5,23.134,622
2022-03-17T00:00:00.000Z,0.1,42.3,4.7,2.25,7.4,7.132,593
2022-03-18T00:00:00.000Z,1.4,169.7,9.19,4.09,18.1,20.442,547
2022-03-19T00:00:00.000Z,6.2,117.7,49.15,20.55,54.3,20.999,600
2022-03-20T00:00:00.000Z,5.4,153.3,48.15,37.2,55.1,17.274,614
2022-03-21T00:00:00.000Z,1.7,36.7,10.3,7.7,15,6.42,583
2022-03-22T00:00:00.000Z,2.1,39.7,5.4,4.09,7.5,3.593,605
2022-03-23T00:00:00.000Z,0,40.5,4.1,2.1,8.9,8.192,589
2022-03-24T00:00:00.000Z,2,71.7,10.2,5.95,18,12.364,597
2022-03-25T00:00:00.000Z,3.8,25.5,7.1,5.6,10.5,3.909,595
2022-03-26T00:00:00.000Z,7.5,52,19.9,14.3,25,7.148,618
2022-03-27T00:00:00.000Z,1.5,138.8,17.6,10.9,29.1,16.967,603
2022-03-28T00:00:00.000Z,2.2,126.7,14.8,9.9,19.6,21.51,621
2022-03-29T00:00:00.000Z,1.6,71.3,9.4,4.9,19.1,12.068,603
2022-03-30T00:00:00.000Z,3,93.8,12.3,8.5,20.9,11.48,611
2022-03-31T00:00:00.000Z,2.9,78,19.39,7.7,33.1,14.771,600
2022-04-01T00:00:00.000Z,1.9,126.8,19.95,12.1,26.6,20.417,610
2022-04-02T00:00:00.000Z,1.8,61,14,6.4,20.8,10.448,623
2022-04-03T00:00:00.000Z,0.2,64.5,12.8,4.1,31,16.053,601
2022-04-04T00:00:00.000Z,1,33.9,8.9,5.09,15.5,7.349,607
2022-04-05T00:00:00.000Z,0.8,103,12.3,8.35,20.05,13.419,617
2022-04-06T00:00:00.000Z,1,116.7,13.85,5.7,24.6,16.703,610
2022-04-07T00:00:00.000Z,1.9,109.6,9.4,6.8,16.7,13.782,611
2022-04-08T00:00:00.000Z,2.2,40.6,11.8,7.8,15.9,6.721,617
2022-04-09T00:00:00.000Z,3.7,86.3,17.8,8.5,27.1,12.635,583
2022-04-10T00:00:00.000Z,3.6,191.7,23.6,14.3,47.6,28.485,626
2022-04-11T00:00:00.000Z,2.5,234.9,49.9,29.5,97.7,49.093,615
2022-04-12T00:00:00.000Z,1,167.1,10.1,5.5,22.2,15.38,615
2022-04-13T00:00:00.000Z,4.6,63.7,13.4,8.4,25.6,12.408,612
2022-04-14T00:00:00.000Z,3.4,78.6,21.45,9.4,36.1,17.634,606
2022-04-15T00:00:00.000Z,11,89.6,33.5,24.5,40.65,12.055,617
2022-04-16T00:00:00.000Z,12.8,54.1,23.4,17.75,30.25,7.751,633
2022-04-17T00:00:00.000Z,18.7,165.4,36.29,30.8,46.35,15.526,625
2022-04-18T00:00:00.000Z,16.6,287.6,51.55,37.35,70.84,41.381,464
2022-04-19T00:00:00.000Z,8.8,94,42.9,31,51.7,14.607,615
2022-04-20T00:00:00.000Z,0.5,204.2,23.4,6.6,47.9,32.334,623
2022-04-21T00:00:00.000Z,0.6,226,31.7,22.65,48.45,33.271,617
2022-04-22T00:00:00.000Z,0.4,153.2,18.7,10.9,29.65,14.583,628
2022-04-23T00:00:00.000Z,0,132.7,12.4,6.3,19.8,16.799,611
2022-04-24T00:00:00.000Z,0.1,98.5,8.6,4.09,19.7,14.848,595
2022-04-25T00:00:00.000Z,2.5,214.9,17.39,10.6,36.15,32.969,641
2022-04-26T00:00:00.000Z,0.9,151.8,17.64,7.2,35.5,23.51,626
2022-04-27T00:00:00.000Z,0.7,247.5,21.05,9.5,36,29.555,624
2022-04-28T00:00:00.000Z,0.1,413,42.05,12.85,88.75,76.426,628
2022-04-29T00:00:00.000Z,6.1,128.2,17.89,11.35,34.4,16.149,624
2022-04-30T00:00:00.000Z,3.8,191.5,16.45,10.45,39,28.623,612
2022-05-01T00:00:00.000Z,7.6,123,22,16.2,29.9,13.789,619
2022-05-02T00:00:00.000Z,4.2,141.8,15.4,9.19,42.7,27.992,614
2022-05-03T00:00:00.000Z,3.4,62.7,11.4,7.6,28.8,14.626,602
2022-05-04T00:00:00.000Z,4.7,62.5,21.2,13.9,32.1,12.63,619
2022-05-05T00:00:00.000Z,1.4,96,18.45,8,32.4,16.052,624
2022-05-06T00:00:00.000Z,5,197.4,28.9,18.64,39.4,29.252,621
2022-05-07T00:00:00.000Z,5.2,87.5,25.05,15.5,33.3,13.725,622
2022-05-08T00:00:00.000Z,6.7,139.2,41.9,29.9,50.6,25.505,608
2022-05-09T00:00:00.000Z,6.9,146.8,37.45,28.8,47.2,24.121,618
2022-05-10T00:00:00.000Z,7,158.8,23.1,15.7,29.9,14.514,619
2022-05-11T00:00:00.000Z,21.7,251.8,61.9,46,94.9,43.319,627
2022-05-12T00:00:00.000Z,24.9,405.6,52.8,42.1,75.8,53.425,629
2022-05-13T00:00:00.000Z,1.6,335.2,17.6,8.9,38.95,50.172,616
2022-05-14T00:00:00.000Z,5.6,170.9,16.3,11.1,42.75,23.714,608
2022-05-15T00:00:00.000Z,8.7,164,38.45,26.7,62.6,29.989,618
2022-05-16T00:00:00.000Z,9.5,434.3,59.2,46.85,99.2,73.06,593
2022-05-17T00:00:00.000Z,11.8,524.3,68.2,54.5,133.94,111.106,596
2022-05-18T00:00:00.000Z,51.4,383,87.1,72.59,139.8,64.34,627
2022-05-19T00:00:00.000Z,10.7,80.3,42.25,33,49.4,10.718,610
2022-05-20T00:00:00.000Z,1.4,148.4,27,11.65,36.04,19.093,617
2022-05-21T00:00:00.000Z,3.6,323.5,53.5,24.8,124.85,62.461,617
2022-05-22T00:00:00.000Z,1,126.4,15.6,10,28.65,19.252,609
2022-05-23T00:00:00.000Z,4.9,240,54.55,33.29,87.3,51.789,626
2022-05-24T00:00:00.000Z,3.7,303.2,30.6,14.7,48.25,41.978,609
2022-05-25T00:00:00.000Z,4.7,358,35.4,23.7,65.59,48.957,639
2022-05-26T00:00:00.000Z,11.5,325.8,28.7,21.15,40.15,40.612,625
2022-05-27T00:00:00.000Z,16.3,531.8,148.8,88.8,338,158.188,90
2022-05-28T00:00:00.000Z,1.9,370.9,25.8,13.6,42.9,42.813,483
2022-05-29T00:00:00.000Z,6.6,416,66.9,30.3,153.9,78.514,671
2022-05-30T00:00:00.000Z,10.6,468.1,46.65,36.29,62,78.397,644
2022-05-31T00:00:00.000Z,17.7,316.1,50.8,36,70.4,59.914,659
2022-06-01T00:00:00.000Z,37.9,161.1,56.6,47,75.34,24.781,664
2022-06-02T00:00:00.000Z,29.2,715.6,175.75,52.7,300.39,142.626,674
2022-06-03T00:00:00.000Z,2.7,403.8,19.1,9.65,34.9,49.402,673
2022-06-04T00:00:00.000Z,0,223.7,24.5,9.4,49.3,43.699,633
2022-06-05T00:00:00.000Z,0.6,171.4,9.85,5.4,18.8,16.548,660
2022-06-06T00:00:00.000Z,0,240.6,27,9,41,24.218,639
2022-06-07T00:00:00.000Z,2,122.1,10.4,4.95,29.4,21.146,652
2022-06-08T00:00:00.000Z,4.7,424,43.9,33.79,63.2,72.823,651
2022-06-09T00:00:00.000Z,2,299.4,35.15,18.7,51.25,50.205,664
2022-06-10T00:00:00.000Z,5.7,206.5,24.8,16.8,46.9,27.344,668
2022-06-11T00:00:00.000Z,27.1,354.6,115.35,51.6,214.6,87.377,660
2022-06-12T00:00:00.000Z,31.8,448.1,71.9,57.95,113.4,53.762,668
2022-06-13T00:00:00.000Z,23,174.8,40.35,33.4,58.1,23.046,670
2022-06-14T00:00:00.000Z,5.5,212.2,40.54,29.2,60.05,33.841,664
2022-06-15T00:00:00.000Z,16.4,245.2,52.05,40.75,72.84,39.79,664
2022-06-16T00:00:00.000Z,3.5,397.2,39.79,18,51.4,56.031,670
2022-06-17T00:00:00.000Z,6.1,112.2,38.29,27.7,45.7,15.93,585
2022-06-18T00:00:00.000Z,4.4,138.2,35.85,22,55.4,27.166,678
2022-06-19T00:00:00.000Z,8.8,119.8,35.9,30.1,43.6,13.854,642
2022-06-20T00:00:00.000Z,3.8,227.9,25.25,14.6,43.1,33.978,660
2022-06-21T00:00:00.000Z,4.4,177.6,44.9,22.2,60.4,30.13,669
2022-06-22T00:00:00.000Z,9.9,263,42.6,19,56.8,35.736,667
2022-06-23T00:00:00.000Z,0.4,244.6,46.1,29.95,64.25,36.191,645
2022-06-24T00:00:00.000Z,0.4,214,23.6,12.8,39.2,29.024,663
2022-06-25T00:00:00.000Z,3.7,522.9,27,17.6,51.55,61.737,673
2022-06-26T00:00:00.000Z,28.1,510.7,132.69,55.6,219.4,111.862,681
2022-06-27T00:00:00.000Z,10.8,234.7,46.5,36.1,80.5,42.875,667
2022-06-28T00:00:00.000Z,3.2,191.8,21,11.6,34.79,26.623,642
2022-06-29T00:00:00.000Z,1.2,160.1,20,11.3,37.79,27.804,663
2022-06-30T00:00:00.000Z,0.8,354.1,55.05,27.55,76.15,49.961,668
2022-07-01T00:00:00.000Z,1,171.7,22.4,11.1,37.1,23.618,663
2022-07-02T00:00:00.000Z,4.7,121.3,18.3,13.55,40.2,18.123,633
2022-07-03T00:00:00.000Z,1.7,74.1,20.45,10.05,32.25,13.71,672
2022-07-04T00:00:00.000Z,0.1,275.6,30,16.6,55.1,44.315,655
2022-07-05T00:00:00.000Z,1,348.4,25.7,11.6,51.5,48.122,654
2022-07-06T00:00:00.000Z,1.6,289.8,30.3,12.2,44.5,22.998,643
2022-07-07T00:00:00.000Z,1.4,195.7,20.1,12.05,46.2,31.34,441
2022-07-08T00:00:00.000Z,13.3,254,55.2,31.35,117.1,52.837,640
2022-07-09T00:00:00.000Z,0,205.4,8.7,5.35,23.8,29.406,656
2022-07-10T00:00:00.000Z,2.6,125.9,26.4,14.7,39.5,20.561,651
2022-07-11T00:00:00.000Z,4.8,417.2,65.55,44.95,140.55,79.889,652
2022-07-12T00:00:00.000Z,1.1,142.2,22.2,11.6,43.3,23.173,647
2022-07-13T00:00:00.000Z,1.5,410,48.35,26.5,86.7,63.848,666
2022-07-14T00:00:00.000Z,4.3,229.6,31,13.8,55.8,38.218,599
2022-07-15T00:00:00.000Z,2.8,242.2,37,24.85,47.2,33.742,661
2022-07-16T00:00:00.000Z,13.4,335.1,49.1,30.1,93.7,71.469,663
2022-07-17T00:00:00.000Z,0.6,202.9,21.25,6,38.54,28.441,676
2022-07-18T00:00:00.000Z,5.2,399.4,57.8,37.8,137.2,91.628,667
2022-07-19T00:00:00.000Z,5.4,454.2,59.6,37.2,119.7,75.161,677
2022-07-20T00:00:00.000Z,8,527.2,60.3,43.6,174.1,121.748,659
2022-07-21T00:00:00.000Z,1.1,118.9,40.5,14.7,54.1,23.732,666
2022-07-22T00:00:00.000Z,8,114.9,29.7,18.4,38.8,14.566,672
2022-07-23T00:00:00.000Z,1.7,80.4,15.6,8.2,33.8,15.677,660
2022-07-24T00:00:00.000Z,0,120.8,18,5,44.8,23.598,639
2022-07-25T00:00:00.000Z,3,257.3,22,14.2,39.5,51.88,658
2022-07-26T00:00:00.000Z,0.7,111.4,5.75,3.4,10.19,11.795,654
2022-07-27T00:00:00.000Z,1.7,367.8,28.1,10.05,113.9,76.711,632
2022-07-28T00:00:00.000Z,5,241.8,41.4,23.05,69.95,38.184,677
2022-07-29T00:00:00.000Z,10.5,202.3,25.3,18.2,34.6,16.399,678
2022-07-30T00:00:00.000Z,12.3,228.6,38.79,31.2,49.9,27.885,667
2022-07-31T00:00:00.000Z,15.5,157,47.5,37.5,54.6,18.551,659
2022-08-01T00:00:00.000Z,6.2,332.8,28.25,18.05,42,34.148,616
2022-08-02T00:00:00.000Z,9,419.8,27.8,18,50.4,63.635,647
2022-08-03T00:00:00.000Z,1,128.5,27.7,16.1,45.2,21.819,665
2022-08-04T00:00:00.000Z,3.6,215.4,39.7,32.45,48.55,24.894,669
2022-08-05T00:00:00.000Z,5,218,43.9,26.25,73.05,45.187,669
2022-08-06T00:00:00.000Z,0,206.8,16.39,5.4,48.5,44.979,664
2022-08-07T00:00:00.000Z,0,158.1,1.7,0.5,6.15,29.973,569
2022-08-08T00:00:00.000Z,0.5,150,13.5,7.2,29.4,23.552,667
2022-08-09T00:00:00.000Z,6.8,317.8,39.1,22,60.9,50.537,670
2022-08-10T00:00:00.000Z,2.8,379.8,36.1,22.15,55.55,57.188,680
2022-08-11T00:00:00.000Z,16.7,295.3,44.4,35.04,66.2,44.79,680
2022-08-12T00:00:00.000Z,2.4,359.2,20.3,13.5,34.1,36.499,663
2022-08-13T00:00:00.000Z,1.6,61.4,8.5,4.59,19.8,13.831,672
2022-08-14T00:00:00.000Z,4.2,284.2,25.2,9.6,43.5,37.639,686
2022-08-15T00:00:00.000Z,1.1,189.1,22.1,11.4,33,30.568,667
2022-08-16T00:00:00.000Z,1.5,327.4,15.85,9.15,40.04,35.921,656
2022-08-17T00:00:00.000Z,1.2,221.2,36.79,20.8,59.2,35.412,656
2022-08-18T00:00:00.000Z,0,435,62.3,23.7,147.3,98.298,666
2022-08-19T00:00:00.000Z,6.5,552.2,29.85,16.64,44.55,34.817,672
2022-08-20T00:00:00.000Z,0.6,158.4,20.45,11.05,30.8,20.93,660
2022-08-21T00:00:00.000Z,4.3,71.2,18.7,10.4,28.4,11.196,656
2022-08-22T00:00:00.000Z,2.7,245.5,23.7,8.1,47.55,55.392,673
2022-08-23T00:00:00.000Z,5.4,189.3,40.9,27.8,53.4,27.694,668
2022-08-24T00:00:00.000Z,1.1,103.2,18.7,11.1,29.3,14.978,670
2022-08-25T00:00:00.000Z,5.3,354.4,35.8,13.15,64.09,49.028,657
2022-08-26T00:00:00.000Z,2.6,259.9,23.7,11.3,42.25,37.244,677
2022-08-27T00:00:00.000Z,1.3,287.7,22.6,10.6,43.95,44.959,680
2022-08-28T00:00:00.000Z,4.9,250.3,20.1,13.9,37.2,24.81,682
2022-08-29T00:00:00.000Z,6.8,376.1,37,25.7,89.3,73.393,663
2022-08-30T00:00:00.000Z,13.6,246.1,46.4,33.25,58.2,31.938,665
2022-08-31T00:00:00.000Z,7.9,115.4,48.6,28.55,67.4,24.785,665
2022-09-01T00:00:00.000Z,0,102.5,16.95,10,34.9,17.625,658
2022-09-02T00:00:00.000Z,6.6,112.8,22.35,13.8,35.5,14.108,658
2022-09-03T00:00:00.000Z,4.6,259.1,17,13.1,30.05,26.317,672
2022-09-04T00:00:00.000Z,4,63.1,13.2,9.35,19.39,9.492,645
2022-09-05T00:00:00.000Z,5,191.7,34.54,15.4,56.7,26.443,672
2022-09-06T00:00:00.000Z,6.6,417,47.8,25.25,59.8,37.063,664
2022-09-07T00:00:00.000Z,2.4,160.4,18.89,9.6,28.6,15.742,646
2022-09-08T00:00:00.000Z,0.6,396.7,42.6,25.35,65.34,50.075,637
2022-09-09T00:00:00.000Z,1.3,215.7,19.3,11.9,41.2,34.46,684
2022-09-10T00:00:00.000Z,6.5,69,20.7,13.5,29.7,10.77,641
2022-09-11T00:00:00.000Z,5.7,277.5,27.5,20.9,41.2,32.021,643
2022-09-12T00:00:00.000Z,9.2,188.6,29.9,16.89,56.3,34.93,587
2022-09-13T00:00:00.000Z,9.4,317.2,32.65,20.65,52.15,35.23,668
2022-09-14T00:00:00.000Z,4.4,213.7,40.2,26.35,51.15,34.395,645
2022-09-15T00:00:00.000Z,5.5,268.2,36.2,22.6,52.5,29.952,662
2022-09-16T00:00:00.000Z,0.6,57.9,15.4,4.3,27.7,13.301,631
2022-09-17T00:00:00.000Z,1.8,100.4,17.8,8,33.79,16.364,671
2022-09-18T00:00:00.000Z,0,131.9,22.8,6.1,47.2,27.86,662
2022-09-19T00:00:00.000Z,0.4,177,19.3,6.6,58.05,30.693,665
2022-09-20T00:00:00.000Z,0,235.6,17.9,7.9,35.9,31.91,667
2022-09-21T00:00:00.000Z,0,123.6,29.6,12.25,45.15,25.663,669
2022-09-22T00:00:00.000Z,0.3,234.2,21.7,10.19,43.6,31.897,666
2022-09-23T00:00:00.000Z,1.1,176.9,24.8,11.05,47.75,34.87,656
2022-09-24T00:00:00.000Z,1.7,67,16.2,8.1,32,15.474,678
2022-09-25T00:00:00.000Z,2.1,130.7,20.4,12.5,41.5,20.513,673
2022-09-26T00:00:00.000Z,1.5,159.8,22.9,8.19,37.4,20.473,665
2022-09-27T00:00:00.000Z,0.9,84,11.5,7.55,17.9,7.547,649
2022-09-28T00:00:00.000Z,3.1,395.6,9.1,6.2,15.5,44.01,655
2022-09-29T00:00:00.000Z,5,129,13.85,9.4,22.6,11.475,660
2022-09-30T00:00:00.000Z,4.8,58.7,15.9,12.1,23.6,9.625,691
2022-10-01T00:00:00.000Z,5.9,52.7,10.8,8.8,15.3,8.227,663
2022-10-02T00:00:00.000Z,8.6,89.1,22.45,15.9,35.3,12.402,666
2022-10-03T00:00:00.000Z,6.7,136.9,25.1,19.6,33.54,17.146,661
2022-10-04T00:00:00.000Z,2,146.6,18.39,9.69,28.1,17.209,661
2022-10-05T00:00:00.000Z,6.6,208.3,35.75,20.7,52.9,30.931,676
2022-10-06T00:00:00.000Z,1.2,330.2,18.2,9.3,28.5,28.712,666
2022-10-07T00:00:00.000Z,2.8,246.7,18.8,12,30.9,19.441,675
2022-10-08T00:00:00.000Z,1.4,307.9,15.75,6.9,41.6,42.188,666
2022-10-09T00:00:00.000Z,3.3,69.2,8.6,6.45,23.8,14.416,645
2022-10-10T00:00:00.000Z,2.4,42.8,7.4,5,12.5,5.84,653
2022-10-11T00:00:00.000Z,1.6,95.9,20,12.3,36.9,16.394,667
2022-10-12T00:00:00.000Z,0,123.6,14.15,8.6,22.5,14.547,660
2022-10-13T00:00:00.000Z,2,284.7,8.5,5.4,19.4,23.084,647
2022-10-14T00:00:00.000Z,2.7,177.3,8.4,5.09,15.6,12.175,659
2022-10-15T00:00:00.000Z,1.4,37,6.45,4.4,10.2,5.601,654
2022-10-16T00:00:00.000Z,0.2,56.9,7.1,4.75,10.3,5.609,661
2022-10-17T00:00:00.000Z,0.3,39.3,13.1,7.3,19.1,7.921,655
2022-10-18T00:00:00.000Z,4.3,105.2,14.4,10.9,26.6,12.492,475
2022-10-21T00:00:00.000Z,1.5,147.4,7.5,5.2,13.5,18.927,651
2022-10-22T00:00:00.000Z,1.5,182.2,12.7,6.7,18.3,18.933,641
2022-10-23T00:00:00.000Z,4.5,118,14,9.15,23.6,12.316,672
2022-10-24T00:00:00.000Z,0.8,91.2,18.5,7.7,29.3,13.861,661
2022-10-25T00:00:00.000Z,3.2,59.3,14.7,10.6,18.95,7.518,645
2022-10-26T00:00:00.000Z,0,53.2,5.5,2,10.1,10.087,631
2022-10-27T00:00:00.000Z,1,136,9.9,5.3,17.89,11.272,671
2022-10-28T00:00:00.000Z,3.3,48.5,13.8,7.2,22.6,9.889,679
2022-10-29T00:00:00.000Z,0.4,78.6,7.9,4.5,15.9,10.218,672
2022-10-30T00:00:00.000Z,10.6,36.3,22.6,17.14,27.3,6.733,65
2022-11-02T00:00:00.000Z,1.7,19,7.55,3.5,10.5,4.056,116
2022-11-03T00:00:00.000Z,7.5,50,16.6,13.5,20,8.518,623
2022-11-04T00:00:00.000Z,5.7,76.9,17.5,14.5,20.5,6.879,663
2022-11-05T00:00:00.000Z,9.4,41.4,17.39,12.5,23.75,5.973,665
2022-11-06T00:00:00.000Z,6.7,22.4,10.7,8.9,12.3,2.884,654
2022-11-07T00:00:00.000Z,2.9,57.7,8.9,7.3,10.4,8.518,669
2022-11-08T00:00:00.000Z,1.9,76.3,9.35,5.9,12.1,5.656,642
2022-11-09T00:00:00.000Z,1.6,385.6,12.3,9.4,17.7,23.501,678
2022-11-10T00:00:00.000Z,1.1,59.7,4,2.9,9,7.571,643
2022-11-11T00:00:00.000Z,1.8,71.2,11.7,7.65,19.3,10.48,596
2022-11-12T00:00:00.000Z,0,60.9,2.6,1.4,6.2,11.414,625
2022-11-13T00:00:00.000Z,1.4,181.4,11.75,6.6,34.65,32.949,672
2022-11-14T00:00:00.000Z,1.2,78.1,6.8,3.6,10.7,10.984,659
2022-11-15T00:00:00.000Z,1.9,54.2,9.3,5,14.45,9.568,657
2022-11-16T00:00:00.000Z,0.5,41.7,7,3.7,10.7,5.921,621
2022-11-17T00:00:00.000Z,0.3,35.9,3.5,2.1,6.5,4.889,638
2022-11-18T00:00:00.000Z,1.4,21.1,3.9,3,5.4,2.404,650
2022-11-19T00:00:00.000Z,0.4,71.1,3.1,2.1,5.09,4.29,648
2022-11-20T00:00:00.000Z,0.2,16.6,2.4,1.4,3.5,2.483,641
2022-11-21T00:00:00.000Z,0.6,12.6,2.5,1.7,4.65,2.144,629
2022-11-22T00:00:00.000Z,0.1,49.5,3.3,1.7,5.6,6.83,641
2022-11-23T00:00:00.000Z,0,51.6,2.1,1.05,3.15,4.222,517
2022-11-24T00:00:00.000Z,0,14.2,2.1,1.1,3.3,1.838,594
2022-11-25T00:00:00.000Z,0.6,32.4,2.8,2.1,3.6,2.495,652
2022-11-26T00:00:00.000Z,1.6,18.4,3.4,2.9,4.8,2.65,614
2022-11-27T00:00:00.000Z,0.7,13.2,3.2,2.6,4.5,1.354,628
2022-11-28T00:00:00.000Z,0.2,54.5,6.3,2.6,21.9,12.909,642
2022-11-29T00:00:00.000Z,0.5,34,3.4,2,4.8,3.334,623
2022-11-30T00:00:00.000Z,0.7,8.2,2,1.5,2.7,1.358,632
2022-12-01T00:00:00.000Z,0.1,15.7,2,1.4,3.6,2.696,580
2022-12-02T00:00:00.000Z,0.1,44.7,1.7,1,2.5,6.938,624
2022-12-03T00:00:00.000Z,0.5,44.1,5.7,3,8.3,4.261,639
2022-12-04T00:00:00.000Z,0.1,16.4,4.6,2.2,5.9,2.438,634
2022-12-05T00:00:00.000Z,0,80.5,3.4,1.7,5.35,4.625,633
2022-12-06T00:00:00.000Z,0,17.9,4.6,2.4,6.2,3.123,627
2022-12-07T00:00:00.000Z,1.7,72.7,6,4.1,9.5,5.959,633
2022-12-08T00:00:00.000Z,0.8,15.9,4.2,3,6.2,2.83,645
2022-12-09T00:00:00.000Z,0.3,54,3.6,2.9,4.9,4.274,650
2022-12-10T00:00:00.000Z,0.4,55.1,3.8,1.9,5.2,5.391,620
2022-12-11T00:00:00.000Z,0,7.7,2.8,1.6,3.8,1.558,604
2022-12-12T00:00:00.000Z,0,88.1,1.3,0.85,2.2,5.357,616
2022-12-13T00:00:00.000Z,0,11.7,1.9,1,3.8,2.831,624
2022-12-14T00:00:00.000Z,0.3,17.3,2,1.5,2.7,1.616,623
2022-12-15T00:00:00.000Z,0.6,10.9,4.05,3,5.3,1.517,644
2022-12-16T00:00:00.000Z,1,6.8,2.6,1.9,3.3,0.961,629
2022-12-17T00:00:00.000Z,0,25.9,2.2,1,5.25,3.347,617
2022-12-18T00:00:00.000Z,0.4,24.3,3.7,1.6,5.2,4.119,612
2022-12-19T00:00:00.000Z,1,24.4,4.9,3.7,6.2,3.01,631
2022-12-20T00:00:00.000Z,0.5,43.9,4.7,2.4,6.2,4.168,626
2022-12-21T00:00:00.000Z,2,28.5,7,3.7,9,4.556,626
2022-12-22T00:00:00.000Z,0.2,34.5,4.65,2.4,9.7,5.189,622
2022-12-23T00:00:00.000Z,0.1,10.1,1.8,0.9,2.6,1.328,602
2022-12-24T00:00:00.000Z,0,112.3,0.9,0.5,1.9,8.559,594
2022-12-25T00:00:00.000Z,0,4.2,0.8,0.3,1.3,0.804,501
2022-12-26T00:00:00.000Z,0.9,55.1,12.5,8.9,18.39,9.546,650
2022-12-27T00:00:00.000Z,0.8,32.2,5.4,2.7,7,5.868,630
2022-12-28T00:00:00.000Z,0.3,11,2,1.4,3.4,1.226,611
2022-12-29T00:00:00.000Z,1.2,8.5,2.7,2.29,3.5,1.527,625
2022-12-30T00:00:00.000Z,0.3,12.1,5.2,3.9,7.6,2.425,630
2022-12-31T00:00:00.000Z,0,98.4,5.2,4,36.29,24.512,626
2023-01-01T00:00:00.000Z,0.7,125.3,22.35,11.45,31.75,19.193,636
2023-01-02T00:00:00.000Z,0.4,18.8,1.5,1.2,2.1,1.487,604
2023-01-03T00:00:00.000Z,0.3,25.6,2.8,1.6,3.6,3.131,628
2023-01-04T00:00:00.000Z,0.4,23.6,2.1,1.3,2.8,1.567,580
2023-01-05T00:00:00.000Z,0.8,24.9,2.8,1.8,4.6,2.39,610
2023-01-06T00:00:00.000Z,4.7,23.4,11.5,9.1,13.1,2.988,648
2023-01-07T00:00:00.000Z,7.3,20.2,11.8,10.2,13.4,2.192,647
2023-01-08T00:00:00.000Z,3.5,45.4,9.3,7.9,10.3,4.611,636
2023-01-09T00:00:00.000Z,0.2,22,1.8,1.4,2.5,2.218,618
2023-01-10T00:00:00.000Z,0,5.1,1.2,0.6,1.8,0.963,591
2023-01-11T00:00:00.000Z,0,38.6,1,0.7,1.5,3.855,586
2023-01-12T00:00:00.000Z,0,6.6,2.1,1.1,2.6,1.054,610
2023-01-13T00:00:00.000Z,0.4,7.7,2,1.4,2.6,0.984,590
2023-01-14T00:00:00.000Z,0.1,23.3,2.1,1.4,3.7,2.821,592
2023-01-15T00:00:00.000Z,0.4,18.7,2.3,1.5,3.6,2.903,602
2023-01-16T00:00:00.000Z,0.6,28.8,2.3,1.7,2.9,4.165,620
2023-01-17T00:00:00.000Z,0.8,21,3.1,1.8,4.1,3.242,619
2023-01-18T00:00:00.000Z,0.7,14.4,4.1,3.1,5.1,2.169,618
2023-01-19T00:00:00.000Z,2.4,316.2,6.9,4.8,24.6,34.924,639
2023-01-20T00:00:00.000Z,2.5,37.7,7.8,5.8,16.1,5.54,661
2023-01-21T00:00:00.000Z,1,15.6,2.9,2.2,4.4,2.67,616
2023-01-22T00:00:00.000Z,0,5,1.3,0.7,2.4,1.055,596
2023-01-23T00:00:00.000Z,0,73.3,1.3,0.75,2.6,11.369,608
2023-01-24T00:00:00.000Z,0,165.8,1.3,0.8,2.5,22.695,562
2023-01-25T00:00:00.000Z,0.2,25.3,1.2,0.9,1.8,1.507,611
2023-01-26T00:00:00.000Z,0,13.3,1.2,0.7,1.9,1.343,586
2023-01-27T00:00:00.000Z,0.5,34.1,4.4,2.2,9,6.873,622
2023-01-28T00:00:00.000Z,1.1,79.3,6.6,3.3,12.7,11.681,645
2023-01-29T00:00:00.000Z,0.5,54.5,3.1,1.5,5.3,6.758,619
2023-01-30T00:00:00.000Z,0,15.1,1.8,1,2.7,1.628,544
2023-01-31T00:00:00.000Z,1.8,146.2,11.2,4,23.8,22.32,647
2023-02-01T00:00:00.000Z,1,27.6,4.2,3.1,5,2.272,612
2023-02-02T00:00:00.000Z,0.5,26.5,4.59,3,6.9,4.357,622
2023-02-03T00:00:00.000Z,0.5,64.8,2.8,2.2,3.8,11.802,618
2023-02-04T00:00:00.000Z,8.6,435,45.95,38.35,88.35,107.42,672
2023-02-05T00:00:00.000Z,4.5,435.3,154.6,54.25,214.55,111.792,692
2023-02-06T00:00:00.000Z,3.3,82.3,15,9.2,27.2,12.123,651
2023-02-07T00:00:00.000Z,1.9,48.2,11.45,5,27.4,13.015,626
2023-02-08T00:00:00.000Z,0.8,42.9,9.9,2.5,16.7,8.436,637
2023-02-09T00:00:00.000Z,0.3,50.9,4,1.8,30.8,15.626,596
2023-02-10T00:00:00.000Z,0.8,186.7,21.05,4.5,32.5,31.65,644
2023-02-11T00:00:00.000Z,0.9,122.3,23.2,6.2,49,32.683,643
2023-02-12T00:00:00.000Z,0,31.2,3.9,1,15.5,8.364,631
2023-02-13T00:00:00.000Z,0.1,30.6,1.4,1,2,1.6,582
2023-02-14T00:00:00.000Z,0.8,31,2.8,2,3.4,3.031,601
2023-02-15T00:00:00.000Z,0,6.4,2.4,1.7,3.1,1.189,600
2023-02-16T00:00:00.000Z,0.4,7,1.6,1.2,2.1,0.787,603
2023-02-17T00:00:00.000Z,0,77.8,1.6,0.7,3.3,13.113,593
2023-02-18T00:00:00.000Z,1.2,106.7,15,7.3,26.1,14.26,652
2023-02-19T00:00:00.000Z,0.4,44.5,9.3,5,15.1,8.267,627
2023-02-20T00:00:00.000Z,0.1,25.4,2.7,1.6,3.4,1.817,605
2023-02-21T00:00:00.000Z,0.9,16,2.3,1.8,3,1.412,589
2023-02-22T00:00:00.000Z,0.1,42.4,2.6,1.8,3.6,2.879,596
2023-02-23T00:00:00.000Z,0.2,118.6,2.5,1.6,11.45,28.815,625
2023-02-24T00:00:00.000Z,0.1,43.8,2.9,1.7,6.4,9.473,636
2023-02-25T00:00:00.000Z,0,30.3,2.5,1.6,5,2.841,617
2023-02-26T00:00:00.000Z,0.5,30.6,3.4,2.5,4.9,4.552,656
2023-02-27T00:00:00.000Z,0.5,24.6,2.35,1.3,3.4,2.812,294
2023-02-28T00:00:00.000Z,0.9,16.1,3,2,4.5,2.896,614
2023-03-01T00:00:00.000Z,0.2,6.2,2.1,1.4,3.1,1.21,607
2023-03-02T00:00:00.000Z,0.1,96.5,2.1,1.5,4.2,8.772,607
2023-03-03T00:00:00.000Z,0,60.9,1,0.7,1.8,8.019,601
2023-03-04T00:00:00.000Z,0,15.4,1.3,0.8,2.3,1.483,581
2023-03-05T00:00:00.000Z,0,5.8,0.9,0.5,2,1.2,597
2023-03-06T00:00:00.000Z,0.5,24.2,4.09,2.1,7.2,4.424,638
2023-03-07T00:00:00.000Z,0.6,42.7,7.2,2.5,16.8,8.928,637
2023-03-08T00:00:00.000Z,2.5,50.1,6,4.6,10.65,5.195,612
2023-03-09T00:00:00.000Z,2.5,44.6,6.5,4.7,9.19,5.865,630
2023-03-10T00:00:00.000Z,3.3,228.5,24.2,16,43.65,35.313,661
2023-03-11T00:00:00.000Z,2.1,50.7,10.4,6.7,19.05,13.035,648
2023-03-12T00:00:00.000Z,1.8,62,6.35,4.6,16.2,12.434,638
2023-03-13T00:00:00.000Z,0,17.1,2.2,1.1,5,2.731,621
2023-03-14T00:00:00.000Z,0.6,50.2,3.3,2.4,5.5,8.196,643
2023-03-15T00:00:00.000Z,1.3,146.4,4,2.7,7,10.677,631
2023-03-16T00:00:00.000Z,0,148.9,13.3,7.8,17.8,16.552,664
2023-03-17T00:00:00.000Z,0,72,10.1,2.2,15.9,8.654,641
2023-03-18T00:00:00.000Z,3.2,39,13.4,8,23,8.48,675
2023-03-19T00:00:00.000Z,1.3,13.1,4.4,3.8,5.6,1.805,630
2023-03-20T00:00:00.000Z,1.6,15.1,4.59,3.6,5.9,2.162,638
2023-03-21T00:00:00.000Z,1.4,325,7.4,5.6,10.3,28.119,650
2023-03-22T00:00:00.000Z,3.2,24.6,6.8,5.55,8.7,2.658,649
2023-03-23T00:00:00.000Z,2.6,81.2,7.95,6.6,13.3,6.167,662
2023-03-24T00:00:00.000Z,0.2,473.9,7,2.5,12.3,51.528,658
2023-03-25T00:00:00.000Z,1.5,63.8,10.55,5.8,16.6,8.841,666
2023-03-26T00:00:00.000Z,0.6,35.1,8.1,3.5,11.7,6.176,653
2023-03-27T00:00:00.000Z,0.8,369.4,22.4,14.45,56.05,68.288,649
2023-03-28T00:00:00.000Z,3.1,492.4,38.1,24,105.8,101.276,663
2023-03-29T00:00:00.000Z,0.4,291.2,19.8,9.1,34.79,28.977,662
2023-03-30T00:00:00.000Z,2,417.6,17.1,10.8,33.79,38.687,667
2023-03-31T00:00:00.000Z,2.5,173.1,39.9,25.8,56.8,29.258,667
2023-04-01T00:00:00.000Z,5.9,308.9,54.2,43.5,66.2,29.071,673
2023-04-02T00:00:00.000Z,2.5,78.5,15.9,9.3,31.2,14.973,691
2023-04-03T00:00:00.000Z,1.8,83,9.5,6.3,15.4,10.356,673
2023-04-04T00:00:00.000Z,2.3,107.5,13.15,9.2,26.1,14.134,666
2023-04-05T00:00:00.000Z,12.3,300.7,34.9,31.6,43.5,23.438,681
2023-04-06T00:00:00.000Z,1.2,96.2,6.6,4.6,10.5,9.895,655
2023-04-07T00:00:00.000Z,3.8,51.1,11.5,8.6,18.5,7.98,661
2023-04-08T00:00:00.000Z,0.9,56.9,14.5,8.6,18.5,9.117,674
2023-04-09T00:00:00.000Z,1.1,86.2,32,17,37,17.234,659
2023-04-10T00:00:00.000Z,0.3,125.6,38.2,18.1,43.1,19.353,635
2023-04-11T00:00:00.000Z,1.4,225.9,7.7,5.2,16.89,16.917,660
2023-04-12T00:00:00.000Z,3.4,74,10.65,7.6,14,10.844,672
2023-04-13T00:00:00.000Z,9.2,333.9,33.6,26.4,41.1,23.423,680
2023-04-14T00:00:00.000Z,5.5,54.9,17,11.8,28.85,12.283,652
2023-04-15T00:00:00.000Z,3.3,61.7,12.6,7.1,20.6,10.194,679
2023-04-16T00:00:00.000Z,2.6,62.9,8.5,5.4,17.7,9.908,676
2023-04-17T00:00:00.000Z,0.6,156.2,18.7,9.3,38.04,19.275,673
2023-04-18T00:00:00.000Z,5.2,243,19.2,10.4,38.79,23.512,671
2023-04-19T00:00:00.000Z,5.3,166.8,18.35,12.6,25.1,17.895,670
2023-04-20T00:00:00.000Z,10.5,117.1,27.8,17.6,35.6,12.783,672
2023-04-21T00:00:00.000Z,4.9,58.5,22.7,17.95,27.6,7.755,685
2023-04-22T00:00:00.000Z,5.7,132,12.2,9,22.3,18.243,678
2023-04-23T00:00:00.000Z,5.6,231.6,24,15.75,36.54,23.263,676
2023-04-24T00:00:00.000Z,6.8,218.3,27.6,17.55,42.5,31.844,688
2023-04-25T00:00:00.000Z,27,181.1,40.9,36,46.7,13.386,680
2023-04-26T00:00:00.000Z,29.5,177.5,45.15,39.6,60.3,19.1,666
2023-04-27T00:00:00.000Z,26.9,93.7,43.5,37.25,50.55,8.613,633
2023-04-28T00:00:00.000Z,23.8,42.9,28.8,26.8,32.2,4.054,627
2023-04-29T00:00:00.000Z,24.3,70.5,31.8,28.4,34.79,5.619,669
2023-04-30T00:00:00.000Z,24.1,65.2,30.1,27.4,35.6,7.226,643
2023-05-01T00:00:00.000Z,25,152.3,40.9,28.9,53,15.802,651
2023-05-02T00:00:00.000Z,26,224.9,31.3,29.7,35.04,18.123,641
2023-05-03T00:00:00.000Z,27.1,105.3,32.3,30.4,36.9,8.339,667
2023-05-04T00:00:00.000Z,26,241,36.3,29.9,40.6,19.422,662
2023-05-05T00:00:00.000Z,25.6,50.5,28.4,27.4,32.54,4.93,632
2023-05-06T00:00:00.000Z,25.7,189.3,35.2,32.6,38.2,16.557,666
2023-05-07T00:00:00.000Z,24.5,135.8,31.4,27.55,53.35,22.857,664
2023-05-08T00:00:00.000Z,27.3,126.5,33.8,31,40.5,10.313,626
2023-05-09T00:00:00.000Z,15.2,126.4,38.4,35.2,45.2,12.465,667
2023-05-10T00:00:00.000Z,10.3,279.5,35.4,30.4,51.55,36.169,672
2023-05-11T00:00:00.000Z,3.7,345.8,35,24.7,53.55,50.345,693
2023-05-12T00:00:00.000Z,6.4,300.3,56.6,38.4,85.7,57.621,634
2023-05-13T00:00:00.000Z,1.3,171.2,23.5,7.05,47.2,25.798,681
2023-05-14T00:00:00.000Z,6.4,81.1,19.9,16.95,28.3,11.216,665
2023-05-15T00:00:00.000Z,7.4,141.5,27,22.3,31.6,11.748,682
2023-05-16T00:00:00.000Z,4.2,130.4,21.4,13.1,31.3,15.76,671
2023-05-17T00:00:00.000Z,1.5,183.5,29.9,15.5,47.7,25.806,630
2023-05-18T00:00:00.000Z,2.3,408.4,37.4,24.6,73.45,81.116,660
2023-05-19T00:00:00.000Z,1.4,378.2,14.4,5.6,37.5,53.517,667
2023-05-20T00:00:00.000Z,6.8,185.2,37,24.6,56.3,38.653,654
2023-05-21T00:00:00.000Z,2.9,83.5,17.85,11.65,25.75,11.716,660
2023-05-22T00:00:00.000Z,4.3,305.4,32.7,17.1,60.25,46.526,665
2023-05-23T00:00:00.000Z,2.6,246.2,14.1,8.3,26.5,23.119,607
2023-05-24T00:00:00.000Z,0.2,421.6,16.39,7,34.35,36.192,676
2023-05-25T00:00:00.000Z,10.4,175.9,33.4,23.75,49,25.618,685
2023-05-26T00:00:00.000Z,0.3,207,28.3,18.8,42.1,29.36,670
2023-05-27T00:00:00.000Z,4.3,234.6,25,18.8,61.55,40.558,664
2023-05-28T00:00:00.000Z,11.1,243.3,33.65,23.2,80.59,50.758,662
2023-05-29T00:00:00.000Z,19.9,404.4,60,41.4,89.8,42.21,686
2023-05-30T00:00:00.000Z,27.5,346.8,90,64.4,141,55.855,663
2023-05-31T00:00:00.000Z,8.5,239.2,45.7,39.1,54.1,29.168,659
2023-06-01T00:00:00.000Z,5.4,139.8,31.2,22.8,41.4,17.478,652
2023-06-02T00:00:00.000Z,2.6,268.2,25.3,14.2,37.2,37.476,661
2023-06-03T00:00:00.000Z,1.7,169.1,16.9,10.1,30.2,20.996,675
2023-06-04T00:00:00.000Z,1.7,375.3,64.8,28,114.2,59.131,658
2023-06-05T00:00:00.000Z,9,358.1,55.1,32.15,96.75,52.057,657
2023-06-06T00:00:00.000Z,0.8,260.9,18.45,8.75,40.1,28.526,644
2023-06-07T00:00:00.000Z,5.9,366,42.65,24,58.5,43.875,658
2023-06-08T00:00:00.000Z,0.5,110.6,24.3,17.3,33.7,13.786,646
2023-06-09T00:00:00.000Z,6.6,603.1,44.2,32.4,67.59,83.7,663
2023-06-10T00:00:00.000Z,3.1,332.7,35.2,16.39,71,47.234,656
2023-06-11T00:00:00.000Z,5.9,230.9,28.55,17.7,43.1,23.445,686
2023-06-12T00:00:00.000Z,9.7,259.2,29.6,18.7,54.3,40.822,667
2023-06-13T00:00:00.000Z,8.3,338.4,28.65,17.6,52.3,34.7,666
2023-06-14T00:00:00.000Z,5.5,447.9,65.7,37.79,107.6,79.297,667
2023-06-15T00:00:00.000Z,22,175,46,39.95,56.55,18.765,680
2023-06-16T00:00:00.000Z,4.5,151.5,28.5,15.4,37.9,18.976,657
2023-06-17T00:00:00.000Z,8.2,331,33.5,25.1,48.65,34.037,673
2023-06-18T00:00:00.000Z,36.4,385.1,78.4,57.25,157.4,67.16,673
2023-06-19T00:00:00.000Z,49.8,553.3,131.9,92.7,191.1,81.542,663
2023-06-20T00:00:00.000Z,37.9,397.9,170.7,98.3,217.95,80.533,648
2023-06-21T00:00:00.000Z,16.6,332.8,38.1,24.7,79.05,45.366,665
2023-06-22T00:00:00.000Z,0.4,174.1,15.3,5.1,30.2,25.718,667
2023-06-23T00:00:00.000Z,0.2,261.6,29.3,11.5,44.5,29.093,676
2023-06-24T00:00:00.000Z,0.5,113.1,20.2,8.8,38.5,20.611,661
2023-06-25T00:00:00.000Z,0.7,66.6,10.7,5.1,19.1,12.146,672
2023-06-26T00:00:00.000Z,0,49.5,15.4,5.3,26.1,11.648,669
2023-06-27T00:00:00.000Z,2.3,380.7,31.3,21.45,42.1,37.278,664
2023-06-28T00:00:00.000Z,2.2,395.1,70.95,48.3,118.8,66.493,690
2023-06-29T00:00:00.000Z,9.4,391.4,49.15,34.04,71.09,44.151,632
2023-06-30T00:00:00.000Z,24.7,388.4,57.2,48.5,86.25,60.068,676
2023-07-01T00:00:00.000Z,5.2,317.2,50.2,40.5,71.75,51.799,625
2023-07-02T00:00:00.000Z,0,193,13.95,6.8,29.9,22.433,662
2023-07-03T00:00:00.000Z,2.4,159.3,13.1,6.3,23.25,20.665,660
2023-07-04T00:00:00.000Z,1.4,322.1,17.3,7.6,31,32.935,665
2023-07-05T00:00:00.000Z,1.7,326.4,46,26.65,81.9,52.177,656
2023-07-06T00:00:00.000Z,7.3,637.3,67.95,38.15,146.75,104.91,660
2023-07-07T00:00:00.000Z,10.7,358.3,43.3,28.5,93.9,58.003,519
2023-07-08T00:00:00.000Z,1,95,17.55,8.69,31.8,17.356,638
2023-07-09T00:00:00.000Z,2.4,254.3,33.95,19,71,51.994,650
2023-07-10T00:00:00.000Z,5.9,235.3,35.1,22.1,67.09,47.478,602
2023-07-11T00:00:00.000Z,24,378.1,87.2,50.9,136.35,70.737,681
2023-07-12T00:00:00.000Z,3.5,259.8,43.2,27.9,65.9,43.132,671
2023-07-13T00:00:00.000Z,11.7,401.2,73.4,45.9,133.3,68.145,679
2023-07-14T00:00:00.000Z,4,413.6,65.2,41,131.75,74.406,681
2023-07-15T00:00:00.000Z,0.3,368.3,83.05,30.4,131.1,77.868,668
2023-07-16T00:00:00.000Z,4.6,161.1,25.2,17.85,34.15,16.989,664
2023-07-17T00:00:00.000Z,9,229.4,37.29,15.5,53.9,39.755,650
2023-07-18T00:00:00.000Z,16.8,385.2,43.2,26.55,69,48.335,585
2023-07-19T00:00:00.000Z,13.4,389.7,72.65,48.8,118.4,65.114,634
2023-07-20T00:00:00.000Z,1.3,191.6,27.6,15.4,37.1,18.386,647
2023-07-21T00:00:00.000Z,0.8,175.2,25.35,6.9,40.7,24.681,642
2023-07-22T00:00:00.000Z,0.4,143,22.6,12.9,34.4,21.608,686
2023-07-23T00:00:00.000Z,4.4,422.4,32.29,21.4,48.9,61.405,659
2023-07-24T00:00:00.000Z,8.2,388.2,35.7,24.65,65.2,64.293,677
2023-07-25T00:00:00.000Z,2.3,157,20.5,8.19,43.7,28.208,651
2023-07-26T00:00:00.000Z,4.1,407.1,41.9,25,72.5,63.597,617
2023-07-27T00:00:00.000Z,8.1,261.5,50.5,35.85,73.59,47.216,669
2023-07-28T00:00:00.000Z,11.9,357.5,52.2,38.25,143.65,78.77,641
2023-07-29T00:00:00.000Z,11.7,382.7,41.3,33.7,71.3,78.129,655
2023-07-30T00:00:00.000Z,3.9,283.2,39.95,16.25,68.55,43.21,656
2023-07-31T00:00:00.000Z,8.2,357.9,42.85,30.85,63,53.388,664
2023-08-01T00:00:00.000Z,1.6,298,30.5,18.85,42.1,27.816,689
2023-08-02T00:00:00.000Z,2,375,19.14,9.35,34.85,46.275,668
2023-08-03T00:00:00.000Z,3.4,113.2,19.89,14.4,29.3,20.352,645
2023-08-04T00:00:00.000Z,8,319.7,27,17.39,41.3,33.747,667
2023-08-05T00:00:00.000Z,10.6,284.6,38.5,21.7,70.4,45.493,671
2023-08-06T00:00:00.000Z,20.7,393.6,92.7,48.8,176.1,78.466,643
2023-08-07T00:00:00.000Z,13,472,68.3,43.85,127.3,72.163,664
2023-08-08T00:00:00.000Z,34.7,386.8,65.5,50.3,95,48.329,667
2023-08-09T00:00:00.000Z,12.7,335.2,54.3,35.9,106.1,55.63,653
2023-08-10T00:00:00.000Z,0.4,334.8,23.3,11.75,37.25,30.087,657
2023-08-11T00:00:00.000Z,0.2,374.8,27.5,9.3,58.3,49.897,650
2023-08-12T00:00:00.000Z,1.7,289.1,36.25,17.95,58.3,53.169,656
2023-08-13T00:00:00.000Z,8,381,66,38.2,109.1,62.363,659
2023-08-14T00:00:00.000Z,8.6,372.6,30.2,15.8,47.8,42.767,659
2023-08-15T00:00:00.000Z,4.3,191.2,29.2,20.14,42.25,20.765,649
2023-08-16T00:00:00.000Z,0,237.6,16.1,6.3,32.2,28.678,662
2023-08-17T00:00:00.000Z,0.4,140.4,21,11.5,34.79,15.677,634
2023-08-18T00:00:00.000Z,4.5,154,25.4,16.95,45.05,26.575,676
2023-08-19T00:00:00.000Z,0,185.4,14.5,3.3,28.55,25.646,633
2023-08-20T00:00:00.000Z,0.3,75.4,9.9,6.3,19.7,11.944,660
2023-08-21T00:00:00.000Z,0.1,89.5,19.6,11.4,31.6,16.44,643
2023-08-22T00:00:00.000Z,0.2,200.6,27.3,12.5,42.5,30.972,661
2023-08-23T00:00:00.000Z,0,356.7,39.7,20.45,57.85,45.632,657
2023-08-24T00:00:00.000Z,0,243.1,56.5,28.05,91.7,47.774,648
2023-08-25T00:00:00.000Z,1.1,369.3,63.15,24.9,104.7,68.954,630
2023-08-26T00:00:00.000Z,1.5,190.2,40.5,19.25,102.25,46.354,633
2023-08-27T00:00:00.000Z,1.4,214.4,29.8,18.3,48.9,45.534,666
2023-08-28T00:00:00.000Z,0.5,411,33.6,14.4,58.9,54.761,635
2023-08-29T00:00:00.000Z,5.4,250.8,57,32.5,85.35,46.644,657
2023-08-30T00:00:00.000Z,0,303.4,23.8,12.5,38.75,44.088,644
2023-08-31T00:00:00.000Z,4.8,413.1,71.1,40.6,116.85,60.612,641
2023-09-01T00:00:00.000Z,3.3,1919.8,31.3,19.2,49,339.845,625
2023-09-02T00:00:00.000Z,4.8,363.6,26.6,15.2,37.9,33.073,674
2023-09-03T00:00:00.000Z,1.3,75.2,7.7,4.4,21.5,12.638,644
2023-09-04T00:00:00.000Z,3.6,407.9,26.25,10.8,41.1,41.649,646
2023-09-05T00:00:00.000Z,3.2,431.4,14.7,9.3,25.5,33.538,647
2023-09-06T00:00:00.000Z,1.5,360.3,19.3,10.05,34.29,39.876,677
2023-09-07T00:00:00.000Z,2.9,300,24,8.3,38.95,21.307,680
2023-09-08T00:00:00.000Z,0.5,148.8,19.2,9,34.7,24.999,665
2023-09-09T00:00:00.000Z,0,133.7,7.2,3.1,18.8,18.493,646
2023-09-10T00:00:00.000Z,0.3,170.1,13.8,8.3,22.7,24.325,667
2023-09-11T00:00:00.000Z,0.8,695.9,22.1,12,35.2,44.994,656
2023-09-12T00:00:00.000Z,1.3,445.5,29.05,12.3,63.7,56.027,682
2023-09-13T00:00:00.000Z,4.5,227.8,28.4,17.8,40.79,30.652,663
2023-09-14T00:00:00.000Z,0,202,15.3,3.8,33.65,26.653,665
2023-09-15T00:00:00.000Z,6.7,107.7,30.8,19.35,43.75,18.706,685
2023-09-16T00:00:00.000Z,0,142.4,16.7,9.4,34,20.257,651
2023-09-17T00:00:00.000Z,0.2,125.8,20.1,8.19,44.1,27.769,658
2023-09-18T00:00:00.000Z,0.3,111.3,9.85,4.2,23.6,20.722,620
2023-09-19T00:00:00.000Z,1.8,145.1,15.8,10.4,28.7,17.597,630
2023-09-20T00:00:00.000Z,3.2,150.9,26.4,14.1,43,32.619,598
2023-09-21T00:00:00.000Z,2,377.4,16.45,7.1,32.5,34.152,620
2023-09-22T00:00:00.000Z,0.9,223,9.4,3.7,28.25,20.653,596
2023-09-23T00:00:00.000Z,0.9,41.5,11.6,5.1,19.39,8.914,641
2023-09-24T00:00:00.000Z,1.1,56.6,8,4.2,26,13.335,666
2023-09-25T00:00:00.000Z,2.2,259,12.1,6.7,29.55,22.413,653
2023-09-26T00:00:00.000Z,1.4,210.6,19.39,8.6,37.1,28.099,683
2023-09-27T00:00:00.000Z,2.4,585.7,26.5,15.65,39.9,33.863,680
2023-09-28T00:00:00.000Z,1.9,128.8,13.8,7.5,35.6,22.071,654
2023-09-29T00:00:00.000Z,2.2,176.5,11,6.2,18,17.063,650
2023-09-30T00:00:00.000Z,0.7,222.4,12.75,8.35,25.8,22.105,656
2023-10-01T00:00:00.000Z,3,151.4,16.3,9.8,24.9,14.035,662
2023-10-02T00:00:00.000Z,6.9,209,30.7,23.8,42.8,22.647,664
2023-10-03T00:00:00.000Z,0.5,218.8,8.8,4.3,21.2,21.29,645
2023-10-04T00:00:00.000Z,0.6,112.9,11.75,8.5,19.7,12.396,634
2023-10-05T00:00:00.000Z,0.3,110.1,12.7,7.2,39.35,24.407,644
2023-10-06T00:00:00.000Z,2.2,176.5,28.9,12.1,51.2,27.605,331
2023-10-10T00:00:00.000Z,3.8,34.2,11.8,9.65,25.75,9.676,21
2023-10-11T00:00:00.000Z,4.8,22.9,6.1,4.8,22.9,8.243,3
2023-10-12T00:00:00.000Z,4.7,4.7,4.7,4.7,4.7,0,1
2023-10-13T00:00:00.000Z,5.6,8,6.35,5.85,7.3,0.895,4
2023-10-16T00:00:00.000Z,5.5,30,12.7,6.8,24,8.627,9
2023-10-17T00:00:00.000Z,3.4,35,13.55,8.8,23.7,8.651,106
2023-10-18T00:00:00.000Z,6.3,100,10.55,8.55,20.55,19.435,312
2023-10-25T00:00:00.000Z,5.6,5.6,5.6,5.6,5.6,0,1
2023-10-26T00:00:00.000Z,5,11,5.9,5.1,8.7,2.207,5
2023-10-30T00:00:00.000Z,8.8,49.7,11.9,9.19,31.85,14.434,8
2023-10-31T00:00:00.000Z,6.1,61.5,15.45,11.9,20.5,8.034,84
2023-11-01T00:00:00.000Z,0.8,86.8,19.3,10.15,34.7,15.393,637
2023-11-02T00:00:00.000Z,1.5,66.8,10.9,6.1,25.5,13.841,668
2023-11-03T00:00:00.000Z,0.6,151.6,9.3,4.7,20.1,18.819,665
2023-11-04T00:00:00.000Z,1.2,38.3,5.95,4.2,11.9,6.588,622
2023-11-05T00:00:00.000Z,0.8,47.6,6.7,5.09,11.1,7.9,647
2023-11-06T00:00:00.000Z,2.1,226.9,26.3,13,38.1,22.059,639
2023-11-07T00:00:00.000Z,0.7,78.5,8.1,4.6,13.6,9.719,625
2023-11-08T00:00:00.000Z,0.5,194.4,3.5,2.2,7.7,17.872,624
2023-11-09T00:00:00.000Z,1.1,34.1,4.7,3.4,6.9,5.233,574
2023-11-10T00:00:00.000Z,2.6,362.7,10.3,6.2,15.9,27.97,646
2023-11-11T00:00:00.000Z,0.1,59,9.1,3.9,16.1,10.449,649
2023-11-12T00:00:00.000Z,0.5,130.2,5.4,3.9,8.8,18.031,402
2023-11-13T00:00:00.000Z,0,292.7,4.8,1.8,13.5,17.794,611
2023-11-14T00:00:00.000Z,0.6,151.9,6.4,3.55,16.2,20.265,637
2023-11-15T00:00:00.000Z,0.5,95.8,12.8,7.8,19.2,13.404,555