# Sensor Praga, Providencia, Chile (Citizen Science project sensor.community/16616)
# https://aqicn.org/station/@94606/
# Daily pm25
date,min,max,median,q1,q3,stdev,count
2020-01-18T00:00:00.000Z,6,15.85,7.72,7.06,9.86,2.101,212
2020-01-19T00:00:00.000Z,5.92,18.54,8.23,7.49,8.91,1.436,464
2020-01-20T00:00:00.000Z,7.25,69.45,10.07,8.52,13.04,5.688,356
2020-01-21T00:00:00.000Z,6.3,64.84,9.43,7.48,10.8,6.132,431
2020-02-27T00:00:00.000Z,5.4,10.9,6.47,6.14,6.82,0.832,95
2020-02-28T00:00:00.000Z,4.51,28.5,9.19,6.41,12.76,4.494,564
2020-02-29T00:00:00.000Z,13.7,40.28,18.98,17.45,22.47,5.406,569
2020-03-01T00:00:00.000Z,8.35,32.72,17.92,14.85,20.05,4.772,506
2021-02-01T00:00:00.000Z,2.9,17.6,4.79,3.97,8.41,3.88,76
2021-02-02T00:00:00.000Z,2.2,31.9,6.63,4.04,12.8,6.197,240
2021-02-03T00:00:00.000Z,4,136.19,9.78,7,17.6,13.467,226
2021-02-04T00:00:00.000Z,5.7,82.97,9.52,7.63,11.5,6.92,269
2021-02-05T00:00:00.000Z,7.83,11.3,9.77,8.18,10.75,1.253,13
2021-02-06T00:00:00.000Z,8.69,37.5,14.8,12.2,18.63,5.739,222
2021-02-07T00:00:00.000Z,10.97,542.37,16.89,14.7,23.87,70.662,238
2021-02-08T00:00:00.000Z,6.23,179.2,9.8,8.5,13.03,16.111,255
2021-02-09T00:00:00.000Z,4.8,196.1,7.31,6.1,16.47,15.709,244
2021-02-10T00:00:00.000Z,9.27,325.67,20.27,13.67,29.47,37.671,238
2021-02-11T00:00:00.000Z,12.07,162.66,17.17,15.3,23.07,27.376,235
2021-02-12T00:00:00.000Z,10.73,52.33,24.82,19.32,29.6,7.954,274
2021-02-13T00:00:00.000Z,13,14.53,14,13.39,14.32,0.511,17
2021-02-14T00:00:00.000Z,6.73,159.77,20.65,8.9,48.9,36.721,46
2021-02-15T00:00:00.000Z,8.8,96.4,16.69,11.29,21.15,12.373,244
2021-02-16T00:00:00.000Z,9.6,168.5,14.8,12.6,17.89,19.959,231
2021-02-17T00:00:00.000Z,3.77,121.3,13.15,7.27,24.75,17.828,232
2021-02-18T00:00:00.000Z,2.7,277.37,5.59,3.8,9.1,20.305,266
2021-02-19T00:00:00.000Z,2.4,335.13,6.37,4.55,13.35,41.685,244
2021-02-20T00:00:00.000Z,5,6.5,5.7,5.4,6.13,0.461,7
2021-03-16T00:00:00.000Z,6.23,24.77,15.3,11.57,19.77,5.499,94
2021-03-17T00:00:00.000Z,2.5,90.47,7.93,3.97,12.7,11.903,263
2021-03-18T00:00:00.000Z,4.23,110,9.78,6.05,19.67,14.449,240
2021-03-19T00:00:00.000Z,2.7,134.19,11.17,4.76,20,22.92,241
2021-03-20T00:00:00.000Z,2,235.3,5.17,3.73,8.77,29.35,253
2021-04-15T00:00:00.000Z,14.2,18.3,16.25,14.2,18.3,2.05,2
2021-04-16T00:00:00.000Z,7.87,77.47,11.9,10.5,15.7,8.147,134
2021-04-17T00:00:00.000Z,8.05,302.43,21.65,14.87,23.57,35.575,148
2021-04-18T00:00:00.000Z,11.4,307.43,29.53,20.05,42.19,33.838,133
2021-04-19T00:00:00.000Z,9.9,32.72,18.7,14.9,22.5,6.335,127
2021-04-20T00:00:00.000Z,6.93,143.37,58.8,23.78,128.41,49.404,5
2021-04-21T00:00:00.000Z,0.6,53.7,4.9,2.06,12.4,9.967,126
2021-04-22T00:00:00.000Z,2.7,15.07,9.27,7.09,10.78,3.096,20
2021-04-23T00:00:00.000Z,26.4,103.27,33.24,28.87,40.15,18.336,16
2021-04-24T00:00:00.000Z,15.9,89.03,33.94,24.7,39.75,13.676,128
2021-04-25T00:00:00.000Z,8.5,247.97,20.7,18.39,23,23.733,157
2021-04-26T00:00:00.000Z,9.73,79.97,14.94,12.8,25.3,12.724,134
2021-04-27T00:00:00.000Z,12.8,109.27,18.32,15.29,26.8,13.407,129
2021-04-28T00:00:00.000Z,22.3,137.85,30.93,28.15,48.2,28.698,23
2021-04-29T00:00:00.000Z,27.38,99.3,33.29,31.85,40.35,10.944,49
2021-04-30T00:00:00.000Z,31.52,197.95,51.3,44.28,59.19,26.494,56
2021-05-01T00:00:00.000Z,23.75,316.3,40.07,34.53,44.58,30.412,139
2021-05-02T00:00:00.000Z,12.1,351.33,36.67,20.42,139.05,100.328,53
2021-05-03T00:00:00.000Z,5.8,91.73,9.77,8.23,15.6,9.511,122
2021-05-04T00:00:00.000Z,4.76,258.1,13.8,8.39,22.34,54.269,121
2021-05-05T00:00:00.000Z,9.69,140.4,17.38,11.87,32.25,17.127,120
2021-05-06T00:00:00.000Z,8.5,686.57,22.9,13.68,41.65,76.432,113
2021-05-07T00:00:00.000Z,8.13,331.03,14.9,11.97,32.83,32.314,123
2021-05-08T00:00:00.000Z,12.93,463.8,234.12,212.87,268.37,72.247,34
2021-05-09T00:00:00.000Z,15,15.9,15.45,15,15.9,0.45,2
2021-05-11T00:00:00.000Z,24.57,44.73,34.2,32.35,40.29,5.677,17
2021-05-12T00:00:00.000Z,34.1,80.83,38.27,37.17,62.22,15.456,9
2021-05-13T00:00:00.000Z,29.07,76.03,41,38.53,44.37,8.083,34
2021-05-14T00:00:00.000Z,41.5,71.17,48.54,45.7,58.93,9.967,6
2021-05-15T00:00:00.000Z,51.27,137.3,71.97,58.63,94.87,22.032,51
2021-05-16T00:00:00.000Z,71.4,251.13,120.67,90.8,140.83,37.295,55
2021-05-17T00:00:00.000Z,72.83,201.67,105.33,92.47,146.07,31.37,35
2021-05-18T00:00:00.000Z,392.63,392.63,392.63,392.63,392.63,0,1
2021-05-19T00:00:00.000Z,119.73,553.37,304.83,233.67,329.03,78.233,38
2021-05-20T00:00:00.000Z,62.1,62.1,62.1,62.1,62.1,0,1
2021-05-21T00:00:00.000Z,76.8,685.8,269.87,208.32,316.25,118.839,29
2021-05-25T00:00:00.000Z,17.8,501.57,210.59,139.66,391.93,143.965,24
2021-05-26T00:00:00.000Z,40.4,659.4,158.57,87.8,227.53,154.046,30
2021-11-27T00:00:00.000Z,2.1,41.8,3.2,2.67,6.73,8.663,74
2021-11-28T00:00:00.000Z,1.9,264.02,3.37,2.8,7.05,38.532,557
2021-11-29T00:00:00.000Z,1.5,144.47,3.8,3.2,5.6,20.127,561
2021-11-30T00:00:00.000Z,1.47,106.9,7.57,4.2,22.8,20.304,551
2021-12-01T00:00:00.000Z,2.5,306.27,5.7,4.03,8.61,26.655,541
2021-12-02T00:00:00.000Z,3,49.4,4.97,4.17,6.2,4.136,540
2021-12-03T00:00:00.000Z,3.4,11.9,5.6,4.87,9.6,2.426,238
2021-12-04T00:00:00.000Z,2.83,120.07,7,5.29,16.22,14.763,528
2021-12-05T00:00:00.000Z,3.1,6.57,4.2,3.9,4.59,0.6,273
2022-12-13T00:00:00.000Z,3.33,4.53,3.9,3.8,4.26,0.334,16
2022-12-15T00:00:00.000Z,1.1,3.17,2,1.75,2.19,0.331,176
2022-12-16T00:00:00.000Z,1.63,7.9,3.43,2.76,4.19,0.999,496
2022-12-17T00:00:00.000Z,1.7,13.87,5.37,2.69,7.07,2.852,529
2022-12-18T00:00:00.000Z,0.8,9.93,3.55,1.83,5.23,2.116,520
2022-12-19T00:00:00.000Z,0.7,8,1.74,1.3,2.8,1.2,548
2022-12-20T00:00:00.000Z,0.9,16.55,2.2,1.58,4.2,1.901,542
2022-12-21T00:00:00.000Z,0.93,20.67,3.4,2,8.19,5.011,542
2022-12-22T00:00:00.000Z,1.37,8.07,4.59,2.8,5.8,1.66,214
2022-12-25T00:00:00.000Z,0.8,27.1,1.75,1.45,4.17,2.816,157
2022-12-26T00:00:00.000Z,2.87,16.39,4.3,3.8,5.47,1.335,229
2022-12-27T00:00:00.000Z,3.55,38.83,6.13,5.09,16.62,7,428
2022-12-28T00:00:00.000Z,4.93,6.77,5.8,5.63,6.42,0.456,25
2023-01-07T00:00:00.000Z,2.17,29.83,9.69,6.4,13.6,5.645,295
2023-01-08T00:00:00.000Z,1.7,9,3.23,2.7,5.1,1.679,197
2023-01-13T00:00:00.000Z,0.6,8.8,1.01,0.9,1.2,0.877,90
2023-01-14T00:00:00.000Z,1.5,37.78,3.28,2.65,4.38,2.847,501
2023-01-17T00:00:00.000Z,3.1,8.5,5.3,4.5,6.1,1.095,315
2023-01-18T00:00:00.000Z,3.1,72.13,7.32,4.8,9.3,5.975,465
2023-01-19T00:00:00.000Z,2.67,16.53,6.8,4.65,9.22,2.581,557
2023-01-20T00:00:00.000Z,2.7,23.3,7.83,5.13,9.9,3.035,552
2023-01-21T00:00:00.000Z,2.29,25.45,6.95,5.8,8.3,2.535,546
2023-01-22T00:00:00.000Z,0.7,8.67,3.7,1.6,5.09,1.821,563
2023-01-23T00:00:00.000Z,0.6,11.4,3.67,2.59,5.72,1.963,481
2023-01-24T00:00:00.000Z,0.5,8.19,1.58,1.21,2.63,1.31,560
2023-01-25T00:00:00.000Z,0.93,3.53,1.87,1.6,2.1,0.437,499
2023-01-26T00:00:00.000Z,0.9,28.97,2.67,1.73,3.5,1.644,539
2023-01-27T00:00:00.000Z,0.93,9.1,2.1,1.87,2.33,0.721,147
2023-02-15T00:00:00.000Z,0.67,8.67,2.6,1.8,3.4,2.286,146
2023-02-16T00:00:00.000Z,1.6,12.4,4.73,3,6.2,2.527,454
2023-02-17T00:00:00.000Z,1.1,26.03,7.17,4.8,11.49,4.002,320
2023-02-18T00:00:00.000Z,1.33,84.7,12.93,10,16.42,11.757,546
2023-02-19T00:00:00.000Z,10.3,14.3,11.67,11.3,12.4,0.903,27