# Sensor SICAM8_IM-Villarrica, Chile (Purple Air/53667)
# https://aqicn.org/station/@132364/
# Daily pm25
date,min,max,median,q1,q3,stdev,count
2020-07-31T00:00:00.000Z,7.62,149.29,29.54,19.77,45,30.389,121
2020-08-01T00:00:00.000Z,0.3,570.77,43.77,22.36,118.7,145.33,422
2020-08-02T00:00:00.000Z,5.32,497.12,76.19,19.84,187.23,119.088,414
2020-08-03T00:00:00.000Z,6.52,658.3,38.26,24.49,65.34,155.678,393
2020-08-04T00:00:00.000Z,11.73,189.17,35.36,27.75,43.78,22.02,512
2020-08-05T00:00:00.000Z,0.61,202.09,28.36,14.14,47.51,31.489,568
2020-08-06T00:00:00.000Z,2.66,460.86,51,21.36,115.39,73.423,613
2020-08-07T00:00:00.000Z,10.93,194.19,47.64,29.37,57,30.794,631
2020-08-08T00:00:00.000Z,15.62,704.46,83.51,39.97,251.65,144.225,611
2020-08-09T00:00:00.000Z,3.17,420.88,28.42,15.49,89.11,89.877,626
2020-08-10T00:00:00.000Z,1.53,161.81,19.72,8.8,36.61,22.543,632
2020-08-11T00:00:00.000Z,8.27,404.93,96.32,45.56,189.45,99.604,611
2020-08-12T00:00:00.000Z,18.64,590.94,76.2,47.72,207.66,117.624,625
2020-08-13T00:00:00.000Z,0.61,257.14,34.93,13.95,45.14,29.601,575
2020-08-14T00:00:00.000Z,4.01,108.51,27.23,19.73,34.96,12.154,438
2020-08-15T00:00:00.000Z,5.21,149.81,27.53,20.2,35.54,16.356,640
2020-08-16T00:00:00.000Z,7.88,120.66,30.49,16.86,46.27,25.492,490
2020-08-17T00:00:00.000Z,21.84,169.26,42.59,36.64,48.35,18.252,257
2020-08-18T00:00:00.000Z,0.96,247.64,22.93,13.15,38.61,19.262,615
2020-08-19T00:00:00.000Z,1.22,582.77,37.94,19.7,147.69,114.213,592
2020-08-20T00:00:00.000Z,3.38,44.36,16.79,7.79,22.61,8.331,579
2020-08-21T00:00:00.000Z,9.64,46.35,18.98,15.28,25.14,6.983,582
2020-08-22T00:00:00.000Z,12.72,212.44,32.94,27.51,41.69,24.542,512
2020-08-23T00:00:00.000Z,7.77,656.97,50.42,19.77,207.04,166.265,544
2020-08-24T00:00:00.000Z,9.56,273.42,33.02,20.87,50.55,45.51,489
2020-08-25T00:00:00.000Z,2,188.55,28.45,10.46,43.4,30.415,485
2020-08-26T00:00:00.000Z,0.87,231.79,16.73,7.33,30.98,20.713,512
2020-08-27T00:00:00.000Z,0.61,153.94,26.34,8.36,40.98,22.693,570
2020-08-28T00:00:00.000Z,0.28,198.61,35.2,7.25,48.36,26.698,522
2020-08-29T00:00:00.000Z,3.43,89.98,32.71,17.96,45.96,16.613,523
2020-08-30T00:00:00.000Z,3.93,189.77,43.68,17.51,67.94,33.836,509
2020-08-31T00:00:00.000Z,1.05,80.27,11.21,4.95,20.3,11.718,495
2020-09-01T00:00:00.000Z,3.81,342.31,66.53,12.88,120.41,74.749,529
2020-09-02T00:00:00.000Z,10,100.43,26.2,17.32,38.65,14.495,296
2020-09-09T00:00:00.000Z,4.25,58.78,14.94,10.77,19.17,9.846,101
2020-09-10T00:00:00.000Z,1.83,86.35,17.75,8.02,30.95,15.937,406
2020-09-11T00:00:00.000Z,10.65,208.35,44.14,30.1,66.28,33.519,345
2020-09-12T00:00:00.000Z,0.95,369.49,21.57,9.11,39.69,82.055,316
2020-09-13T00:00:00.000Z,3.03,431.6,24.49,14.98,61.47,86.3,388
2020-09-14T00:00:00.000Z,3.82,449.35,16.36,10.47,46.28,56.961,348
2020-09-15T00:00:00.000Z,11.33,233.12,35.97,26.58,46.12,33.283,339
2020-09-16T00:00:00.000Z,9.93,191.78,37.03,24.83,52.09,26.921,436
2020-09-17T00:00:00.000Z,5.59,188.2,35.07,22.41,45.9,22.161,352
2020-09-18T00:00:00.000Z,2,119.91,20.91,9.88,42.33,22.513,365
2020-09-19T00:00:00.000Z,2.59,135.16,9.23,6.41,19.19,16.379,418
2020-09-20T00:00:00.000Z,1.28,31.44,7.81,5.47,12.84,5.499,421
2020-09-21T00:00:00.000Z,13.54,148.02,41.53,23.72,60.87,26.857,423
2020-09-22T00:00:00.000Z,4.65,119.74,27.19,15.27,36.33,17.706,431
2020-09-23T00:00:00.000Z,7.07,132.16,25.63,14.17,37.97,24.655,440
2020-09-24T00:00:00.000Z,12.14,37.52,19.43,16.22,23.72,5.595,469
2020-09-25T00:00:00.000Z,10.29,68.81,26.57,16.16,35.5,11.721,498
2020-09-26T00:00:00.000Z,10.48,89.36,30.61,20.3,48.57,16.277,505
2020-09-27T00:00:00.000Z,8.51,73.19,22.67,17.93,32.09,12.303,502
2020-09-28T00:00:00.000Z,9.9,341.24,38.09,23.97,108.26,75.352,460
2020-09-29T00:00:00.000Z,1.32,59.91,14.99,8.02,23.95,11.018,462
2020-09-30T00:00:00.000Z,1.52,95.2,7.07,3.97,14.48,12.75,310
2020-10-01T00:00:00.000Z,6.88,129.11,29.56,21.61,38.54,17.986,122
2020-10-02T00:00:00.000Z,0,279.58,14.2,5.27,37.78,45.786,285
2020-10-03T00:00:00.000Z,0,146.12,0.61,0.09,1.67,9.921,217
2020-10-05T00:00:00.000Z,5.9,84.23,14.63,12.22,20.23,10.16,125
2020-10-06T00:00:00.000Z,3.77,221.77,29.5,17.61,60.62,41.543,333
2020-10-07T00:00:00.000Z,6.97,300.64,27.58,20.3,46.75,37.778,239
2020-10-13T00:00:00.000Z,0.28,107.96,7.21,1.87,14.16,12.912,160
2020-10-14T00:00:00.000Z,2.04,43.09,5.46,3.88,8.41,6.663,421
2020-10-15T00:00:00.000Z,3.35,83.92,8.78,6.66,12.05,6.719,402
2020-10-16T00:00:00.000Z,2.8,156.56,9.68,6.39,15.7,12.823,395
2020-10-17T00:00:00.000Z,6.59,38.96,20.29,17.32,26.73,6.377,432
2020-10-18T00:00:00.000Z,2.12,99.96,17.51,7.1,37.04,21.31,391
2020-10-19T00:00:00.000Z,1.93,173.94,12.72,7.32,30.25,32.859,408
2020-10-20T00:00:00.000Z,1.91,57.6,8.11,5.25,12.76,9.223,401
2020-10-21T00:00:00.000Z,2.83,38.28,8.16,5.42,13.93,6.108,389
2020-10-22T00:00:00.000Z,4.15,67.05,13.05,8.09,20.02,8.816,396
2020-10-23T00:00:00.000Z,4.51,126.59,13.92,10.65,16.59,11.277,384
2020-10-24T00:00:00.000Z,2.58,125.27,28.47,14.35,46.04,23.268,407
2020-10-25T00:00:00.000Z,1.91,270.67,14.16,7.73,79.58,55.28,475
2020-10-26T00:00:00.000Z,2.25,245.55,33.89,16.88,53.07,48.259,442
2020-10-27T00:00:00.000Z,3.48,83.59,18.54,11.71,29.32,13.514,406
2020-10-28T00:00:00.000Z,1.68,81.66,9.96,6.63,15.03,11.134,432
2020-10-29T00:00:00.000Z,1.56,103.54,6.88,4.24,28.74,22.854,308
2020-10-30T00:00:00.000Z,1.71,15.91,6.18,4.68,7.88,2.938,444
2020-10-31T00:00:00.000Z,0.98,28.47,5.87,3.57,8.11,3.572,416
2020-11-01T00:00:00.000Z,3.78,33.76,8.18,7.24,9.52,2.606,459
2020-11-02T00:00:00.000Z,3.52,70.23,13.9,10.11,16.51,6.401,427
2020-11-03T00:00:00.000Z,5.03,70.94,18.51,13.14,22.46,7.31,444
2020-11-04T00:00:00.000Z,0.96,45.14,6.23,3.63,13.47,6.727,286
2020-11-05T00:00:00.000Z,0.63,43.91,10.01,4.5,19.63,10.51,258
2020-11-06T00:00:00.000Z,1.13,21.7,3.33,2.61,4.12,2.064,165
2020-11-07T00:00:00.000Z,0.41,18.14,4.78,3.28,5.95,2.749,367
2020-11-08T00:00:00.000Z,1.1,15.64,4.01,2.79,5.07,2.329,305
2020-11-09T00:00:00.000Z,3.58,28.86,11.67,6.4,14.84,5.491,257
2020-11-10T00:00:00.000Z,2.27,13.43,5.79,3.5,7.41,2.278,207
2020-11-11T00:00:00.000Z,2.61,51.25,14.56,9.68,21.02,9.262,177
2020-11-12T00:00:00.000Z,1.98,46.04,9.78,6,17.55,8.214,294
2020-11-13T00:00:00.000Z,3.48,59.68,10.86,8.3,15.17,6.951,271
2020-11-14T00:00:00.000Z,0.57,161.75,15,5.34,42.57,31.396,278
2020-11-15T00:00:00.000Z,0.59,58.83,3.1,2,9.55,14.582,250
2020-11-16T00:00:00.000Z,0.75,34.7,5.12,3.03,7.87,5.322,246
2020-11-17T00:00:00.000Z,0.25,11.44,3.05,1.65,4.53,2.084,237
2020-11-20T00:00:00.000Z,21.03,35.46,27.96,26.26,29.33,2.708,36
2020-11-21T00:00:00.000Z,2.41,131.75,10.47,6.23,22.1,12.379,272
2020-11-22T00:00:00.000Z,0.37,71.39,8.11,3.69,21.31,14.371,265
2020-11-23T00:00:00.000Z,0.81,79,3.88,2.52,7.72,9.857,247
2020-11-24T00:00:00.000Z,3.98,77.02,22.46,14.07,33.9,12.794,259
2020-11-25T00:00:00.000Z,1.69,125.17,11.32,5.11,32.46,19.317,265
2020-11-26T00:00:00.000Z,0.09,137.18,9.13,3.18,20.66,19.118,236
2020-11-27T00:00:00.000Z,1.09,66.06,7.5,4.24,11.24,7.419,247
2020-11-28T00:00:00.000Z,4.22,37.88,13.45,8.42,18.04,6.959,266
2020-11-29T00:00:00.000Z,3.44,42.32,16.04,8.57,28.74,11.089,44
2020-11-30T00:00:00.000Z,0.46,6.04,2.25,1.45,3.43,1.258,121
2020-12-01T00:00:00.000Z,0.82,47.04,4.84,2.85,7.13,5.097,213
2020-12-02T00:00:00.000Z,0.51,52.66,4.87,2.25,7.57,8.346,241
2020-12-03T00:00:00.000Z,0.65,74.48,3.59,2.18,5.91,6.948,203
2020-12-04T00:00:00.000Z,0.2,17.19,2.31,1.56,2.95,1.497,250
2020-12-05T00:00:00.000Z,0.36,6.18,2.54,1.54,3.42,1.279,230
2020-12-06T00:00:00.000Z,0.97,13.2,5.89,4,7.02,2.31,290
2020-12-07T00:00:00.000Z,0.32,215.52,5.11,3.4,6.56,14.857,226
2020-12-08T00:00:00.000Z,0.55,80.04,4.3,2.7,6.47,7.524,211
2021-04-10T00:00:00.000Z,10.7,76.8,23,16.1,30.5,10.484,247
2021-04-11T00:00:00.000Z,1.6,188.2,30.8,8.8,66.6,45.047,398
2021-04-12T00:00:00.000Z,1,105.8,15.6,8,39.29,19.829,371
2021-04-13T00:00:00.000Z,1.5,49.8,5.4,3.3,20,13.987,379
2021-04-14T00:00:00.000Z,4.6,120.6,15.3,10.1,27.1,13.356,387
2021-04-15T00:00:00.000Z,3.2,167.4,16.7,8.4,31.75,14.825,385
2021-04-16T00:00:00.000Z,1.3,67.7,16.5,8.8,26.2,11.883,358
2021-04-17T00:00:00.000Z,4.4,134.9,21.2,12.6,31.9,15.07,404
2021-04-18T00:00:00.000Z,31.6,166.3,47.3,38.6,67.9,25.822,389
2021-04-19T00:00:00.000Z,8.2,124.8,31.55,18.89,44.2,22.576,398
2021-04-20T00:00:00.000Z,6.4,91.3,18.2,11.7,34.1,16.213,394
2021-04-21T00:00:00.000Z,1.6,268.5,23.3,13.5,31.05,19.74,396
2021-04-22T00:00:00.000Z,1.5,168.6,32.9,15.2,41.85,23.854,380
2021-04-23T00:00:00.000Z,6.9,228.7,47.3,19.55,93.15,45.397,381
2021-04-24T00:00:00.000Z,4.1,183.9,26.3,9.15,39.9,29.985,397
2021-04-25T00:00:00.000Z,3,74,18.6,12.25,25.2,12.916,409
2021-04-26T00:00:00.000Z,4.8,144.5,24.05,12.6,47.7,33.486,404
2021-04-27T00:00:00.000Z,4.5,126.5,37.54,18.8,55,26.361,410
2021-04-28T00:00:00.000Z,3.7,128.9,13.75,8.8,34.7,21.241,408
2021-04-29T00:00:00.000Z,4.6,284.6,40.9,19.6,90.1,50.162,392
2021-04-30T00:00:00.000Z,20.7,377.9,39.9,32.1,131.4,76.725,391
2021-05-01T00:00:00.000Z,0.3,42.1,9.1,3.15,18.9,10.569,405
2021-05-02T00:00:00.000Z,2.5,210.1,13.8,8.55,20.3,24.179,393
2021-05-03T00:00:00.000Z,2.8,291,47.05,24.8,101.2,56.802,382
2021-05-04T00:00:00.000Z,0.5,110.4,16.1,5.5,40,23.363,365
2021-05-05T00:00:00.000Z,5.5,149,16.95,10.35,34.1,18.05,164
2021-05-06T00:00:00.000Z,5,251.4,46.05,16.7,61.1,38.918,358
2021-05-07T00:00:00.000Z,17.5,296.9,48.8,34.6,95.45,51.064,389
2021-05-08T00:00:00.000Z,9.5,132.8,45.4,30.55,65.95,25.315,396
2021-05-09T00:00:00.000Z,3.3,86.3,13.9,8.6,34.4,17.142,400
2021-05-10T00:00:00.000Z,2.2,37.6,11.9,6.9,18,8.465,366
2021-05-11T00:00:00.000Z,11.9,289,29.7,21.7,44.7,40.28,386
2021-05-12T00:00:00.000Z,8.3,263.6,58.1,26.4,118.55,64.311,397
2021-05-13T00:00:00.000Z,9,433.2,66.8,33.9,131.8,79.974,390
2021-05-14T00:00:00.000Z,13.6,582.5,67.7,34.6,201.6,131.507,390
2021-05-15T00:00:00.000Z,5.2,452.2,57.45,28.2,128.19,107.7,390
2021-05-16T00:00:00.000Z,8.2,494.4,37.65,22.8,94.8,96.657,406
2021-05-17T00:00:00.000Z,22.5,510.7,75.75,48.1,112.8,78.42,374
2021-05-18T00:00:00.000Z,3.3,571.1,66.4,33.65,160.3,97.612,385
2021-05-19T00:00:00.000Z,0.3,93.1,14.9,5.4,25.9,12.895,343
2021-05-20T00:00:00.000Z,0.4,254,16,5.15,31.75,25.381,409
2021-05-21T00:00:00.000Z,3.9,179.7,27.95,15.3,40.79,23.281,390
2021-05-22T00:00:00.000Z,6.9,185.5,23.45,16.89,43.9,31.791,376
2021-05-23T00:00:00.000Z,52,384.5,145.5,106.4,233.8,88.766,165
2021-05-24T00:00:00.000Z,17.4,193.1,33.5,27.9,43.2,24.078,203
2021-05-25T00:00:00.000Z,4.1,213.4,30.4,17.4,46.6,27.979,414
2021-05-26T00:00:00.000Z,8.1,182.5,47.85,41.2,61.2,25.656,304
2021-05-27T00:00:00.000Z,3.8,209.9,19.95,12.7,29.6,17.786,330
2021-05-28T00:00:00.000Z,13.4,174.2,33.54,25.3,43.3,18.591,182
2021-05-29T00:00:00.000Z,1.8,171.6,45.6,28.5,59.7,33.496,395
2021-05-30T00:00:00.000Z,1.7,338,76.09,12.4,159,90.951,403
2021-05-31T00:00:00.000Z,3.1,345.4,35,25.1,45,44.379,311
2021-06-01T00:00:00.000Z,0.2,214.4,18.95,7.6,33.4,22.758,414
2021-06-02T00:00:00.000Z,4.8,168,41.7,21.8,61.7,32.947,389
2021-06-03T00:00:00.000Z,0.2,223.2,32.29,6.4,50.2,46.15,395
2021-06-04T00:00:00.000Z,1.8,276.7,32.2,16.3,41.85,45.934,392
2021-06-05T00:00:00.000Z,8.1,416.3,52.6,36.15,113.75,84.665,412
2021-06-06T00:00:00.000Z,10.4,366.2,40.1,32.7,52.8,37.358,410
2021-06-07T00:00:00.000Z,2.1,601.6,24.5,9.9,66.59,137.011,471
2021-06-08T00:00:00.000Z,1.9,218.3,15.8,8.3,41.2,26.805,447
2021-06-09T00:00:00.000Z,1.7,375.2,26.8,15,41.45,37.86,461
2021-06-10T00:00:00.000Z,6,837.3,46.7,29.5,91.5,85.289,423
2021-06-11T00:00:00.000Z,4.1,381.8,73,45.8,134.1,78.428,538
2021-06-12T00:00:00.000Z,6.6,280.3,46.4,34.65,73.59,40.41,609
2021-06-14T00:00:00.000Z,11.1,43.1,20.7,17,25.4,6.978,286
2021-06-15T00:00:00.000Z,0,44.8,6.3,1.6,20,11.45,553
2021-06-16T00:00:00.000Z,2.2,466.9,41.8,12.9,66.7,53.203,479
2021-06-17T00:00:00.000Z,0.6,235.4,8.1,3.9,21.7,52.595,259
2021-06-18T00:00:00.000Z,9.2,405.4,50.9,28.1,83,61.27,551
2021-06-19T00:00:00.000Z,34.6,135.8,49.95,35.65,99.5,40.971,4
2021-06-20T00:00:00.000Z,25,258.3,141.65,25,258.3,116.65,2
2021-06-21T00:00:00.000Z,3.5,42.3,6.9,4.1,22.4,13.346,7
2021-06-22T00:00:00.000Z,1.2,229.1,31.3,22,44,20.68,247
2021-06-23T00:00:00.000Z,0.8,134.1,23.9,4.9,39,19.536,471
2021-06-24T00:00:00.000Z,0,166,9,2.2,29.7,22.724,370
2021-06-25T00:00:00.000Z,5.4,64.8,14.6,10.4,22.2,13.602,74
2021-06-29T00:00:00.000Z,8.2,659.6,36.7,26.4,89.1,167.448,247
2021-06-30T00:00:00.000Z,24.6,637.3,95.2,44.1,235.9,144.93,619
2021-07-01T00:00:00.000Z,8.4,292.6,61.45,49.6,99.7,51.272,466
2021-07-02T00:00:00.000Z,12,337.1,55.65,41.8,121.4,72.71,192
2021-11-12T00:00:00.000Z,2.6,49.5,9.6,7.6,12.2,8.128,327
2021-11-13T00:00:00.000Z,0.1,66.4,7.8,3.7,12.9,8.992,570
2021-11-14T00:00:00.000Z,0.4,37.9,12.8,7,17.6,7.611,583
2021-11-15T00:00:00.000Z,0,69.3,8.2,4.1,16.35,12.817,593
2021-11-16T00:00:00.000Z,0,229.9,6.8,0.7,39.4,45.975,583
2021-11-17T00:00:00.000Z,0,14.9,1.6,0.8,3.2,1.92,535
2021-11-18T00:00:00.000Z,0.3,68.7,3,2.2,3.9,3.861,519
2021-11-19T00:00:00.000Z,0.7,15.7,3.4,2.4,4.7,1.76,573
2021-11-20T00:00:00.000Z,0.1,48.4,5.7,2.5,7.2,4.561,559
2021-11-21T00:00:00.000Z,0,15,5.4,0.8,7.1,3.31,577
2021-11-22T00:00:00.000Z,0,30.3,2.2,0.8,3.2,3.157,546
2021-11-23T00:00:00.000Z,0.1,10.7,1.7,1.1,2.29,1.4,551
2021-11-24T00:00:00.000Z,0.7,41.4,8.6,5.85,14.95,7.796,596
2021-11-25T00:00:00.000Z,2.3,43.9,6.4,4.3,9.5,5.366,598
2021-11-26T00:00:00.000Z,2.1,73.1,5.1,4.09,8.19,10.61,607
2021-11-27T00:00:00.000Z,1,48.3,4.6,2.6,7.1,6.188,563
2021-11-28T00:00:00.000Z,0.8,31.8,6.7,3.8,11.6,6.751,451
2021-11-29T00:00:00.000Z,0,13.9,1.7,0.8,3.9,2.349,316
2021-11-30T00:00:00.000Z,1.9,46,4.95,4.05,7.1,5.882,560
2021-12-01T00:00:00.000Z,1.7,59.9,5.9,5.09,6.9,4.255,427
2021-12-02T00:00:00.000Z,0.8,10.3,3.5,2.4,5,2.06,312
2021-12-03T00:00:00.000Z,0.6,11,2.2,1.3,3.7,2.039,226
2021-12-04T00:00:00.000Z,0.6,11,3.2,2.4,4.9,2.012,541
2021-12-05T00:00:00.000Z,0.7,6.1,1.9,1.5,2.5,0.736,550
2021-12-06T00:00:00.000Z,0.1,17.6,1.4,0.9,2.7,3.724,538
2021-12-07T00:00:00.000Z,7.2,27.5,14.5,13.1,16.8,3.838,507
2021-12-08T00:00:00.000Z,3.9,20.9,7.7,6.1,11.2,3.961,563
2021-12-09T00:00:00.000Z,0.5,16,2.8,2.2,4.3,2.5,569
2021-12-10T00:00:00.000Z,1.8,17.4,4.1,3.5,4.8,1.449,326
2021-12-11T00:00:00.000Z,0.2,21.2,3.8,1.9,4.9,3.943,583
2021-12-12T00:00:00.000Z,0.3,25.8,2.6,1.4,4.6,3.199,581
2021-12-13T00:00:00.000Z,1,71.3,15.25,6.75,23.75,13.99,384
2021-12-15T00:00:00.000Z,0.5,4.6,1.2,1,1.9,0.903,131
2021-12-16T00:00:00.000Z,0.3,7.7,2.4,1.6,3,1.115,558
2021-12-17T00:00:00.000Z,1,19.9,5.5,2.7,8.8,3.944,583
2021-12-18T00:00:00.000Z,2.3,17.8,6.5,5.09,7.6,2.032,591
2021-12-19T00:00:00.000Z,2.3,10.2,6.4,4.5,7.4,1.745,338
2021-12-20T00:00:00.000Z,0.5,7.4,3.7,2.3,4.8,1.611,281