# Sensor Fundo Alhue, Curacaví, Chile (Purple Air/112090)
# https://aqicn.org/station/@227476/
# Daily pm25
date,min,max,median,q1,q3,stdev,count
2021-09-15T00:00:00.000Z,0.3,8.9,1.7,1.2,5.7,2.826,58
2021-09-16T00:00:00.000Z,0.3,21.6,3,2.1,6.35,5.964,593
2021-09-17T00:00:00.000Z,1.9,28.8,5.6,4.6,9.4,5.885,566
2021-09-18T00:00:00.000Z,9,30.1,19.8,17.1,21.5,4.112,574
2021-09-19T00:00:00.000Z,1.6,23.2,7.9,6.5,10.8,4.736,575
2021-09-20T00:00:00.000Z,0,21.6,2.2,1.3,9.6,6.688,580
2021-09-21T00:00:00.000Z,3.2,23.4,6.5,5.7,8.8,5.04,589
2021-09-22T00:00:00.000Z,2.9,17.9,8.2,5.95,12.4,4.038,517
2021-09-23T00:00:00.000Z,2.7,17.8,6.3,5.3,8.2,3.79,576
2021-09-24T00:00:00.000Z,0.5,26.2,5.4,4.5,6.5,5.511,557
2021-09-25T00:00:00.000Z,1.6,57.9,12.2,5.7,31.8,13.128,582
2021-09-26T00:00:00.000Z,2.1,29.5,6.4,5.4,8.3,4.386,571
2021-09-27T00:00:00.000Z,0.7,14.4,3.6,3.1,4.8,2.288,552
2021-09-28T00:00:00.000Z,0,4.3,1.6,1.1,2.1,0.731,528
2021-09-29T00:00:00.000Z,0,4.2,0.7,0.4,1.1,0.781,500
2021-09-30T00:00:00.000Z,0,1.2,0.1,0,0.1,0.146,107
2021-10-01T00:00:00.000Z,0,8.5,0.2,0.1,0.6,1.052,182
2021-10-02T00:00:00.000Z,0,20.9,0.1,0,0.3,5.439,23
2021-10-03T00:00:00.000Z,0,31.8,0.4,0.1,1.1,1.868,368
2021-10-04T00:00:00.000Z,0,6.2,0.35,0.1,1.7,1.19,466
2021-10-05T00:00:00.000Z,0.1,7,1.1,0.6,2.4,1.392,562
2021-10-06T00:00:00.000Z,0,6.8,1.6,0.8,4.2,1.926,538
2021-10-07T00:00:00.000Z,0.1,63.9,3.2,2.5,4.6,5.514,570
2021-10-08T00:00:00.000Z,0,9.9,2.1,0.2,5.6,2.92,186
2021-10-09T00:00:00.000Z,0,6.1,1,0.3,3.3,1.725,512
2021-10-10T00:00:00.000Z,0,5.3,3.1,2.5,3.7,1.179,476
2021-10-11T00:00:00.000Z,0,28.9,5.6,4.8,6.4,3.772,554
2021-10-12T00:00:00.000Z,0,28.5,16.9,6.2,24.55,9.349,549
2021-10-13T00:00:00.000Z,0,6.4,1,0.2,3.9,1.907,401
2021-10-14T00:00:00.000Z,0,4,0.4,0.1,0.8,0.562,231
2021-10-15T00:00:00.000Z,0,8.6,3.4,0.3,5.3,2.567,163
2021-10-16T00:00:00.000Z,0,11,0.5,0.1,2.8,2.295,371
2021-10-17T00:00:00.000Z,0,8.2,0.3,0.1,1.4,1.721,402
2021-10-18T00:00:00.000Z,0,2.5,0.2,0.1,0.5,0.583,412
2021-10-19T00:00:00.000Z,0,14.4,0.6,0.1,7.05,4.111,484
2021-10-20T00:00:00.000Z,6.5,31.9,19.39,16.2,21.4,5.408,542
2021-10-21T00:00:00.000Z,6.9,30.2,21.1,17,24.4,5.845,589
2021-10-22T00:00:00.000Z,0,19.5,11.55,9.2,14.6,4.647,574
2021-10-23T00:00:00.000Z,0,2.7,0.3,0.1,0.7,0.503,457
2021-10-24T00:00:00.000Z,0,17.7,1,0.5,2.9,2.221,478
2021-10-25T00:00:00.000Z,0,1.6,0.1,0.1,0.3,0.286,182
2021-10-26T00:00:00.000Z,0,18.2,1.1,0.3,2.4,1.787,495
2021-10-27T00:00:00.000Z,0.9,24.7,6.9,3.55,12.8,5.631,557
2021-10-28T00:00:00.000Z,0.2,29.9,7,5,10.55,5.478,573
2021-10-29T00:00:00.000Z,0.6,8.6,1.9,1.4,3.7,1.869,545
2021-10-30T00:00:00.000Z,0.4,13.7,7.7,6.6,8.44,2.055,557
2021-10-31T00:00:00.000Z,0.4,17.1,4.3,3.4,5.55,3.076,581
2021-11-01T00:00:00.000Z,3.7,11.8,5.7,5.1,8.2,1.89,562
2021-11-02T00:00:00.000Z,4.2,19.1,11.95,7.7,16,4.407,600
2021-11-03T00:00:00.000Z,0,17.5,6.65,5.2,9,4.088,390
2021-11-04T00:00:00.000Z,0,7.3,0.5,0.1,3.4,2.041,358
2021-11-05T00:00:00.000Z,0,3,0.3,0.1,0.5,0.399,288
2021-11-06T00:00:00.000Z,0,3,0.7,0.2,1.5,0.741,453
2022-02-01T00:00:00.000Z,0,7.3,2.5,1.1,3.7,1.913,371
2022-02-02T00:00:00.000Z,0,2.4,0.6,0.3,1,0.508,551
2022-02-03T00:00:00.000Z,0,7.1,2.4,1,4.9,2.098,560
2022-02-04T00:00:00.000Z,0,247.8,1.6,0.9,3.5,15.158,548
2022-02-05T00:00:00.000Z,0,6,3.9,3.1,4.4,1.26,577
2022-02-06T00:00:00.000Z,0,5.2,1.2,0.7,1.8,1.055,569
2022-02-07T00:00:00.000Z,0.9,21,7.7,3.4,14.3,5.996,599
2022-02-08T00:00:00.000Z,1.9,17.6,6.8,5.4,8,3.221,577
2022-02-09T00:00:00.000Z,4.3,21,15.1,12.8,16.7,3.434,587
2022-02-10T00:00:00.000Z,4.3,29.3,17.2,13.5,19,4.679,593
2022-02-11T00:00:00.000Z,1.5,42.6,4.1,2.7,12.25,10.403,580
2022-02-12T00:00:00.000Z,7.6,47.5,36.1,30.7,40.9,9.169,598
2022-02-13T00:00:00.000Z,5.1,19.2,11.7,8.8,13.8,3.382,589
2022-02-14T00:00:00.000Z,7,22.8,14.5,11.7,16.6,3.289,594
2022-02-15T00:00:00.000Z,8.1,31.9,26.9,19,29.1,7.13,597
2022-02-16T00:00:00.000Z,5.7,29.8,13.9,8.4,16.1,4.426,594
2022-02-17T00:00:00.000Z,6.3,28.9,9.6,8.4,14.6,4.448,585
2022-02-18T00:00:00.000Z,10.1,52.4,20.5,19.1,21.5,4.099,579
2022-02-19T00:00:00.000Z,3.5,28.7,18.7,14,21.7,5.199,595
2022-02-20T00:00:00.000Z,0.5,12.1,4.45,2.8,7.7,2.771,572
2022-02-21T00:00:00.000Z,0,3.7,1.4,0.6,2.5,1.022,425
2022-02-22T00:00:00.000Z,0,0.4,0.1,0,0.1,0.096,119
2022-02-23T00:00:00.000Z,0,0.5,0.1,0,0.1,0.084,127
2022-02-24T00:00:00.000Z,0,7.3,1.7,0.4,2.9,1.772,213
2022-02-25T00:00:00.000Z,3.7,15.5,7.4,6.5,9.3,2.32,597
2022-02-26T00:00:00.000Z,0,8.4,3.7,3.1,4.3,1.736,538
2022-02-27T00:00:00.000Z,0,2.1,0.1,0,0.1,0.258,131
2022-02-28T00:00:00.000Z,0,1.1,0.1,0.1,0.3,0.212,186
2022-03-01T00:00:00.000Z,0,26.9,14.3,5.2,19.6,8.467,361
2022-03-02T00:00:00.000Z,2.5,10.8,5.4,4.3,6,1.105,598
2022-03-03T00:00:00.000Z,0.7,9,4.7,2.9,6.6,2.12,566
2022-03-04T00:00:00.000Z,0.1,7.8,3.8,3.1,4.7,1.332,577
2022-03-05T00:00:00.000Z,0,6.4,1.8,0.9,2.2,0.909,542
2022-03-06T00:00:00.000Z,0,6.2,0.2,0.1,0.5,0.636,330
2022-03-07T00:00:00.000Z,0,0.2,0.1,0,0.1,0.067,29
2022-03-08T00:00:00.000Z,0,22.7,3.75,0.1,10.19,6.578,74
2022-03-09T00:00:00.000Z,0,6.1,1.6,0.3,2.9,1.461,436
2022-03-10T00:00:00.000Z,0,3.2,0.2,0.1,0.5,0.78,386
2022-03-11T00:00:00.000Z,0,18.6,0.6,0.2,2.04,1.831,512
2022-03-12T00:00:00.000Z,4,35,25,11.1,31.6,10.192,606
2022-03-13T00:00:00.000Z,5.8,19.6,12.1,10.4,14.6,2.84,592
2022-03-14T00:00:00.000Z,11.2,29.8,23.7,19.5,27.1,4.676,596
2022-03-15T00:00:00.000Z,11.3,41.1,26.85,23.3,30.7,6.156,594
2022-03-16T00:00:00.000Z,14.2,31.8,25.7,23.3,28.8,3.533,615
2022-03-17T00:00:00.000Z,15.2,32.2,24.2,20.39,29.7,4.593,599
2022-03-18T00:00:00.000Z,5.1,29.8,21.8,20,23.2,5.886,571
2022-03-19T00:00:00.000Z,4.2,23.6,6.4,6,7,2.717,582
2022-03-20T00:00:00.000Z,0,34.3,17.3,15.85,21.15,6.316,577
2022-03-21T00:00:00.000Z,0,1.6,0.1,0,0.3,0.451,72
2022-03-22T00:00:00.000Z,0,1.7,0.3,0.1,0.6,0.396,401
2022-03-23T00:00:00.000Z,0,1.5,0.3,0.1,0.4,0.243,301
2022-03-24T00:00:00.000Z,0,7,0.3,0.1,0.7,1.407,183
2022-03-25T00:00:00.000Z,0.4,13.9,4.1,2.9,6.2,2.472,575
2022-03-26T00:00:00.000Z,1.5,30.7,12.8,9.2,22.8,8.114,585
2022-03-27T00:00:00.000Z,1.2,16.8,5,3.6,9.4,3.735,579
2022-03-28T00:00:00.000Z,1.7,30.6,3.3,2.7,4.8,6.305,582
2022-03-29T00:00:00.000Z,0,6.6,3.2,2.5,4,1.426,558
2022-03-30T00:00:00.000Z,0,3.6,0.2,0.1,0.95,0.909,293
2022-03-31T00:00:00.000Z,0,5.6,1.2,0.2,3.6,1.694,139
2022-04-01T00:00:00.000Z,2.3,36.8,4.8,3.9,7.8,8.846,571
2022-04-02T00:00:00.000Z,2.2,86.5,29.3,19.3,31,8.494,595
2022-04-03T00:00:00.000Z,0,18.2,9.65,6.5,14.4,5.117,572
2022-04-04T00:00:00.000Z,0,7.5,0.6,0.2,3.2,2.279,488
2022-04-05T00:00:00.000Z,1.3,5,2.7,2.4,3.4,0.73,562
2022-04-06T00:00:00.000Z,1.7,6.8,4.9,4.5,5.2,0.648,578
2022-04-07T00:00:00.000Z,3.7,10.3,5.09,4.7,5.6,0.948,564
2022-04-08T00:00:00.000Z,2.3,14,7.8,5.9,8.6,2.062,599
2022-04-09T00:00:00.000Z,0,23.4,7.45,4.2,16.95,6.953,516
2022-04-10T00:00:00.000Z,0,5.4,0.2,0.1,0.55,0.765,345
2022-04-11T00:00:00.000Z,0,0.9,0.1,0,0.2,0.169,186
2022-04-12T00:00:00.000Z,0,3.8,0.2,0.1,0.7,1.083,402
2022-04-13T00:00:00.000Z,0,6,0.5,0.2,1.8,1.539,514
2022-04-14T00:00:00.000Z,3.2,11.5,4.5,4,5.6,1.827,574
2022-04-15T00:00:00.000Z,4,30.7,18.8,15,21.3,6.386,589
2022-04-16T00:00:00.000Z,21.1,34,27.1,25.4,28.3,2.125,603
2022-04-17T00:00:00.000Z,27.3,41.4,33.75,31.9,36.8,3.013,592
2022-04-18T00:00:00.000Z,21.2,41.1,34.3,30,38.8,5.695,595
2022-04-19T00:00:00.000Z,5.9,42,30.1,28.6,33.3,6.257,583
2022-04-20T00:00:00.000Z,0,13.8,7.2,6.3,8.1,2.909,401
2022-04-21T00:00:00.000Z,0.2,31.2,3,1.4,15.1,9.1,578
2022-04-22T00:00:00.000Z,0,27.9,22.4,20.9,23.2,2.019,358
2022-04-23T00:00:00.000Z,0,5.6,1.3,0.3,2.2,1.193,412
2022-04-24T00:00:00.000Z,0,2.2,0.1,0,0.3,0.259,321
2022-04-25T00:00:00.000Z,0,6.9,3.6,2.4,4.5,1.678,272
2022-04-26T00:00:00.000Z,0,9.2,0.3,0.1,0.6,0.876,237
2022-04-27T00:00:00.000Z,0,2.6,0.1,0,0.3,0.452,135
2022-04-28T00:00:00.000Z,0,40,13.3,3,29.5,12.621,587
2022-04-29T00:00:00.000Z,20.1,35.2,30.7,28.1,32.3,3.253,383
2022-05-02T00:00:00.000Z,19.6,23.9,22.3,21.85,22.95,0.921,49
2022-05-03T00:00:00.000Z,9.3,39.8,23.1,20.7,26.1,5.116,598
2022-05-04T00:00:00.000Z,7.3,45.2,22,17.64,24.65,7.799,608
2022-05-05T00:00:00.000Z,34.8,50.4,45.7,41.4,47.8,4.058,595
2022-05-06T00:00:00.000Z,26.6,64.6,48.55,44.65,50.7,8.31,600
2022-05-07T00:00:00.000Z,39.3,56.8,45.9,44.2,48.1,2.972,593
2022-05-08T00:00:00.000Z,27.1,48.8,37.4,33.9,40.85,4.999,577
2022-05-09T00:00:00.000Z,31.6,51.9,40.9,38.7,44.1,3.952,594
2022-05-10T00:00:00.000Z,28.6,44.8,36.9,34.4,39.65,3.526,476
2022-05-11T00:00:00.000Z,19.9,46.3,36.5,32.79,39.6,5.143,601
2022-05-12T00:00:00.000Z,37.9,54.4,47.2,43.8,48.8,3.602,600
2022-05-13T00:00:00.000Z,21.8,57.3,39.6,35.9,45.7,7.16,583
2022-05-14T00:00:00.000Z,21.5,47.8,31.9,30.4,37.5,5.722,580
2022-05-15T00:00:00.000Z,4.6,48.9,28.7,14.85,38.7,12.575,588
2022-05-16T00:00:00.000Z,36,50.5,42.1,40.4,45.3,3.93,395
2022-05-17T00:00:00.000Z,30.5,57.1,45.7,41.45,48.1,5.687,577
2022-05-18T00:00:00.000Z,31,55.7,42.6,38.2,47.4,6.109,596
2022-05-19T00:00:00.000Z,4.8,52.7,38.54,7.6,46.5,18.788,600
2022-05-20T00:00:00.000Z,0,7.1,3.4,2.15,5.2,1.796,428
2022-05-21T00:00:00.000Z,2.1,33.2,17.89,9.9,22.6,8.498,597
2022-05-22T00:00:00.000Z,4.5,37.4,16.6,9.8,21.5,7.44,610
2022-05-23T00:00:00.000Z,2.3,33.9,16.5,7.6,17.8,5.785,586
2022-05-24T00:00:00.000Z,0,18.5,7.6,3.35,10.19,4.737,572
2022-05-25T00:00:00.000Z,0.1,34.8,3.2,2.29,21.2,11.205,567
2022-05-26T00:00:00.000Z,21.9,48.5,37.9,30.6,40.25,5.704,300
2022-05-27T00:00:00.000Z,41.4,45.9,43,42.4,44.2,1.172,84
2022-05-28T00:00:00.000Z,4.1,70.3,21.4,13.6,49,20.124,470
2022-05-29T00:00:00.000Z,25.5,70.9,44.25,38,57.7,11.569,646
2022-05-30T00:00:00.000Z,36.1,63.2,43,40.9,46.2,4.51,611
2022-05-31T00:00:00.000Z,21.8,53.2,32.4,28,35.79,4.692,629
2022-06-01T00:00:00.000Z,0.5,35.3,27.2,19.9,28.2,9.499,614
2022-06-02T00:00:00.000Z,0.6,23.6,8.1,5.3,12.65,5.29,625
2022-06-03T00:00:00.000Z,0,25,12.8,6,15.3,5.382,459
2022-06-04T00:00:00.000Z,0,51,12.5,5.2,16.89,7.029,488
2022-06-05T00:00:00.000Z,0,41.5,0.9,0.2,2.4,6.851,168
2022-06-06T00:00:00.000Z,0,26.3,4.09,0.8,16.5,8.145,247
2022-06-07T00:00:00.000Z,7.2,43.2,19.2,15.3,30.4,10.439,619
2022-06-08T00:00:00.000Z,8.6,44.3,27.4,23.4,32.29,6.891,623
2022-06-09T00:00:00.000Z,31.6,70.1,42.7,38.1,51.4,9.098,625
2022-06-10T00:00:00.000Z,16.4,69.5,34.2,28,45.05,11.928,645
2022-06-11T00:00:00.000Z,0.9,68.5,15.9,7.3,29.9,18.491,643
2022-06-12T00:00:00.000Z,37,70.7,50.65,45.85,58.45,8.137,640
2022-06-13T00:00:00.000Z,26.3,92.8,45.3,39.9,56.5,12.365,635
2022-06-14T00:00:00.000Z,17.2,88.6,38.2,23.25,46.55,12.114,637
2022-06-15T00:00:00.000Z,14.2,35.4,24.8,21.4,28.7,4.578,652
2022-06-16T00:00:00.000Z,11.5,33.6,22.9,20.9,25.2,3.579,639
2022-06-17T00:00:00.000Z,20.1,78.7,27.55,23.5,37.5,8.199,568
2022-06-18T00:00:00.000Z,29,91.9,40.4,37,43.8,5.849,647
2022-06-19T00:00:00.000Z,22.8,73.8,35.95,30,44,10.282,598
2022-06-20T00:00:00.000Z,34.8,65.4,43.9,41.6,47.3,5.87,646
2022-06-21T00:00:00.000Z,2.2,44.8,40.6,17.7,42,15.119,612
2022-06-22T00:00:00.000Z,0.5,43.4,12.5,8.6,22.45,11.286,648
2022-06-23T00:00:00.000Z,0,8.6,3.1,1.9,4.15,1.913,88
2022-06-24T00:00:00.000Z,0,1.5,0.2,0.05,0.55,0.422,57
2022-06-25T00:00:00.000Z,0,44.1,2.7,0.75,4,5.763,156
2022-06-26T00:00:00.000Z,2.4,57.1,20.35,12.6,24.5,8.814,634
2022-06-27T00:00:00.000Z,0,19.8,4.8,1.5,8.69,5.071,530
2022-06-28T00:00:00.000Z,0,3.8,0.7,0.3,1.7,0.939,134
2022-06-29T00:00:00.000Z,0,35,2.6,0.95,5.3,10.384,368
2022-06-30T00:00:00.000Z,2.9,42.2,13.2,7.2,20.14,8.117,629
2022-07-01T00:00:00.000Z,0,35.7,24.65,0.4,28.7,13.333,276
2022-07-02T00:00:00.000Z,0,29.5,1.9,0.3,9.19,6.534,233
2022-07-03T00:00:00.000Z,0,48,3.5,1.8,6.15,7.547,593
2022-07-04T00:00:00.000Z,0,61.6,4.09,1.8,8.19,9.211,561
2022-07-05T00:00:00.000Z,4.4,39.9,18.6,9.4,28.1,9.977,634
2022-07-06T00:00:00.000Z,0,36.4,15.4,5,26.55,10.984,641
2022-07-07T00:00:00.000Z,2.9,22.9,8.8,6.4,12.8,4.254,430
2022-07-08T00:00:00.000Z,4.7,38.7,17.35,11.2,22.4,6.596,618
2022-07-09T00:00:00.000Z,0,19.8,5.6,2.9,9.19,5.025,319
2022-07-10T00:00:00.000Z,0,24.5,4.4,1.25,7.45,5.104,341
2022-07-11T00:00:00.000Z,0,25.5,2.7,0.7,5.8,5.431,400
2022-07-12T00:00:00.000Z,0,33.2,1.5,0.4,20.7,10.803,570
2022-07-13T00:00:00.000Z,0,35.8,17.89,10.9,24.2,8.963,563
2022-07-14T00:00:00.000Z,0,2.8,0.1,0,0.2,0.476,50
2022-07-15T00:00:00.000Z,0,49.1,3.2,0.6,6,6.554,167
2022-07-16T00:00:00.000Z,0,10.4,0.15,0,1.3,3.067,10
2022-07-17T00:00:00.000Z,0,31.4,14.25,10.6,23.4,7.863,204
2022-07-18T00:00:00.000Z,0,26.3,6.9,2.7,11.8,6.467,567
2022-07-19T00:00:00.000Z,0,44.4,5.5,2.9,18.3,9.929,627
2022-07-20T00:00:00.000Z,1.8,47.3,18.25,8.2,35.75,13.601,648
2022-07-21T00:00:00.000Z,26.7,40.2,32.7,30.8,34.5,2.52,634
2022-07-22T00:00:00.000Z,16.4,38.4,30.1,25.8,32.4,4.76,653
2022-07-23T00:00:00.000Z,23.4,67.6,29.1,27.6,32.15,6.009,649
2022-07-24T00:00:00.000Z,24.2,47.1,30.8,29.1,36.79,4.891,641
2022-07-25T00:00:00.000Z,5.3,34.2,20.1,12.25,24.8,8.055,616
2022-07-26T00:00:00.000Z,0,12.4,3,1.3,5,2.812,593
2022-07-27T00:00:00.000Z,0,13.9,6.2,3.6,8.3,2.951,614
2022-07-28T00:00:00.000Z,0,31.3,3.4,1.1,19.5,9.683,615
2022-07-29T00:00:00.000Z,3.9,34.2,19.5,12.1,26.2,7.971,639
2022-07-30T00:00:00.000Z,21.4,47.2,33.5,32.1,37.9,3.618,638
2022-07-31T00:00:00.000Z,19.5,54,37.5,30.5,42.45,8.003,629
2022-08-01T00:00:00.000Z,29.3,51.3,38.9,33.4,40.5,4.912,579
2022-08-02T00:00:00.000Z,28.5,54.8,37.5,32.79,44.4,7.657,591
2022-08-03T00:00:00.000Z,8.5,44.9,39,37.4,40.6,7.784,633
2022-08-04T00:00:00.000Z,8.4,48.7,17.39,14.5,37,12.85,651
2022-08-05T00:00:00.000Z,5.1,43.4,35.5,14.6,38.54,12.619,637
2022-08-06T00:00:00.000Z,0,30.2,19.95,7.05,25.3,9.96,528
2022-08-07T00:00:00.000Z,0,13.4,0.25,0,1.2,3.077,18
2022-08-08T00:00:00.000Z,0,38.4,5.7,0.6,17.4,8.516,467
2022-08-09T00:00:00.000Z,0,29.6,10.2,2.4,18.6,8.356,615
2022-08-10T00:00:00.000Z,0,33.9,25.7,4.75,29.4,12.416,309
2022-08-11T00:00:00.000Z,23.7,40.7,30.6,29.05,33.6,3.477,653
2022-08-12T00:00:00.000Z,5.7,41.7,26.9,16.7,31.6,9.016,642
2022-08-13T00:00:00.000Z,6,41.9,19.8,18.2,22.6,6.747,663
2022-08-14T00:00:00.000Z,0,20.5,15.2,13.6,16.5,4.785,508
2022-08-15T00:00:00.000Z,0,35.2,1.5,0.6,2.9,4.246,91
2022-08-16T00:00:00.000Z,0,10.7,2.8,1.4,4.2,1.9,622
2022-08-17T00:00:00.000Z,0.1,28.5,17.95,4.5,21.9,8.674,606
2022-08-18T00:00:00.000Z,4.7,35.3,23.6,21.55,28.5,6.185,660
2022-08-19T00:00:00.000Z,2,36.5,15.9,8.1,22.8,8.84,658
2022-08-20T00:00:00.000Z,1.6,42.1,17.8,7.4,25.8,10.131,640
2022-08-21T00:00:00.000Z,18.1,38.5,27.5,24.7,32.7,4.675,649
2022-08-22T00:00:00.000Z,6.8,37.5,23.8,16.5,30.6,8.502,641
2022-08-23T00:00:00.000Z,17.5,58.9,30.6,27.4,42.9,10.803,637
2022-08-24T00:00:00.000Z,38.8,69.9,49.2,45.4,52.5,6.986,634
2022-08-25T00:00:00.000Z,22.8,59,41.9,37,47.8,7.06,631
2022-08-26T00:00:00.000Z,28.8,70.3,37.4,34,39,3.89,646
2022-08-27T00:00:00.000Z,26.9,48.3,34.3,30.3,41.3,5.99,634
2022-08-28T00:00:00.000Z,6.4,47.3,28.5,16.8,38.4,12.201,653
2022-08-29T00:00:00.000Z,5.3,38.1,16.5,11.85,23.1,8.1,632
2022-08-30T00:00:00.000Z,15.5,37.5,27.1,20,34.3,6.973,615
2022-08-31T00:00:00.000Z,13.1,31.4,25.6,18.8,26.8,4.259,638
2022-09-01T00:00:00.000Z,5.9,40.7,16.5,12.3,28.7,8.749,618
2022-09-02T00:00:00.000Z,24.7,48.8,33.1,28.5,40.8,6.46,630
2022-09-03T00:00:00.000Z,7.5,44,31.2,23.3,34.9,8.183,636
2022-09-04T00:00:00.000Z,19.8,41.4,30.2,27,34.4,4.897,651
2022-09-05T00:00:00.000Z,18.4,35.3,27.6,23.5,31.3,4.518,634
2022-09-06T00:00:00.000Z,26.3,41.2,33.7,31.4,36.1,3.157,626
2022-09-07T00:00:00.000Z,0,40.6,10.9,2.1,17.3,10.391,617
2022-09-08T00:00:00.000Z,0,7.9,2.9,1.9,6.1,2.442,170
2022-09-09T00:00:00.000Z,1,29.6,14.8,7.4,18.8,7.18,618
2022-09-10T00:00:00.000Z,6.7,28.8,20.4,17.8,22.8,4.456,647
2022-09-11T00:00:00.000Z,0,26.6,9.3,4,12.8,6.428,614
2022-09-12T00:00:00.000Z,2.7,51.3,7.7,5.6,9.6,4.318,572
2022-09-13T00:00:00.000Z,2.3,18,9.9,6.5,14.2,4.358,615
2022-09-14T00:00:00.000Z,4.5,38.1,16.1,14.3,18.3,6.732,628
2022-09-15T00:00:00.000Z,8.6,41,17.1,14.8,23.4,5.229,616
2022-09-16T00:00:00.000Z,20,37.2,29.9,27,32.8,4.059,653
2022-09-17T00:00:00.000Z,0,34.6,21.8,3.8,28.9,12.092,623
2022-09-18T00:00:00.000Z,0,15.1,3.7,0.6,5.3,2.933,310
2022-09-19T00:00:00.000Z,0,24.9,5.6,4,7.9,6.015,620
2022-09-20T00:00:00.000Z,0,6.2,3.7,2.4,4.6,1.46,462
2022-09-21T00:00:00.000Z,0,41.1,0.3,0.1,0.6,5.576,84
2022-09-22T00:00:00.000Z,0,17.4,6.15,2.5,9,4.288,344
2022-09-23T00:00:00.000Z,1.4,16,3.7,3.3,4.9,2.63,630
2022-09-24T00:00:00.000Z,0,22.2,6.45,2.8,8.6,4.565,562
2022-09-25T00:00:00.000Z,0,6.5,2.8,1.7,4,1.429,616
2022-09-26T00:00:00.000Z,0,15.1,4.8,3.2,8,3.402,640
2022-09-27T00:00:00.000Z,0.6,29.4,2.9,1.7,5.6,5.808,593
2022-09-28T00:00:00.000Z,4.5,19.2,8.9,7.2,11.35,3.334,624
2022-09-29T00:00:00.000Z,13.8,36.3,20.1,18.5,22,3.249,636
2022-09-30T00:00:00.000Z,12.2,47.1,24.6,20.1,28.1,6.174,662
2022-10-01T00:00:00.000Z,13,49.2,21.6,20.1,22.7,4.693,638
2022-10-02T00:00:00.000Z,10.8,34.6,24.75,20.7,28.7,5.792,586
2022-10-03T00:00:00.000Z,0,35.1,7.2,2.4,22.9,10.66,635
2022-10-04T00:00:00.000Z,0,41.2,8.1,4.2,10.9,9.329,550
2022-10-05T00:00:00.000Z,0,10.1,4.1,3.1,5.1,1.741,594
2022-10-06T00:00:00.000Z,0.1,17.7,2.3,1.2,4.6,3.903,553
2022-10-07T00:00:00.000Z,0,6.6,2.2,1.5,2.8,1.177,506
2022-10-08T00:00:00.000Z,0,3.4,0.1,0,0.2,0.307,183
2022-10-09T00:00:00.000Z,0,5.4,0.2,0.1,0.4,0.58,323
2022-10-10T00:00:00.000Z,0,5.4,2.2,1.4,2.8,1.077,609
2022-10-11T00:00:00.000Z,1.3,14.5,3.7,3.3,5.1,1.501,617
2022-10-12T00:00:00.000Z,0,20.5,9.6,6.7,11.8,4.888,561
2022-10-13T00:00:00.000Z,0,18.7,3.8,2.3,5.5,3.638,499
2022-10-14T00:00:00.000Z,0,7.4,0.4,0.1,2.2,2.171,435
2022-10-15T00:00:00.000Z,0,5.2,0.85,0.1,2.5,1.23,474
2022-10-16T00:00:00.000Z,0,8.1,4.8,1.3,5.8,2.318,606
2022-10-17T00:00:00.000Z,0,4.2,1.1,0.6,1.7,0.975,431
2022-10-18T00:00:00.000Z,0,3.2,1.3,0.7,2.1,0.843,368
2022-10-21T00:00:00.000Z,0,4.9,2.7,2.4,3.2,0.909,527
2022-10-22T00:00:00.000Z,0,3.7,0.2,0.1,1.5,0.904,382
2022-10-23T00:00:00.000Z,0,22.5,3.9,2.6,6.1,5.636,619
2022-10-24T00:00:00.000Z,0,4.7,1.1,0.6,1.6,0.816,559
2022-10-25T00:00:00.000Z,0,3.5,0.2,0.1,1.05,0.713,116
2022-10-26T00:00:00.000Z,0,7.5,2,0.5,2.9,1.534,428
2022-10-27T00:00:00.000Z,0,1.4,0.1,0,0.2,0.229,276
2022-10-28T00:00:00.000Z,0,0.7,0.1,0,0.2,0.129,226
2022-10-29T00:00:00.000Z,0,10,0.8,0.3,1.5,1.625,423
2022-10-30T00:00:00.000Z,0,2.9,0.1,0,0.2,0.547,131
2022-10-31T00:00:00.000Z,0,1.7,0.1,0,0.2,0.192,118
2022-11-01T00:00:00.000Z,0,7.5,0.3,0.1,1.1,1.279,504
2022-11-02T00:00:00.000Z,0.1,18,3.7,1.6,6.1,3.892,644
2022-11-03T00:00:00.000Z,0.4,7.3,4,3.2,4.8,1.287,579
2022-11-04T00:00:00.000Z,2.4,16.2,6.5,5.2,8.6,2.679,640
2022-11-05T00:00:00.000Z,2.5,11.6,5.8,4.4,7.1,1.97,629
2022-11-06T00:00:00.000Z,3.1,33.2,6.5,5.5,7.55,3.432,633
2022-11-07T00:00:00.000Z,4.8,16.9,8.8,8,10.1,2.151,643
2022-11-08T00:00:00.000Z,7.8,29,18.39,12.95,23,5.979,657
2022-11-09T00:00:00.000Z,0,28.2,14.25,10.8,17.14,5.793,300
2022-11-10T00:00:00.000Z,0,0.9,0.1,0,0.3,0.181,131
2022-11-11T00:00:00.000Z,0,5.7,1.4,0.5,2.4,1.3,358
2022-11-12T00:00:00.000Z,0,0.1,0.05,0,0.1,0.05,4
2022-11-13T00:00:00.000Z,0,0.4,0.1,0,0.1,0.093,58
2022-11-14T00:00:00.000Z,0,1.1,0.1,0,0.25,0.304,24
2022-11-15T00:00:00.000Z,0,4.2,0.4,0.1,0.8,0.65,254
2022-11-16T00:00:00.000Z,0,4.7,1.7,0.9,2.4,0.948,615
2022-11-17T00:00:00.000Z,0,10.4,2.4,1.5,3.2,1.362,618
2022-11-18T00:00:00.000Z,0,21.8,5.5,2.5,7,3.26,596
2022-11-19T00:00:00.000Z,0,5.1,1.7,0.6,2.8,1.322,518
2022-11-20T00:00:00.000Z,0,14.3,0.9,0.4,2,2.654,427
2022-11-21T00:00:00.000Z,0,1,0.1,0,0.1,0.16,79
2022-11-22T00:00:00.000Z,0,2.3,0.3,0.1,0.7,0.469,542
2022-11-23T00:00:00.000Z,0,4.4,1.7,1,2.4,0.934,617
2022-11-24T00:00:00.000Z,0,7.1,2.9,2.4,3.7,1.409,604
2022-11-25T00:00:00.000Z,0,6.6,2.1,1,2.8,1.142,600
2022-11-26T00:00:00.000Z,0,6.1,2.6,1.7,3.6,1.226,622
2022-11-27T00:00:00.000Z,0,16.1,5,2.9,8.3,3.289,619
2022-11-28T00:00:00.000Z,0.1,19,5.2,3.2,8.4,4.333,640
2022-11-29T00:00:00.000Z,0,14.6,5.3,2.8,7.1,2.848,625
2022-11-30T00:00:00.000Z,0.1,9,4,3.2,5.2,1.465,621
2022-12-01T00:00:00.000Z,0,7.9,4.8,1.5,5.4,2.191,535
2022-12-02T00:00:00.000Z,0,1.3,0.2,0.1,0.4,0.266,490
2022-12-03T00:00:00.000Z,0,6.3,1.6,1.2,2.8,1.337,622
2022-12-04T00:00:00.000Z,0,7.8,2.4,0.4,3,1.34,487
2022-12-05T00:00:00.000Z,0,3.8,0.35,0.1,1.1,0.763,448
2022-12-06T00:00:00.000Z,0,1.5,0.2,0.1,0.4,0.246,245
2022-12-07T00:00:00.000Z,0,20.1,0.4,0.2,4.2,4.568,465
2022-12-08T00:00:00.000Z,0,36.7,2.6,0.2,22.55,12.573,249
2022-12-09T00:00:00.000Z,0,2.8,0.35,0.1,1.2,0.705,172
2022-12-10T00:00:00.000Z,0,2.8,0.6,0.1,1.7,0.836,141
2022-12-11T00:00:00.000Z,0,58.1,2.1,1.3,4.05,14.846,548
2022-12-12T00:00:00.000Z,0,54.8,31.4,7.5,35.3,14.395,590
2022-12-13T00:00:00.000Z,0,3.2,0.5,0.2,1.3,0.828,567
2022-12-14T00:00:00.000Z,0,0.7,0.1,0,0.1,0.11,183
2022-12-15T00:00:00.000Z,0,97.4,11.8,0.9,26.9,15.712,637
2022-12-16T00:00:00.000Z,6.2,358.2,30.25,11.7,116.2,77.632,666
2022-12-17T00:00:00.000Z,0.6,36.8,12.6,9.6,18.6,7.88,655
2022-12-18T00:00:00.000Z,0.6,49.2,3.9,2.4,7,10.521,611
2022-12-19T00:00:00.000Z,0,9.3,4,0.8,4.7,2.207,492
2022-12-20T00:00:00.000Z,0,4,0.2,0.1,0.4,0.687,337
2022-12-21T00:00:00.000Z,0,2.3,0.2,0,0.5,0.471,179
2022-12-22T00:00:00.000Z,0,2,0.2,0.1,0.5,0.426,134
2022-12-23T00:00:00.000Z,0,2.6,0.5,0.1,1.2,0.629,447
2022-12-24T00:00:00.000Z,0,10.9,1.8,0.6,2.8,2.383,537
2022-12-25T00:00:00.000Z,0,4.9,1.4,0.3,2.5,1.314,551
2022-12-26T00:00:00.000Z,2,9,5.2,3.9,6.6,1.569,604
2022-12-27T00:00:00.000Z,2,8.1,4.5,3.8,5.1,0.96,602
2022-12-28T00:00:00.000Z,0,15,7,5.8,8,2.307,596
2022-12-29T00:00:00.000Z,0,23.6,2.3,1.3,3.2,4.209,603
2022-12-30T00:00:00.000Z,4,23.1,13.1,8.4,19.2,5.602,653
2022-12-31T00:00:00.000Z,3.8,21.3,8.2,6.7,10.6,3.582,629
2023-01-01T00:00:00.000Z,1.8,28.9,12.5,8.5,18.3,6.188,625
2023-01-02T00:00:00.000Z,1.6,6.6,4.9,4.2,5.2,0.884,613
2023-01-03T00:00:00.000Z,0,7.4,3,2.4,3.5,0.981,608
2023-01-04T00:00:00.000Z,2,6.2,4.8,3.8,5.3,0.922,604
2023-01-05T00:00:00.000Z,3.3,18.5,8.8,6.3,13.1,4.169,622
2023-01-06T00:00:00.000Z,2.6,13.4,5.3,4.4,7.25,1.965,592
2023-01-07T00:00:00.000Z,0.2,10,5.4,3.85,6.9,2.436,637
2023-01-08T00:00:00.000Z,0,4.5,1.5,1,2.2,0.916,622
2023-01-09T00:00:00.000Z,0.1,12.7,5,3.5,6.4,2.305,613
2023-01-10T00:00:00.000Z,0,3.9,0.7,0.2,2.1,1.122,557
2023-01-11T00:00:00.000Z,0,9.7,3.4,2.3,4.5,1.801,566
2023-01-12T00:00:00.000Z,0,3.2,0.3,0.1,0.6,0.438,451
2023-01-13T00:00:00.000Z,0,2.5,0.1,0.1,0.3,0.343,373
2023-01-14T00:00:00.000Z,0,11.1,1.1,0.2,1.9,1.174,532
2023-01-15T00:00:00.000Z,1.5,44.2,4.6,3.3,7.1,5.022,619
2023-01-16T00:00:00.000Z,0.8,48.3,34.9,8.75,36.5,14.684,576
2023-01-17T00:00:00.000Z,1.7,16.9,8,6.1,9.2,2.853,621
2023-01-18T00:00:00.000Z,1.8,182.1,6.9,5.7,20.5,26.748,605
2023-01-19T00:00:00.000Z,5.3,34.7,18.8,17.39,22.9,5.347,646
2023-01-20T00:00:00.000Z,3.1,13.6,8,6.9,9.5,2.157,631
2023-01-21T00:00:00.000Z,3.3,77.3,6.3,5.6,6.9,3.024,626
2023-01-22T00:00:00.000Z,1.3,80.4,7.6,6.4,8.7,6.269,630
2023-01-23T00:00:00.000Z,1.4,13.5,3.8,3.1,5.4,2.05,603
2023-01-24T00:00:00.000Z,0,17.1,8.15,6.3,9.9,3.054,548
2023-01-25T00:00:00.000Z,0,6.9,0.4,0.1,0.9,0.908,211
2023-01-26T00:00:00.000Z,0,35.6,0.9,0.2,1.8,5.032,510
2023-01-27T00:00:00.000Z,0,8.5,0.4,0.2,0.6,0.852,476
2023-01-28T00:00:00.000Z,0,3,0.6,0.2,1.1,0.579,520
2023-01-29T00:00:00.000Z,0,7.2,0.8,0.3,4.7,2.273,587
2023-01-30T00:00:00.000Z,0,9.2,4.6,3.8,5.3,1.963,603
2023-01-31T00:00:00.000Z,0,23.4,5.7,3.3,7.7,3.407,614
2023-02-01T00:00:00.000Z,0.4,15.8,6.2,3.6,9.55,3.706,612
2023-02-02T00:00:00.000Z,0.2,6.9,3.4,2.7,4.3,1.429,602
2023-02-03T00:00:00.000Z,2.4,18.8,8.7,6.4,13.7,4.285,638
2023-02-04T00:00:00.000Z,4.6,14.9,7.5,6.1,8.69,1.709,634
2023-02-05T00:00:00.000Z,4.3,17.3,8.3,7.1,10.5,3.559,611
2023-02-06T00:00:00.000Z,13.9,103.1,21.5,18.1,74.25,30.328,665
2023-02-07T00:00:00.000Z,51.9,104.2,85.7,73.5,89.3,12.44,642
2023-02-08T00:00:00.000Z,40.4,75.4,58.5,54.5,62.4,5.814,647
2023-02-09T00:00:00.000Z,48.5,140.1,72,57.65,88.45,25.895,625
2023-02-10T00:00:00.000Z,54.6,129.5,108.7,66.2,120.9,25.834,675
2023-02-11T00:00:00.000Z,26,87,53.6,50,56.5,11.05,630
2023-02-12T00:00:00.000Z,0,84.4,70.6,52.35,75.05,20.058,580
2023-02-13T00:00:00.000Z,0,9.1,0.4,0.1,2.9,2.411,273
2023-02-14T00:00:00.000Z,0,4.1,1,0.1,2.2,1.084,374
2023-02-15T00:00:00.000Z,2.5,18.2,5.2,4.1,6.1,1.518,594
2023-02-16T00:00:00.000Z,0.1,11.8,2.8,1.5,5.1,2.291,629
2023-02-17T00:00:00.000Z,0.1,8.3,3.9,3.3,5.4,1.654,606
2023-02-18T00:00:00.000Z,0.2,5.5,1.9,1.4,2.4,0.769,639
2023-02-19T00:00:00.000Z,0.1,9.3,4.5,3.2,5.6,1.674,606
2023-02-20T00:00:00.000Z,0.2,32.1,2.2,1.4,8.1,8.631,606
2023-02-21T00:00:00.000Z,25,33.5,31.3,30.4,31.8,1.569,593
2023-02-22T00:00:00.000Z,19,32,25.8,24.7,28.1,2.631,602
2023-02-23T00:00:00.000Z,10,25.8,19.4,17.5,21.85,3.144,637
2023-02-24T00:00:00.000Z,6.8,34.9,26.9,24.7,29.4,5.937,631
2023-02-25T00:00:00.000Z,5.7,19,9.6,7.8,11.95,3.314,565
2023-02-26T00:00:00.000Z,0.6,20.9,17.3,6.75,18.6,6.454,632
2023-02-27T00:00:00.000Z,1,6.9,3.5,2.7,4.3,1.022,612
2023-02-28T00:00:00.000Z,0.9,11.4,3.3,2.2,3.9,1.136,602
2023-03-01T00:00:00.000Z,0.1,6.7,3.6,3.1,4.2,1.32,606
2023-03-02T00:00:00.000Z,0,4.4,1.4,1,1.8,0.687,618
2023-03-03T00:00:00.000Z,0.4,8.5,4.1,2.6,5.8,1.966,593
2023-03-04T00:00:00.000Z,0,7.7,4.6,3.3,5.4,2.058,576
2023-03-05T00:00:00.000Z,0.1,7.8,1.5,0.8,3.7,1.903,599
2023-03-06T00:00:00.000Z,0.7,19.9,7,5.3,9.3,4.457,622
2023-03-07T00:00:00.000Z,0.5,8.4,3.9,3.1,4.7,1.521,591
2023-03-08T00:00:00.000Z,0,8.4,3.1,2.1,4.4,1.975,564
2023-03-09T00:00:00.000Z,0,6,0.5,0.2,1,0.681,534
2023-03-10T00:00:00.000Z,0,4.4,0.1,0,0.5,0.882,300
2023-03-11T00:00:00.000Z,0,6.1,1.5,0.5,3.1,1.609,583
2023-03-12T00:00:00.000Z,0,4.1,1.4,0.5,2.1,0.964,550
2023-03-13T00:00:00.000Z,0,3.6,0.7,0.3,1.1,0.653,563
2023-03-14T00:00:00.000Z,0,65.2,0.5,0.3,1,4.657,297
2023-03-21T00:00:00.000Z,1.3,6.1,3.2,2.6,3.6,0.761,274
2023-03-22T00:00:00.000Z,1,7.7,3.8,3.3,4.3,1.044,613
2023-03-23T00:00:00.000Z,5.3,30.6,8.1,7.4,14,5.709,651
2023-03-24T00:00:00.000Z,6,48.8,25.8,21.4,27.5,8.783,635
2023-03-25T00:00:00.000Z,14.8,47.3,28.5,24,31.85,6.125,653
2023-03-26T00:00:00.000Z,6.1,22,19.1,12.7,20.1,4.887,639
2023-03-27T00:00:00.000Z,6.7,27.4,17,12.85,19,4.526,665
2023-03-28T00:00:00.000Z,0,24.9,19,17.89,20.8,5.57,619
2023-03-29T00:00:00.000Z,0,4.2,1.2,0.6,1.9,0.99,588
2023-03-30T00:00:00.000Z,0,3.8,0.4,0.2,0.8,0.762,548
2023-03-31T00:00:00.000Z,0,6,0.6,0.2,1.9,1.339,572
2023-04-01T00:00:00.000Z,0,118.4,4.4,3.5,6.2,18.979,622
2023-04-02T00:00:00.000Z,8.9,46.7,33.2,20.6,39.3,9.226,655
2023-04-03T00:00:00.000Z,0,23.8,18.3,6.5,20.7,7.414,658
2023-04-04T00:00:00.000Z,2.2,12.4,4.2,3.7,4.8,1.31,615
2023-04-05T00:00:00.000Z,0,20.3,8.5,7.35,9.5,3.43,621
2023-04-06T00:00:00.000Z,0,4.9,0.4,0.1,1.7,1.317,541
2023-04-07T00:00:00.000Z,0,8.9,0.6,0.3,1.2,1.197,591
2023-04-08T00:00:00.000Z,0.1,14.8,1.6,1.2,3.6,3.558,610
2023-04-09T00:00:00.000Z,5,24.8,9.3,6.8,10.9,2.887,630
2023-04-10T00:00:00.000Z,7,19.7,9.1,8.5,11.4,2.566,571
2023-04-15T00:00:00.000Z,10.6,27.6,17.8,15.25,20.55,4.029,173
2023-04-16T00:00:00.000Z,4.6,48.8,28.2,19.39,30.5,9.077,657
2023-04-17T00:00:00.000Z,4.2,17.9,8.4,6.7,10.65,3.006,641
2023-04-18T00:00:00.000Z,4.2,16.8,6.4,5.7,8.8,3.062,634
2023-04-19T00:00:00.000Z,4.5,14.2,7.9,7.2,8.5,1.423,654
2023-04-20T00:00:00.000Z,0,14.6,6.6,6.1,7.5,2.531,607
2023-04-21T00:00:00.000Z,0,21.9,7,1,10.3,5.96,626
2023-04-22T00:00:00.000Z,3,27.1,6.8,5.2,10.5,5.993,642
2023-04-23T00:00:00.000Z,17.7,51.7,28.6,22.5,30.8,5.807,656
2023-04-24T00:00:00.000Z,13.5,31,23.1,20.8,24.6,2.905,647
2023-04-25T00:00:00.000Z,18.6,33.3,26.7,25,28.5,2.616,668
2023-04-26T00:00:00.000Z,20.3,42.2,34.9,31.3,38.79,5.52,658
2023-04-27T00:00:00.000Z,34.6,59.5,43.4,38.9,47.55,4.61,632
2023-04-28T00:00:00.000Z,0,48.6,43.5,7.65,45.5,18.462,604
2023-04-29T00:00:00.000Z,0,10.7,0.7,0.1,2.35,2.054,261
2023-04-30T00:00:00.000Z,0,2.4,0.4,0.2,0.9,0.528,137
2023-05-01T00:00:00.000Z,0,21.3,0.9,0.3,4.34,3.697,528
2023-05-02T00:00:00.000Z,0.3,22.4,4,2.3,13.75,6.318,633
2023-05-03T00:00:00.000Z,6.4,36.3,17.7,14.7,22.5,5.978,642
2023-05-04T00:00:00.000Z,23.5,44.6,33.04,30.4,38.2,4.962,644
2023-05-05T00:00:00.000Z,38.1,50.4,44.6,42.5,46.2,2.347,642
2023-05-06T00:00:00.000Z,39.5,55.9,46,44.7,47,2.674,644
2023-05-07T00:00:00.000Z,30.4,74.6,44.6,39.2,49.6,8.98,658
2023-05-08T00:00:00.000Z,23.1,70.6,38.2,33.25,47.7,10.719,649
2023-05-09T00:00:00.000Z,17.9,51.2,30.1,23.6,36.2,7.587,654
2023-05-10T00:00:00.000Z,3.7,43.9,24.9,13.65,31.65,11.307,633
2023-05-11T00:00:00.000Z,25.1,49.7,34.3,31.6,36.79,3.926,646
2023-05-12T00:00:00.000Z,12.5,40.6,34.6,26,37.1,6.808,644
2023-05-13T00:00:00.000Z,12.4,35.8,22.6,20,27.2,5.427,631
2023-05-14T00:00:00.000Z,12.8,111.2,29.5,22.65,36.5,9.369,653
2023-05-15T00:00:00.000Z,2.6,25,18.5,8.35,21.1,6.545,660
2023-05-16T00:00:00.000Z,6.4,129.5,15.7,11.4,18,8.655,650
2023-05-17T00:00:00.000Z,0,81.1,1.2,0.5,3.55,5.353,592
2023-05-18T00:00:00.000Z,1.7,81.3,9.4,7.6,13.2,5.722,644
2023-05-19T00:00:00.000Z,9.7,212.3,19.2,16.6,27.2,15.755,665
2023-05-20T00:00:00.000Z,20.2,450.1,29.3,26.1,31,33.676,639
2023-05-21T00:00:00.000Z,2.8,107.3,36.9,33.4,39,8.01,640
2023-05-22T00:00:00.000Z,0,113.6,4.5,2.2,19.1,10.931,539
2023-05-23T00:00:00.000Z,0,17.1,1.5,0.5,3.2,2.253,538
2023-05-24T00:00:00.000Z,0,18.9,2.1,1,3.6,3.108,337
2023-05-28T00:00:00.000Z,23.3,3329.7,31.7,28.4,33.5,1037.869,71
2023-05-29T00:00:00.000Z,3249.4,3332,3327.4,3326,3328.6,5.483,431
2023-05-30T00:00:00.000Z,3252.2,3324.6,3320.3,3298.55,3324,23.21,9
2023-05-31T00:00:00.000Z,3278,3328.5,3322.95,3305.55,3324.85,15.507,20
2023-06-12T00:00:00.000Z,47.2,73.2,65.8,53.25,69.45,8.612,44
2023-06-13T00:00:00.000Z,6.3,71.1,29.85,16.39,42.6,15.919,670
2023-06-14T00:00:00.000Z,3.9,64.4,24.5,10.8,40.95,15.767,637
2023-06-15T00:00:00.000Z,20.6,59.5,40.5,34,46.2,8.415,634
2023-06-16T00:00:00.000Z,31.6,63.9,45,41.9,50.4,5.067,629
2023-06-17T00:00:00.000Z,3,45.5,17.8,8.6,28.3,11.286,637
2023-06-18T00:00:00.000Z,11.8,56.1,27.9,19,37.79,11.949,650
2023-06-19T00:00:00.000Z,26.2,51.1,36.9,33.3,41.3,5.507,645
2023-06-20T00:00:00.000Z,8.2,33.1,14.9,13.6,18.6,5.72,640
2023-06-21T00:00:00.000Z,16.9,44.6,27.7,23,32.5,5.402,654
2023-06-22T00:00:00.000Z,0,44,8.85,2,27.3,13.59,552
2023-06-23T00:00:00.000Z,0,11.5,0.6,0.1,2.35,2.541,353
2023-06-24T00:00:00.000Z,0,47,14.7,8.9,18.1,6.803,643
2023-06-25T00:00:00.000Z,7.4,37.8,21.2,17,23.4,5.07,641
2023-06-26T00:00:00.000Z,0,28.3,10,1.9,19.05,9.02,621
2023-06-27T00:00:00.000Z,1.8,18.2,3.3,2.6,5.6,2.43,634
2023-06-28T00:00:00.000Z,2.6,54.5,11.2,8.2,14.5,5.88,640
2023-06-29T00:00:00.000Z,4.9,36,13.1,9.2,16.05,6.144,604
2023-06-30T00:00:00.000Z,1.8,24.9,7.7,4.9,14.1,5.791,638
2023-07-01T00:00:00.000Z,1.8,36.1,9.1,4.4,17.5,8.421,649
2023-07-02T00:00:00.000Z,18.2,47.9,35.4,30.9,40,6.205,622
2023-07-03T00:00:00.000Z,9.1,33.5,20.6,16,24.3,5.475,640
2023-07-04T00:00:00.000Z,1.7,44,12.9,8.8,15.8,5.983,629
2023-07-05T00:00:00.000Z,2.2,36.7,6.3,4.3,7.9,2.92,601
2023-07-06T00:00:00.000Z,2.4,31.4,5.09,4,7,3.736,627
2023-07-07T00:00:00.000Z,5.7,26.8,11.4,9.9,13.9,3.897,648
2023-07-08T00:00:00.000Z,0.8,23.7,6.5,5,7.5,2.067,643
2023-07-09T00:00:00.000Z,3.8,71.7,16.55,8.8,30.45,12.873,636
2023-07-10T00:00:00.000Z,15,224.9,34.15,24.5,42.4,14.893,622
2023-07-11T00:00:00.000Z,2.3,33.4,9.3,6.1,13.25,5.731,660
2023-07-12T00:00:00.000Z,0,47.9,2.2,0.9,3.4,4.955,369
2023-07-13T00:00:00.000Z,4.4,44.4,12.6,9.4,16,6.421,651
2023-07-14T00:00:00.000Z,0.9,54.4,5.8,3,16.8,14.298,600
2023-07-15T00:00:00.000Z,36.2,57.1,44.4,42.6,46.5,3.207,642
2023-07-16T00:00:00.000Z,22.7,69.8,40.04,33.2,46.9,8.029,638
2023-07-17T00:00:00.000Z,15.3,61,28.2,23,37.1,9.569,647
2023-07-18T00:00:00.000Z,4.5,53.1,17.7,11,28,11.308,645
2023-07-19T00:00:00.000Z,3.3,32.2,10.3,6.4,16.8,6.288,641
2023-07-20T00:00:00.000Z,3.3,51.9,8.6,5.8,17.1,12.126,647
2023-07-21T00:00:00.000Z,0,53.6,33.7,17.3,41.9,15.702,507
2023-07-22T00:00:00.000Z,0,17.5,1,0.2,2,2.256,488
2023-07-23T00:00:00.000Z,1.3,103.9,5.5,2.9,18.6,11.207,639
2023-07-24T00:00:00.000Z,1.9,46.1,12.75,4.9,23.7,11.987,626
2023-07-25T00:00:00.000Z,2.1,80.8,6.25,4.4,7.8,4.511,634
2023-07-26T00:00:00.000Z,3.3,73.7,31,15.5,36,12.959,607
2023-07-27T00:00:00.000Z,26.8,84.4,44.2,42.2,46.7,5.648,638
2023-07-28T00:00:00.000Z,14.6,62.3,34.9,28,40.8,7.977,648
2023-07-29T00:00:00.000Z,9.1,51.9,34.79,28.1,41.4,10.059,657
2023-07-30T00:00:00.000Z,30.3,48.7,39.7,35.7,43.6,4.431,634
2023-07-31T00:00:00.000Z,10.2,83.2,22.8,17.25,31,9.887,636
2023-08-01T00:00:00.000Z,25.5,44.5,36.4,31.8,39.2,4.479,605
2023-08-02T00:00:00.000Z,22.5,42.6,34.6,31.1,37.6,4.707,623
2023-08-03T00:00:00.000Z,24.3,48.7,36.6,31.3,43.2,6.638,617
2023-08-04T00:00:00.000Z,10.7,41,30.6,19.35,35.2,8.735,649
2023-08-05T00:00:00.000Z,16.3,53.7,44.75,32.85,49.1,9.385,644
2023-08-06T00:00:00.000Z,4.8,48.7,17.8,11.1,33.5,10.936,634
2023-08-07T00:00:00.000Z,13.2,50,19.1,17.7,26.55,8.64,637
2023-08-08T00:00:00.000Z,36.5,66.9,47.9,45.65,50.85,3.946,656
2023-08-09T00:00:00.000Z,11.8,86.6,53.8,50.8,56.1,9.645,631
2023-08-10T00:00:00.000Z,0,41.9,2.2,0.6,3.9,9.954,587
2023-08-11T00:00:00.000Z,0.3,42.1,7,2.9,24.4,11.023,615
2023-08-12T00:00:00.000Z,14.7,39.4,28.3,26.4,29.6,4.022,642
2023-08-13T00:00:00.000Z,7.2,42.6,19.2,15.7,30.75,8.855,660
2023-08-14T00:00:00.000Z,7.7,33.8,17,11.7,20.5,6.028,606
2023-08-15T00:00:00.000Z,6,47,33.7,25.65,36.1,9.602,628
2023-08-16T00:00:00.000Z,3,36,12.8,5.8,18.6,6.511,663
2023-08-17T00:00:00.000Z,0,20.2,6.7,4.3,10,3.763,619
2023-08-18T00:00:00.000Z,3.3,36.9,8.35,6.8,9.8,7.004,634
2023-08-19T00:00:00.000Z,0,61.5,21.05,0.4,28.05,13.36,552
2023-08-20T00:00:00.000Z,0,12.2,1.2,0.2,2.1,1.502,501
2023-08-21T00:00:00.000Z,0,10.1,0.5,0.1,3.6,2.036,495
2023-08-22T00:00:00.000Z,0,3.7,0.2,0.1,0.4,0.696,234
2023-08-23T00:00:00.000Z,0,11,1,0.2,1.8,1.551,333
2023-08-24T00:00:00.000Z,0.2,38.6,6.6,3.2,8.9,4.043,615
2023-08-25T00:00:00.000Z,1,63.4,3.1,2,12.3,8.629,576
2023-08-26T00:00:00.000Z,3.4,30.5,9.6,8.4,11.5,5.27,635
2023-08-27T00:00:00.000Z,3.1,19.9,7.6,6.4,9.05,2.898,616
2023-08-28T00:00:00.000Z,1.9,15.8,9.8,6.8,11.1,3.365,607
2023-08-29T00:00:00.000Z,2.5,14,4.7,3.8,8,2.917,586
2023-08-30T00:00:00.000Z,0.6,12.4,6.7,3.3,8.2,2.88,598
2023-08-31T00:00:00.000Z,1.5,27.7,5.6,3.2,12.2,7.313,620
2023-09-01T00:00:00.000Z,5.4,45,10.2,9,12.3,5.849,606
2023-09-02T00:00:00.000Z,14.2,50.2,25.9,18.8,29.1,5.998,655
2023-09-03T00:00:00.000Z,2.8,22.9,16.7,6.4,18,6.055,626
2023-09-04T00:00:00.000Z,4,26.8,6.9,5.9,9.3,3.963,636
2023-09-05T00:00:00.000Z,11.1,114.1,17.8,15.2,20.1,8.138,618
2023-09-06T00:00:00.000Z,0,65.5,33.7,12.85,42.95,17.201,581
2023-09-07T00:00:00.000Z,0,46.2,4.5,3,6.7,5.232,635
2023-09-08T00:00:00.000Z,2.8,37,6.1,4.8,10.1,4.72,612
2023-09-09T00:00:00.000Z,1.4,28,14.5,6.45,16.1,5.763,629
2023-09-10T00:00:00.000Z,2.1,54.4,4.5,3.9,5.7,4.199,632
2023-09-11T00:00:00.000Z,0,36.9,0.9,0.6,2,3.99,473
2023-09-12T00:00:00.000Z,1.3,22.5,2.65,2.29,3.2,1.589,570
2023-09-13T00:00:00.000Z,1.8,28.9,3.4,2.7,11.55,5.041,613
2023-09-14T00:00:00.000Z,9.9,35.4,13.9,12.7,16.2,6.277,654
2023-09-15T00:00:00.000Z,1.8,21.5,12.95,5.25,17,5.776,604
2023-09-16T00:00:00.000Z,0,6.2,2.8,0.8,4,1.639,591
2023-09-17T00:00:00.000Z,0,13.9,2.8,1.9,3.9,1.773,598
2023-09-18T00:00:00.000Z,5.2,74.1,16.5,13.1,21.9,8.128,646
2023-09-19T00:00:00.000Z,15.7,49.9,24.3,22.35,27.35,4.562,617
2023-09-20T00:00:00.000Z,3.9,42.1,17.35,7.4,21.5,7.957,584
2023-09-21T00:00:00.000Z,1.5,11.9,6.8,3.9,8.4,2.656,575
2023-09-22T00:00:00.000Z,1.7,19.2,5.4,3.8,8.9,3.944,583
2023-09-23T00:00:00.000Z,5.2,39,15.6,12.8,17.39,4.434,651
2023-09-24T00:00:00.000Z,3.3,44.2,12.7,8.3,19.5,8.931,662
2023-09-25T00:00:00.000Z,0,12.7,8.2,3.2,9.1,3.449,591
2023-09-26T00:00:00.000Z,0,3.4,1,0.5,1.5,0.659,517
2023-09-27T00:00:00.000Z,1.3,15.2,4.2,2.6,5.9,3.359,603
2023-09-28T00:00:00.000Z,5.1,21.7,8.4,7.6,9.2,2.22,615
2023-09-29T00:00:00.000Z,7.1,27.6,12.1,11,14.5,3.879,641
2023-09-30T00:00:00.000Z,11,20.9,16.7,14.8,18.4,2.322,618
2023-10-01T00:00:00.000Z,6.6,28.5,16.8,11.2,21.7,5.963,598
2023-10-02T00:00:00.000Z,2.9,25.9,12.9,6.8,18.1,6.308,634
2023-10-03T00:00:00.000Z,2.2,31.7,3.7,3.3,4.3,1.685,628
2023-10-04T00:00:00.000Z,3.5,25.4,6.6,5.3,7.7,3.464,625
2023-10-05T00:00:00.000Z,3.6,11.6,8.6,6.05,9.3,1.938,624
2023-10-06T00:00:00.000Z,2.8,11.1,6,4.9,7.8,1.797,607
2023-10-07T00:00:00.000Z,2.7,18.8,8.4,5.7,10.7,3.571,603
2023-10-08T00:00:00.000Z,4,15.2,6.6,5.9,7.8,1.859,633
2023-10-09T00:00:00.000Z,5.3,11.6,8.7,7.5,9.6,1.316,648
2023-10-10T00:00:00.000Z,3.1,14,8.7,5.9,10.9,2.798,623
2023-10-11T00:00:00.000Z,3.7,18.6,10,6.4,11.7,3.495,635
2023-10-12T00:00:00.000Z,4.1,16.2,10.6,6.85,11.9,3.017,641
2023-10-13T00:00:00.000Z,5,11.5,7.6,6.7,8.3,1.15,608
2023-10-14T00:00:00.000Z,2.5,17.8,8.8,7.2,10.2,2.413,636
2023-10-15T00:00:00.000Z,3.2,9.9,5.6,4.9,6.1,0.86,626
2023-10-16T00:00:00.000Z,3.7,9.2,5.5,4.9,6.1,0.922,606
2023-10-17T00:00:00.000Z,4.2,12.4,6.25,5.5,7,1.016,586
2023-10-18T00:00:00.000Z,2.4,13.8,7.2,5.2,8.8,2.541,626
2023-10-19T00:00:00.000Z,4.8,15,7.9,7,9.69,2.202,641
2023-10-20T00:00:00.000Z,13.1,33.2,18.1,16.5,20.2,3.642,646
2023-10-21T00:00:00.000Z,12.7,35.6,23.6,18.4,28.95,5.677,645
2023-10-22T00:00:00.000Z,15.6,31.4,22.8,19.3,24.8,3.507,650
2023-10-23T00:00:00.000Z,4.8,39.1,10.2,7.8,19.7,9.423,627
2023-10-24T00:00:00.000Z,8,33.4,11.7,10.19,14.2,5.547,631
2023-10-25T00:00:00.000Z,9,32.4,16.9,11.8,18.5,4.359,638
2023-10-26T00:00:00.000Z,6.7,19.5,14.1,11.75,15.9,2.738,652
2023-10-27T00:00:00.000Z,4.3,14.9,10.3,8,11.3,2.14,641
2023-10-28T00:00:00.000Z,1.7,13.9,5.2,3.5,6.9,2.718,606
2023-10-29T00:00:00.000Z,0,5.7,1.3,0.8,3.05,1.349,548
2023-10-30T00:00:00.000Z,1.3,11.9,4.5,2.6,6.75,2.481,641
2023-10-31T00:00:00.000Z,1.9,18.8,4.2,3.05,5.9,3.766,625
2023-11-01T00:00:00.000Z,0.8,5.7,3.2,2.7,3.5,0.732,606
2023-11-02T00:00:00.000Z,1.2,17.4,3.8,2.95,6.5,3.88,640
2023-11-03T00:00:00.000Z,2,28.6,4.4,3.7,5.2,1.876,633
2023-11-04T00:00:00.000Z,2.5,12.3,4.5,3.8,8.5,2.699,633
2023-11-05T00:00:00.000Z,5.1,14.1,8.7,7.5,10.4,2.017,630
2023-11-06T00:00:00.000Z,2.9,12.6,7.6,6.5,8.7,1.573,614
2023-11-07T00:00:00.000Z,0.9,12.4,3.6,2.7,7,2.586,582
2023-11-08T00:00:00.000Z,0.9,7.1,2.2,1.8,2.9,1.203,603
2023-11-09T00:00:00.000Z,1.9,6.9,3.4,2.9,5.3,1.296,577
2023-11-10T00:00:00.000Z,0,26.3,7.1,1.4,11.5,5.101,536
2023-11-11T00:00:00.000Z,1.3,18,8.8,7.1,11.4,3.721,616
2023-11-12T00:00:00.000Z,3,13.9,9.6,4.5,11.2,3.321,370
2023-11-13T00:00:00.000Z,1.7,14.5,3.5,3,4.9,2.016,600
2023-11-14T00:00:00.000Z,1.1,11.9,4.2,3.4,5.1,1.932,598
2023-11-15T00:00:00.000Z,1.3,4.1,2.3,2,2.7,0.511,175