# Sensor SICAM_ Angol2-DDU, Chile (Purple Air/96041)
# https://aqicn.org/station/@208969/
# Daily pm25
date,min,max,median,q1,q3,stdev,count
2021-09-07T00:00:00.000Z,2.9,240.5,44.8,22.1,72.8,46.327,339
2021-09-08T00:00:00.000Z,15.2,486.8,154.1,34.9,260.5,124.622,595
2021-09-09T00:00:00.000Z,3.8,215.2,26.1,16.1,40.15,28.793,617
2021-09-10T00:00:00.000Z,2.1,308.6,90.55,44.3,147.8,66.98,614
2021-09-11T00:00:00.000Z,13.7,261,42.45,34.15,121.7,64.9,636
2021-09-12T00:00:00.000Z,2.4,206.8,35.1,21.75,45.8,22.441,648
2021-09-13T00:00:00.000Z,8.7,302.7,55.1,38.4,93.4,57.034,587
2021-09-14T00:00:00.000Z,9.1,375.1,99.8,35.1,181.3,81.367,620
2021-09-15T00:00:00.000Z,4.5,422.6,43.5,20.3,90.8,57.971,638
2021-09-16T00:00:00.000Z,5.2,215.5,49.4,23.75,82.55,43.008,637
2021-09-17T00:00:00.000Z,1.1,96.8,28.75,15.95,39.6,16.433,636
2021-09-18T00:00:00.000Z,1,130.9,32.2,20.7,41.85,19.53,620
2021-09-19T00:00:00.000Z,0.5,161.1,17,9.8,31.1,16.824,607
2021-09-20T00:00:00.000Z,1.5,150.5,16.89,8.35,32.75,24.762,620
2021-09-21T00:00:00.000Z,4,195.2,19.1,12.8,32.54,28.743,633
2021-09-22T00:00:00.000Z,13.5,128.3,34.5,29.6,45.4,16.367,599
2021-09-23T00:00:00.000Z,5.3,288.6,38.79,21.8,85.9,55.299,603
2021-09-24T00:00:00.000Z,6.9,254,45.2,16.3,65.5,34.262,601
2021-09-25T00:00:00.000Z,5.6,149,27.3,16.39,45.3,23.988,607
2021-09-26T00:00:00.000Z,1.9,327,22.85,11.6,43,55.91,534
2021-09-27T00:00:00.000Z,4,178.7,34,16.8,50.4,26.38,575
2021-09-28T00:00:00.000Z,1.2,170.3,28.8,8.3,47,30.149,615
2021-09-29T00:00:00.000Z,3.8,182.3,43.2,26.35,71.45,36.241,621
2021-09-30T00:00:00.000Z,4.7,161.7,42.45,27.4,64.7,30.067,594
2021-10-01T00:00:00.000Z,8.1,323.8,53.7,32,93.05,57.247,629
2021-10-02T00:00:00.000Z,2.1,225.2,38,22.95,50.85,26.5,609
2021-10-03T00:00:00.000Z,1.2,103.6,13.25,7.2,26.75,17.566,616
2021-10-04T00:00:00.000Z,0.9,74.8,15.2,9.4,26.25,12.836,600
2021-10-05T00:00:00.000Z,1.6,98.8,13.8,8.6,21.95,11.696,616
2021-10-06T00:00:00.000Z,1.8,137.3,16.3,7.8,28.8,15.398,599
2021-10-07T00:00:00.000Z,0.4,97.1,6.1,3.35,17.2,16.817,596
2021-10-08T00:00:00.000Z,7.7,144.3,27.9,16.7,41.8,21.118,601
2021-10-09T00:00:00.000Z,7,41.7,14.6,10.7,19.3,6.987,595
2021-10-10T00:00:00.000Z,17.1,117.9,34,31.65,37.35,9.469,585
2021-10-11T00:00:00.000Z,2.1,117.8,13.1,8.3,33.6,21.07,546
2021-10-12T00:00:00.000Z,12.4,205.5,35.9,29.5,45.2,17.068,605
2021-10-13T00:00:00.000Z,15.1,192.5,40.79,32.95,66.55,31.2,601
2021-10-14T00:00:00.000Z,2.1,192.3,38.7,23.5,56.05,31.273,609
2021-10-15T00:00:00.000Z,1,276.7,64,15,97.7,62.026,613
2021-10-16T00:00:00.000Z,3.6,153.4,26.9,13.05,45.95,26.406,625
2021-10-17T00:00:00.000Z,1.1,98.5,9.85,5.09,24.1,13.771,602
2021-10-18T00:00:00.000Z,0.5,95.1,6.65,2.2,15.95,11.501,600
2021-10-19T00:00:00.000Z,0.2,37.4,4.9,3.1,8.5,5.08,591
2021-10-20T00:00:00.000Z,2.6,71,24.3,13.5,31.7,12.219,599
2021-10-21T00:00:00.000Z,1.1,79.2,14.8,8.44,33.6,15.441,597
2021-10-22T00:00:00.000Z,1.2,64.7,15.15,8,24.5,11.261,616
2021-10-23T00:00:00.000Z,0.3,98.2,13.9,6.6,26.6,15.204,591
2021-10-24T00:00:00.000Z,0,154.9,15.4,2.04,32.6,24.408,613
2021-10-25T00:00:00.000Z,0.3,71.5,5,3.1,8.4,8.835,591
2021-10-26T00:00:00.000Z,0.4,51.1,5.5,2.8,12.45,8.789,604
2021-10-27T00:00:00.000Z,0.9,41.5,5.2,3.5,7.75,4.815,581
2021-10-28T00:00:00.000Z,2.4,29.5,6.5,4.8,9.05,4.181,605
2021-10-29T00:00:00.000Z,4,52.2,9,7.3,12.85,7.745,613
2021-10-30T00:00:00.000Z,0.2,41.1,4.5,2.3,8.69,5.937,576
2021-10-31T00:00:00.000Z,3.2,78.3,10.6,6.9,22.6,11.715,619
2021-11-01T00:00:00.000Z,4.8,48.7,9.9,8.3,13.25,5.459,604
2021-11-02T00:00:00.000Z,0.5,56.3,5,3.7,7,4.35,568
2021-11-03T00:00:00.000Z,1.7,80.7,10.35,6.8,19.1,13.479,578
2021-11-04T00:00:00.000Z,0.5,145.9,15.3,5.5,39.54,23.739,604
2021-11-05T00:00:00.000Z,0,26.6,3.2,1.6,6.1,4.347,571
2021-11-06T00:00:00.000Z,2.8,51.2,9.1,6.6,12,7.05,571
2022-02-24T00:00:00.000Z,3.9,36.9,11.2,7,13.8,4.457,279
2022-02-25T00:00:00.000Z,1.8,61.8,13.6,8.3,20.8,9.668,619
2022-02-26T00:00:00.000Z,0.2,34.1,6.1,2.5,8.5,4.626,602
2022-02-27T00:00:00.000Z,0.1,170.5,4,2.4,7.2,9.774,597
2022-02-28T00:00:00.000Z,0.3,23.4,1.55,1.1,2.75,3.088,600
2022-03-01T00:00:00.000Z,0.1,34,2.4,1.4,3.6,3.052,589
2022-03-02T00:00:00.000Z,0,10.2,0.6,0.3,1.1,1.213,533
2022-03-03T00:00:00.000Z,0.6,38.8,2.4,1.5,3.8,2.351,576
2022-03-04T00:00:00.000Z,0.2,32.5,1.6,1.1,3.45,2.072,565
2022-03-05T00:00:00.000Z,0,12.6,1,0.6,2.5,2.266,552
2022-03-06T00:00:00.000Z,0.4,30.3,4.09,2.8,6.15,4.51,585
2022-03-07T00:00:00.000Z,0.4,38.8,5.3,2.2,8.4,5.843,607
2022-03-08T00:00:00.000Z,0,68.5,4.1,2.4,6.9,7.4,599
2022-03-09T00:00:00.000Z,0.5,25.3,2.8,2,4.1,3.133,579
2022-03-10T00:00:00.000Z,0.2,25.5,2,1.5,2.9,2.246,544
2022-03-11T00:00:00.000Z,0,21.8,1.1,0.7,2.7,2.951,552
2022-03-12T00:00:00.000Z,1,10.7,3.1,2.4,4.4,1.62,569
2022-03-13T00:00:00.000Z,0.2,24.5,4,1.8,5.8,3.391,561
2022-03-14T00:00:00.000Z,0,56.4,0.9,0.6,1.5,10.313,557
2022-03-15T00:00:00.000Z,0,42.4,1.7,0.7,4.7,6.755,537
2022-03-16T00:00:00.000Z,0,33.1,9.8,5,12.6,6.194,606
2022-03-17T00:00:00.000Z,0,38.4,2.7,1.4,3.8,6.171,564
2022-03-18T00:00:00.000Z,0.4,64.7,3.1,1.8,4.9,12.71,558
2022-03-19T00:00:00.000Z,3.2,57.9,17.8,11.5,27.8,11.951,605
2022-03-20T00:00:00.000Z,2.4,97.1,33,22.7,39.1,12.877,617
2022-03-21T00:00:00.000Z,1,96.1,14.85,8.5,19.45,10.928,576
2022-03-22T00:00:00.000Z,0.3,26.3,2.1,1.4,4.59,4.067,579
2022-03-23T00:00:00.000Z,0,70.3,4.34,2.2,8.1,9.518,592
2022-03-24T00:00:00.000Z,1.1,124.5,4,2.9,9.5,14.638,581
2022-03-25T00:00:00.000Z,0.8,42.1,4,2.4,7.2,6.254,591
2022-03-26T00:00:00.000Z,7.9,70.2,18.39,13.35,28,9.543,609
2022-03-27T00:00:00.000Z,1.4,100.3,17.95,5,30.6,15.754,610
2022-03-28T00:00:00.000Z,0.2,82,11,5.2,19.14,12.241,608
2022-03-29T00:00:00.000Z,0.6,55.2,6.45,2.7,12.9,9.151,602
2022-03-30T00:00:00.000Z,1.6,54.1,6.95,3.9,12.7,9.951,608
2022-03-31T00:00:00.000Z,1.1,47.2,6.75,3.2,13.7,10.479,598
2022-04-01T00:00:00.000Z,1,138,9.75,5.4,17.7,11.588,606
2022-04-02T00:00:00.000Z,1.9,75.6,30.75,15.95,38.4,13.014,616
2022-04-03T00:00:00.000Z,2,59.8,10.5,6.3,17.1,10.017,614
2022-04-04T00:00:00.000Z,0.2,109.5,4.09,2,10.1,8.58,600
2022-04-05T00:00:00.000Z,0.5,38.6,6.1,3.55,10.7,7.076,624
2022-04-06T00:00:00.000Z,0.3,60,7.8,3.5,13.85,11.861,620
2022-04-07T00:00:00.000Z,2.5,79.6,12.4,9.4,19,9.494,609
2022-04-08T00:00:00.000Z,3,41.5,9.25,6,13.6,7.146,596
2022-04-09T00:00:00.000Z,0.6,171.5,24.35,10.6,35.5,20.489,586
2022-04-10T00:00:00.000Z,6.3,171.4,31.95,20.5,44.8,23.71,630
2022-04-11T00:00:00.000Z,2,288.7,70.2,31.1,119.05,63.131,612
2022-04-12T00:00:00.000Z,4.1,328.3,52.7,19,92.8,51.782,619
2022-04-13T00:00:00.000Z,1.8,153.5,10.1,6.35,17.45,18.926,613
2022-04-14T00:00:00.000Z,12.3,186,32.29,20.6,45,30.713,626
2022-04-15T00:00:00.000Z,30.4,376,59.1,46.15,90.2,65.266,620
2022-04-16T00:00:00.000Z,10.7,98.6,23.8,17.45,32.2,13.075,629
2022-04-17T00:00:00.000Z,10,230.5,53.45,32.7,82.7,40.902,630
2022-04-18T00:00:00.000Z,5.9,226.1,41.6,29,54.7,30.468,628
2022-04-19T00:00:00.000Z,13.8,239.2,44.7,36.1,54.3,27.289,618
2022-04-20T00:00:00.000Z,3.6,269.4,53.6,25.25,89.25,55.432,621
2022-04-21T00:00:00.000Z,23.7,287.6,60.3,40.1,129.5,63.159,630
2022-04-22T00:00:00.000Z,10.5,100.1,36.15,28.1,43.35,12.174,636
2022-04-23T00:00:00.000Z,1.3,256.5,21.9,12.6,40.2,40.095,631
2022-04-24T00:00:00.000Z,0,221.5,20.25,12.15,40.35,35.306,596
2022-04-25T00:00:00.000Z,18.5,332.7,49,36.9,130.3,61.185,635
2022-04-26T00:00:00.000Z,0.9,314.6,37.29,17.3,53.8,47.939,614
2022-04-27T00:00:00.000Z,0.9,230.1,45.45,24.4,72.8,41.128,634
2022-04-28T00:00:00.000Z,14.7,313.5,76.59,42.2,130.6,67.933,630
2022-04-29T00:00:00.000Z,1.7,176,25.7,13.7,37.29,19.506,619
2022-04-30T00:00:00.000Z,7.8,140.3,33.1,24.9,45.15,18.723,616
2022-05-01T00:00:00.000Z,3.3,151,29.6,19.9,41.7,19.389,634
2022-05-02T00:00:00.000Z,3.1,88,20.3,12.8,35.9,16.629,612
2022-05-03T00:00:00.000Z,5.4,139.9,32.29,20.3,41.9,16.938,626
2022-05-04T00:00:00.000Z,3.5,122.5,16.55,9.5,33,16.364,622
2022-05-05T00:00:00.000Z,4.1,288.8,67.9,37.7,108.3,51.669,632
2022-05-06T00:00:00.000Z,5.2,296.9,105.65,41.4,166.2,72.455,634
2022-05-07T00:00:00.000Z,3.8,197,36.1,24.8,48.4,32.354,610
2022-05-08T00:00:00.000Z,26.8,264.4,89.8,61.9,124.4,46.686,622
2022-05-09T00:00:00.000Z,20.9,312.4,64.8,48.5,100.9,47.678,623
2022-05-10T00:00:00.000Z,9.6,202.6,32.4,22,43.7,29.295,618
2022-05-11T00:00:00.000Z,47.9,380.7,150.3,110.9,206.4,68.791,641
2022-05-12T00:00:00.000Z,20.1,465.6,82.1,52.35,173.6,102.411,624
2022-05-13T00:00:00.000Z,3.6,366.8,37.2,26.3,82.2,78.52,610
2022-05-14T00:00:00.000Z,0.9,156.5,23.4,10.3,36.9,20.779,615
2022-05-15T00:00:00.000Z,4.9,478.2,222.35,54.1,279.6,120.788,618
2022-05-16T00:00:00.000Z,21.2,690.6,265.39,126.8,432.4,179.281,617
2022-05-17T00:00:00.000Z,11.5,773.7,217.95,108.3,367.2,193.1,606
2022-05-18T00:00:00.000Z,68.9,524.2,140.4,97.75,212.85,104.98,632
2022-05-19T00:00:00.000Z,38,183.1,63.1,57.05,76.3,19.695,629
2022-05-20T00:00:00.000Z,8.9,317,46.4,35.2,65.8,47.909,628
2022-05-21T00:00:00.000Z,32.1,476.2,160.6,82.9,297.3,119.799,623
2022-05-22T00:00:00.000Z,7.9,482.4,49,28.15,172.5,114.147,616
2022-05-23T00:00:00.000Z,6.1,359.8,132.69,88.5,199.8,76.1,635
2022-05-24T00:00:00.000Z,8.5,334.1,71.3,45.1,109.9,72.908,627
2022-05-25T00:00:00.000Z,16.1,435.2,83.1,43.05,158.25,89.764,637
2022-05-26T00:00:00.000Z,6.3,253.2,36.1,25.05,48.55,25.727,632
2022-05-27T00:00:00.000Z,38.8,157.6,69.84,53,89.5,27.812,86
2022-05-28T00:00:00.000Z,5.4,149.9,34.1,22.4,43.2,28.85,491
2022-05-29T00:00:00.000Z,15.7,475.1,155.9,48.9,266.3,120.309,677
2022-05-30T00:00:00.000Z,17.5,380.5,56.6,39.5,115.6,68.035,661
2022-05-31T00:00:00.000Z,32.7,738.9,254.1,83.8,423.9,197.52,674
2022-06-01T00:00:00.000Z,72.6,523,188.8,109.2,289.7,109.712,671
2022-06-02T00:00:00.000Z,43.3,577.7,257.05,145.9,320.2,115.256,674
2022-06-03T00:00:00.000Z,24.4,471.1,51.9,37.4,81.2,93.675,683
2022-06-04T00:00:00.000Z,42.6,363.9,146.69,92.8,201.35,69.865,637
2022-06-05T00:00:00.000Z,7.4,373.1,33.7,22.6,46.8,84.74,671
2022-06-06T00:00:00.000Z,10.4,78.2,34.8,27.4,42.5,10.748,667
2022-06-07T00:00:00.000Z,5.5,318.4,33.2,15.7,47.95,44.566,660
2022-06-08T00:00:00.000Z,0.7,352.1,79.3,25.1,206.5,96.436,338
2022-08-23T00:00:00.000Z,45.5,479.6,102.75,69.65,154.6,77.68,128
2022-08-24T00:00:00.000Z,3.3,311.1,35.75,25.1,59.8,43.486,462
2022-08-25T00:00:00.000Z,5.9,78.8,18.3,13.4,27.4,14.843,417
2022-08-26T00:00:00.000Z,5.7,231.5,30.4,21.3,40.9,25.174,311
2022-08-27T00:00:00.000Z,9.7,370.2,35.2,21.3,65.2,92.759,63
2022-08-28T00:00:00.000Z,3.7,151,24.7,14.8,38.7,25.908,113
2022-08-29T00:00:00.000Z,5,531.1,42.15,13.65,158.05,123.354,364
2022-08-30T00:00:00.000Z,43,435.5,89.3,63,134.6,72.154,381
2022-08-31T00:00:00.000Z,19,504,44.65,36.6,56.5,58.643,390
2022-09-01T00:00:00.000Z,3.2,122.2,13.5,8.3,31.05,21.782,344
2022-09-02T00:00:00.000Z,5.5,85.4,11.75,10.95,26.2,22.704,12
2022-09-03T00:00:00.000Z,2.7,27.2,6.2,4.59,9.75,4.477,53
2022-09-04T00:00:00.000Z,0.6,42.2,8.9,5.3,20.7,11.722,170
2022-09-05T00:00:00.000Z,23,85.6,52.65,44.3,64.2,17.711,46
2022-09-06T00:00:00.000Z,2.6,213.5,49.4,19.3,67.3,43.623,283
2022-09-07T00:00:00.000Z,6.2,72.8,27.2,20.05,34.79,11.109,257
2022-09-08T00:00:00.000Z,0.7,180.8,43.7,13.45,68.15,43.475,264
2022-09-09T00:00:00.000Z,4.3,35.5,11.1,9,14.55,7.101,124
2022-09-11T00:00:00.000Z,47,238.6,99.8,72.3,150.8,50.25,114
2022-09-12T00:00:00.000Z,8.8,406.1,89.7,23.55,165.55,90.362,613
2022-09-13T00:00:00.000Z,14.8,246.4,75.9,30.2,118.15,59.242,629
2022-09-14T00:00:00.000Z,25.6,314.8,84.6,41.5,131.9,55.313,652
2022-09-15T00:00:00.000Z,8,336.8,53.55,44.55,99.25,51.226,664
2022-09-16T00:00:00.000Z,1.7,109.4,28.15,9.19,38.1,17.767,634
2022-09-17T00:00:00.000Z,3.3,175.4,42.5,24.1,59.7,29.018,667
2022-09-18T00:00:00.000Z,1.8,296.8,44.35,26.85,75.45,43.424,668
2022-09-19T00:00:00.000Z,3.1,365.6,104.4,24.6,179.9,89.855,679
2022-09-20T00:00:00.000Z,2.7,346,48.2,31.9,73.7,48.179,659
2022-09-21T00:00:00.000Z,11.6,299.7,56.7,36.54,99.9,55.564,629
2022-09-22T00:00:00.000Z,2.5,198.1,36.9,20.8,70.95,42.891,665
2022-09-23T00:00:00.000Z,1.9,147.1,34.29,18.8,45.6,22.724,670
2022-09-24T00:00:00.000Z,3.2,76.8,14.8,7.9,31.8,14.182,662
2022-09-25T00:00:00.000Z,4.5,165.7,42.75,24.05,62.15,27.706,680
2022-09-26T00:00:00.000Z,9.9,335.1,32.5,20.8,89.3,60.254,677
2022-09-27T00:00:00.000Z,0.6,96.2,10.8,7.3,20.75,15.147,657
2022-09-28T00:00:00.000Z,1,232,28.3,8.4,54.5,43.443,667
2022-09-29T00:00:00.000Z,3.6,173.7,13.6,9.9,23.3,17.132,651
2022-09-30T00:00:00.000Z,6.3,86.8,20,14.1,28,12.337,667
2022-10-01T00:00:00.000Z,1.4,71,5.8,4.5,9.6,10.66,630
2022-10-02T00:00:00.000Z,10.9,85.4,29.4,18.2,42.2,13.955,674
2022-10-03T00:00:00.000Z,9.3,97.1,33.1,26.6,39,10.743,658
2022-10-04T00:00:00.000Z,10.1,147.1,30.8,18.6,37.7,16.537,649
2022-10-05T00:00:00.000Z,10.6,351.2,59.25,30.55,107.7,54.999,664
2022-10-06T00:00:00.000Z,5,141.3,19.8,11.5,31.7,15.135,624
2022-10-07T00:00:00.000Z,7.9,144.4,39.85,28.4,51.1,23.942,650
2022-10-08T00:00:00.000Z,2.4,215.3,22.4,12.95,44.1,35.227,656
2022-10-09T00:00:00.000Z,1.7,45.4,10.4,5.2,17.6,8.678,645
2022-10-10T00:00:00.000Z,0.7,66.4,9.8,3.9,15.9,9.905,627
2022-10-11T00:00:00.000Z,2.3,148.8,14.9,9.65,27.25,16.14,656
2022-10-12T00:00:00.000Z,0.8,100.5,13.4,6.4,35.6,19.889,660
2022-10-13T00:00:00.000Z,1.4,68.1,8.4,4.9,14.6,9.865,660
2022-10-14T00:00:00.000Z,0.1,44.2,5.2,2.4,15.8,10.379,647
2022-10-15T00:00:00.000Z,0.3,41.7,4.4,1.9,8.8,6.224,631
2022-10-16T00:00:00.000Z,3.2,45,9.3,6.8,14.9,7.217,655
2022-10-17T00:00:00.000Z,0.6,109.2,11.4,8.7,16.8,8.938,648
2022-10-18T00:00:00.000Z,4.9,131.2,18.7,11.1,29.2,13.45,475
2022-10-21T00:00:00.000Z,0.1,37.7,5,2.9,9.05,6.495,652
2022-10-22T00:00:00.000Z,1.6,73.3,12.7,4.6,30.1,14.479,661
2022-10-23T00:00:00.000Z,2.7,75.2,13.4,10.2,21.4,9.585,655
2022-10-24T00:00:00.000Z,1.4,85,19.45,7.4,29.2,12.429,670
2022-10-25T00:00:00.000Z,1,79.1,27,17.7,33.45,12.998,684
2022-10-26T00:00:00.000Z,1.1,59.4,8.44,5.8,15.4,9.769,672
2022-10-27T00:00:00.000Z,1.1,99.2,10.65,5.6,20.05,13.984,664
2022-10-28T00:00:00.000Z,2.3,67.2,15.4,7.25,22.7,12.29,673
2022-10-29T00:00:00.000Z,0.3,77,11.6,5.2,23.25,12.718,673
2022-10-30T00:00:00.000Z,1.2,78.7,7.3,4.2,19.14,14.671,661
2022-10-31T00:00:00.000Z,0.4,45.4,5.7,2.1,11.2,8.14,670
2022-11-01T00:00:00.000Z,0.3,33.6,2.7,1.4,4.2,3.565,622
2022-11-02T00:00:00.000Z,1.3,44.3,7.9,5.6,10.45,7.191,645
2022-11-03T00:00:00.000Z,6,59.1,27,21.9,31.6,8.339,618
2022-11-04T00:00:00.000Z,19.2,76.7,26.7,24.7,32.4,5.726,650
2022-11-05T00:00:00.000Z,7.5,41.4,14.5,10,18.89,5.245,643
2022-11-06T00:00:00.000Z,9.9,44.1,14.1,12.4,15.9,3.783,650
2022-11-07T00:00:00.000Z,5.9,24.4,10.2,8.7,12,2.409,643
2022-11-08T00:00:00.000Z,0.9,37.8,7.1,4.7,12.3,5.564,634
2022-11-09T00:00:00.000Z,2.3,68.1,9.1,6.6,12.6,6.377,654
2022-11-10T00:00:00.000Z,1.5,125.1,7.8,4.9,12.4,11.531,638
2022-11-11T00:00:00.000Z,0.7,311.8,10.4,5.7,19.64,18.191,640
2022-11-12T00:00:00.000Z,0.2,54,7.3,4.6,11.3,8.041,655
2022-11-13T00:00:00.000Z,0.1,176,19.4,4.6,39.5,25.322,675
2022-11-14T00:00:00.000Z,0.5,123.5,21.5,9,30.9,15.111,659
2022-11-15T00:00:00.000Z,2.5,146.3,12.15,4.9,42.5,21.359,634
2022-11-16T00:00:00.000Z,0.5,237.8,4,2,5.3,21.588,627
2022-11-17T00:00:00.000Z,0.4,34.7,2.5,1.4,4,3.075,629
2022-11-18T00:00:00.000Z,0.2,13,1.9,1.3,2.8,1.678,630
2022-11-19T00:00:00.000Z,0.3,7.8,1.8,1.2,2.4,0.976,603
2022-11-20T00:00:00.000Z,0.1,18.1,1.2,0.7,2.5,2.333,611
2022-11-21T00:00:00.000Z,0,7.1,0.7,0.4,1.2,1.153,487
2022-11-24T00:00:00.000Z,0,6,1,0.5,1.6,0.881,279
2022-11-25T00:00:00.000Z,0,45.7,0.8,0.4,1.7,3.351,539
2022-11-26T00:00:00.000Z,0,9.6,0.6,0.4,1,1.066,569
2022-11-27T00:00:00.000Z,0.3,11,1.7,1,2.8,1.445,610
2022-11-28T00:00:00.000Z,0,78.4,12.5,3,19.6,8.42,635
2022-11-29T00:00:00.000Z,0.6,10.6,2.7,1.9,3.4,1.265,602
2022-11-30T00:00:00.000Z,0.4,14.7,2.1,1.3,3.4,2.29,626
2022-12-01T00:00:00.000Z,0,6.2,0.8,0.4,1.3,0.852,539
2022-12-02T00:00:00.000Z,0,37,1.3,0.8,1.95,3.126,621
2022-12-03T00:00:00.000Z,0,23.6,2,1.1,4.3,3.347,600
2022-12-04T00:00:00.000Z,0,36.5,3.1,1.25,4.9,7.086,597
2022-12-05T00:00:00.000Z,0,33.3,2.6,1.7,3.8,3.666,598
2022-12-06T00:00:00.000Z,0,30.6,2.7,1.8,5.4,3.853,599
2022-12-07T00:00:00.000Z,0,30.2,2.7,1.5,10.4,6.26,622
2022-12-08T00:00:00.000Z,0,27.3,2.1,1.3,3.7,2.876,623
2022-12-09T00:00:00.000Z,0.1,22.9,2.5,2,3.4,2.139,636
2022-12-10T00:00:00.000Z,0.8,32,2.8,2.2,3.3,2.047,616
2022-12-11T00:00:00.000Z,0,15.9,2,1.2,2.9,1.54,614
2022-12-12T00:00:00.000Z,0,3.7,0.8,0.4,1.2,0.584,420
2023-01-05T00:00:00.000Z,5.6,16.4,8.2,7.2,10.15,2.469,217
2023-01-06T00:00:00.000Z,4.5,32.7,11.6,9.7,14.3,3.67,641
2023-01-07T00:00:00.000Z,5,51.3,15.5,14,17,4.792,649
2023-01-08T00:00:00.000Z,7,185.7,13.8,12,15.6,14.454,659
2023-01-09T00:00:00.000Z,0.2,192.2,52.45,36.9,86.5,41.124,678
2023-01-10T00:00:00.000Z,0,39.3,1.6,0.5,3.8,6.632,614
2023-01-11T00:00:00.000Z,0,6.9,0.4,0.3,0.7,0.763,556
2023-01-12T00:00:00.000Z,0,22.4,1.1,0.6,1.8,3.395,607
2023-01-13T00:00:00.000Z,0,22.7,1,0.6,4,3.048,591
2023-01-14T00:00:00.000Z,0.8,21.1,2.6,2,3.4,1.835,615
2023-01-15T00:00:00.000Z,0,30.1,3.6,2.3,6.3,4.438,628
2023-01-16T00:00:00.000Z,0.2,15.3,2,1.2,3.8,3.058,626
2023-01-17T00:00:00.000Z,1,34.6,4.9,3.7,6.2,2.627,619
2023-01-18T00:00:00.000Z,2.4,31.5,7.25,5.3,9.9,4.245,628
2023-01-19T00:00:00.000Z,5.3,99.8,17.39,12.1,27.6,18.158,663
2023-01-20T00:00:00.000Z,0.8,97.3,27,17.1,45.4,17.692,641
2023-01-21T00:00:00.000Z,0,67.9,3.4,1.7,19.7,15.002,638
2023-01-22T00:00:00.000Z,0,68.1,8.69,2.9,30.75,18.707,644
2023-01-23T00:00:00.000Z,0,91.8,9.3,3.5,21.8,24.706,611
2023-01-24T00:00:00.000Z,0,17.9,1.5,0.8,2.7,1.697,567
2023-01-25T00:00:00.000Z,0,18.5,0.6,0.4,1,1.327,593
2023-01-26T00:00:00.000Z,0,23.4,0.5,0.2,1,2.584,577
2023-01-27T00:00:00.000Z,0.1,13,1.6,1,3.4,2.431,602
2023-01-28T00:00:00.000Z,0,37.2,1.5,1,6.5,7.556,586
2023-01-29T00:00:00.000Z,0.2,33.2,2.4,1.3,5,4.354,618
2023-01-30T00:00:00.000Z,0,25.4,2.4,1.1,8.5,5.934,630
2023-01-31T00:00:00.000Z,0.3,33.7,2.9,1.8,5,4.804,619
2023-02-01T00:00:00.000Z,0.4,90.9,5.5,2.1,30.35,19.376,629
2023-02-02T00:00:00.000Z,0.1,12,2.4,1.5,3.7,1.888,644
2023-02-03T00:00:00.000Z,0.2,187.3,1.65,0.9,18.14,24.309,636
2023-02-04T00:00:00.000Z,92.7,805.5,313.8,257.9,575.5,181.019,674
2023-02-05T00:00:00.000Z,49.3,530.9,409.1,132.3,437.7,156.961,687
2023-02-06T00:00:00.000Z,10.4,150.1,52.3,35.04,81,31.106,656
2023-02-07T00:00:00.000Z,2.2,183.6,46.1,16.3,69.9,32.628,667
2023-02-08T00:00:00.000Z,4.1,171.7,59.6,48.1,91.2,31.078,649
2023-02-09T00:00:00.000Z,0.5,45.5,13.2,6.4,20.3,9.316,639
2023-02-10T00:00:00.000Z,0.4,33.7,3.8,1.9,10.75,6.941,628
2023-02-11T00:00:00.000Z,0,35.3,1.9,0.7,4.09,4.078,612
2023-02-12T00:00:00.000Z,0.1,61.2,4.2,1.9,9.6,15.026,637
2023-02-13T00:00:00.000Z,0.1,7.2,1.1,0.8,1.5,0.893,554
2023-02-14T00:00:00.000Z,0.4,14.7,1.7,1.3,2.29,1.857,605
2023-02-15T00:00:00.000Z,0,20.1,1.4,0.6,2.1,2.172,585
2023-02-16T00:00:00.000Z,0.2,16.6,0.9,0.6,1.4,2.525,596
2023-02-17T00:00:00.000Z,0.2,45.2,18.2,6.3,26.2,12.137,658
2023-02-18T00:00:00.000Z,0.9,44.6,7.1,3.8,15.7,8.939,647
2023-02-19T00:00:00.000Z,0.3,45.4,7.6,2.7,21.55,11.223,621
2023-02-20T00:00:00.000Z,0,57.8,0.6,0.3,1.4,11.811,556
2023-02-21T00:00:00.000Z,0,5.4,0.5,0.2,0.9,0.701,527
2023-02-22T00:00:00.000Z,0,49.2,1.9,1,4.05,5.054,605
2023-02-23T00:00:00.000Z,0,30.4,1.7,0.8,4.09,5.91,584
2023-02-24T00:00:00.000Z,0.9,33.4,4.8,3.3,7.8,5.138,601
2023-02-25T00:00:00.000Z,0,16.7,2,1.5,2.8,1.709,639
2023-02-26T00:00:00.000Z,0.2,42.3,2.6,1.6,5.3,6.389,656
2023-02-27T00:00:00.000Z,0.3,87.5,2,1.2,9.65,20.887,600
2023-02-28T00:00:00.000Z,0.4,37.3,3.6,2.1,8.6,4.269,625
2023-03-01T00:00:00.000Z,0,11,2.6,1.7,3.55,2.298,632
2023-03-02T00:00:00.000Z,0.2,11.7,1.3,0.9,1.8,1.042,309
2023-03-24T00:00:00.000Z,0.1,107,2.9,1.2,29.6,26.154,348
2023-03-25T00:00:00.000Z,0.1,34.9,5.1,2.3,12,6.775,633
2023-03-26T00:00:00.000Z,0.2,18.4,3.2,2.2,8.25,3.909,633
2023-03-27T00:00:00.000Z,3.6,131.4,17.7,13.8,30.1,9.969,638
2023-03-28T00:00:00.000Z,1.1,101.7,21.4,10.9,29.9,11.808,651
2023-03-29T00:00:00.000Z,1,69,16.6,7.8,27.8,12.953,655
2023-03-30T00:00:00.000Z,0.6,99.3,12.45,4.8,29.95,17.819,676
2023-03-31T00:00:00.000Z,0,134.8,17.35,5.05,35.5,17.862,668
2023-04-01T00:00:00.000Z,2.1,95.4,19.2,7.8,33.15,18.654,677
2023-04-02T00:00:00.000Z,5.4,80.6,19,9.8,33.04,16.309,673
2023-04-03T00:00:00.000Z,0.5,30.5,6.2,4,9.69,5.718,648
2023-04-04T00:00:00.000Z,0.7,30,3.4,2.1,5.7,4.365,470
2023-04-05T00:00:00.000Z,2.1,85.6,30.2,19.14,39.9,13.317,672
2023-04-06T00:00:00.000Z,0.5,58.2,10.8,6.2,17.3,8.735,678
2023-04-07T00:00:00.000Z,2.8,56.6,12.7,8.19,18.89,11.757,675
2023-04-08T00:00:00.000Z,3.3,89.6,15.55,8.6,27.8,13.944,672
2023-04-09T00:00:00.000Z,1.5,145.1,26.8,6.9,35.54,17.885,688
2023-04-10T00:00:00.000Z,0.4,62.6,11.9,6.3,23.8,12.01,638
2023-04-11T00:00:00.000Z,0.3,156.4,9.6,4.8,14.2,10.451,659
2023-04-12T00:00:00.000Z,3.6,203.2,13.8,9,19,17.819,669
2023-04-13T00:00:00.000Z,9,101.9,33.5,19.6,42.5,14.21,671
2023-04-14T00:00:00.000Z,5.8,132.8,29.3,13.2,62.8,29.817,659
2023-04-15T00:00:00.000Z,1.6,50.7,7.9,5.1,13,7.474,673
2023-04-16T00:00:00.000Z,2.1,93.6,8.4,5.7,12.8,7.417,683
2023-04-17T00:00:00.000Z,0.2,70,13.7,7.4,20.6,10.559,639
2023-04-18T00:00:00.000Z,6.3,118.7,41.3,19.1,55.1,27.226,137
2023-04-19T00:00:00.000Z,2.3,190.2,17.14,7.5,57,34.778,678
2023-04-20T00:00:00.000Z,7.3,222.6,36.6,29.4,42.9,22.263,695
2023-04-21T00:00:00.000Z,9.4,164,34.1,21,46.4,17.28,648
2023-04-22T00:00:00.000Z,1.6,104.9,6.95,4.5,15.4,13.049,670
2023-04-23T00:00:00.000Z,4.9,186.9,15.6,10.1,28,20.304,679
2023-04-24T00:00:00.000Z,24.2,182.1,54.05,40.29,84.3,31.805,662
2023-04-25T00:00:00.000Z,16.9,194.6,45.7,39.5,72.05,31.321,693
2023-04-26T00:00:00.000Z,11.3,343.4,94.6,52.05,132.9,67.793,673
2023-04-27T00:00:00.000Z,22.2,220,58.5,46.3,89.2,32.131,658
2023-04-28T00:00:00.000Z,0.9,54.5,22.5,12.4,32,12.18,691
2023-04-29T00:00:00.000Z,1.3,281.3,30.3,14.1,54.25,45.264,684
2023-04-30T00:00:00.000Z,5.5,381.3,52.5,39.1,86.5,61.662,674
2023-05-01T00:00:00.000Z,4.5,333.6,99.7,34.7,168.5,80.388,686
2023-05-02T00:00:00.000Z,4.5,75.8,18.39,11.7,35.4,14.493,645
2023-05-03T00:00:00.000Z,3.3,53.9,16.2,8.55,24.75,11.054,652
2023-05-04T00:00:00.000Z,2.2,67,15.9,9.6,30.6,13.799,675
2023-05-05T00:00:00.000Z,2.3,110.9,11.35,6.6,22.1,15.412,670
2023-05-06T00:00:00.000Z,12.8,270.6,50.8,31,117.1,54.161,695
2023-05-07T00:00:00.000Z,9.5,306,47.8,25.7,92.45,61.654,673
2023-05-08T00:00:00.000Z,21.8,275.4,55.3,40.8,84.1,41.268,661
2023-05-09T00:00:00.000Z,6.4,120.7,23.9,13,37.7,22.186,595
2023-05-10T00:00:00.000Z,5.2,203.9,31.4,18.2,58.9,37.529,632
2023-05-11T00:00:00.000Z,1.7,222.5,48.8,23.5,70.05,34.944,693
2023-05-12T00:00:00.000Z,5.1,255.6,72.5,21.9,124.5,59.799,683
2023-05-13T00:00:00.000Z,1.8,330.6,22.8,9,92.95,69.068,677
2023-05-14T00:00:00.000Z,9.8,142.2,41.45,26.4,68.09,27.75,648
2023-05-15T00:00:00.000Z,15.1,63.3,36.1,28.75,41.15,8.609,641
2023-05-16T00:00:00.000Z,16.5,184.2,40.4,32.45,47.8,18.644,681
2023-05-17T00:00:00.000Z,4.2,307.7,40.4,19.75,57.3,49.179,660
2023-05-18T00:00:00.000Z,5,358.2,126.9,57.9,190.9,75.083,611
2023-05-19T00:00:00.000Z,7.1,471,67.9,21.65,165.35,90.363,680
2023-05-20T00:00:00.000Z,19,251.9,74.3,51.4,149.4,54.884,687
2023-05-21T00:00:00.000Z,6.9,249.6,40.6,32.25,51.85,34.293,668
2023-05-22T00:00:00.000Z,13.7,276.3,53.3,40.2,136.5,66.889,596
2023-05-23T00:00:00.000Z,12.1,202.5,33.5,23,49.4,27.11,335
2023-05-24T00:00:00.000Z,1.3,418.4,32,22,51.7,60.267,651
2023-05-25T00:00:00.000Z,15.5,444,47.45,36.7,102.3,103.864,672
2023-05-26T00:00:00.000Z,8.8,378.4,55.9,41.2,88,49.567,629
2023-05-27T00:00:00.000Z,1.4,422.1,26.1,9.69,143.6,111.795,443
2023-05-28T00:00:00.000Z,36.3,521,226.75,120.75,345,129.472,492
2023-05-29T00:00:00.000Z,25.1,513.5,144.55,58.8,260.7,115.591,314
2023-05-30T00:00:00.000Z,47.6,603.1,174.5,111.8,261.5,108.312,658
2023-05-31T00:00:00.000Z,22.4,474.4,51.9,44.6,59.95,61.447,620
2023-06-01T00:00:00.000Z,18.3,505.7,63.4,48.1,195.3,125.119,663
2023-06-02T00:00:00.000Z,8.6,299.2,53.2,43.85,80.9,48.473,665
2023-06-03T00:00:00.000Z,6.2,191,31.8,22.9,53.8,36.207,676
2023-06-04T00:00:00.000Z,13.6,513.2,119,76.59,221.85,91.178,664
2023-06-05T00:00:00.000Z,45,495.2,196.3,121.05,262.1,93.388,641
2023-06-06T00:00:00.000Z,5.1,462.2,46.05,22.7,172.5,128.674,670
2023-06-07T00:00:00.000Z,17,433.2,134.4,90.7,205.85,85.132,677
2023-06-08T00:00:00.000Z,0.2,170.2,31.9,15.15,44.85,19.992,657
2023-06-09T00:00:00.000Z,17.2,323,79.8,51.4,150.05,61.376,605
2023-06-10T00:00:00.000Z,33,413.5,99.2,62.25,170.6,80.281,429
2023-06-11T00:00:00.000Z,3.2,152.7,32.6,19.1,47.7,23.629,619
2023-06-12T00:00:00.000Z,2.5,90.1,25.15,13.8,36.4,16.113,644
2023-06-13T00:00:00.000Z,22.8,503.7,126.1,67.25,220.5,110.992,681
2023-06-14T00:00:00.000Z,20,601.1,216.2,73.95,369,156.794,697
2023-06-15T00:00:00.000Z,17.3,255.8,72.2,43.6,107.85,51.116,673
2023-06-16T00:00:00.000Z,4.6,130.3,35.6,22.55,46.7,23.597,669
2023-06-17T00:00:00.000Z,41.4,461.6,124.3,78.5,199.3,83.143,655
2023-06-18T00:00:00.000Z,22,729,240.6,167.85,343.85,129.009,653
2023-06-19T00:00:00.000Z,57.1,525.1,281.5,217.9,378.8,100.304,646
2023-06-20T00:00:00.000Z,61.1,625.3,243,175.5,327.39,113.892,621
2023-06-21T00:00:00.000Z,28.7,423.3,74,51.55,134.19,99.175,692
2023-06-22T00:00:00.000Z,0.6,372,36.6,15,47.9,52.496,639
2023-06-23T00:00:00.000Z,19,409.7,86.4,56.95,129.75,71.066,660
2023-06-24T00:00:00.000Z,13.6,366,99.1,57.1,181.7,82.911,663
2023-06-25T00:00:00.000Z,4,494.7,34.9,19,86.1,87.918,679
2023-06-26T00:00:00.000Z,25.7,451.6,87.85,53.5,154.2,91.134,634
2023-06-27T00:00:00.000Z,11.4,501,75.8,45.1,143.8,80.189,662
2023-06-28T00:00:00.000Z,25.7,450.4,191.6,74.05,266.1,106.155,613
2023-06-29T00:00:00.000Z,37.2,504.6,115.2,86.3,283.7,121.75,549
2023-07-28T00:00:00.000Z,25.6,396.8,147.85,61.75,261.7,103.348,276
2023-07-29T00:00:00.000Z,47.5,544.9,157.5,103.65,332.35,137.763,688
2023-07-30T00:00:00.000Z,10.4,525,223.9,64,300.2,142.062,619
2023-07-31T00:00:00.000Z,7.6,422,73.5,37.9,255.7,119.009,623
2023-08-01T00:00:00.000Z,11.5,434.6,45.7,36.1,65.34,68.726,668
2023-08-02T00:00:00.000Z,3.6,464.3,29.4,19.7,44.1,92.241,678
2023-08-03T00:00:00.000Z,1.2,101.9,24.9,12,38.4,16.507,678
2023-08-04T00:00:00.000Z,4.5,74.7,27.3,15.9,36.6,13.389,687
2023-08-05T00:00:00.000Z,24.7,331,113.7,58.7,165.6,66.406,670
2023-08-06T00:00:00.000Z,30.4,361.5,151.1,89.3,205.3,73.561,646
2023-08-07T00:00:00.000Z,26,656.2,215.15,107.4,314.1,143.225,630
2023-08-08T00:00:00.000Z,49.1,504.2,167.6,96.1,260.7,103.095,683
2023-08-09T00:00:00.000Z,24.5,556.7,85.1,56.8,287.8,135.589,683
2023-08-10T00:00:00.000Z,6,247.8,39.1,26.4,69.4,47.539,677
2023-08-11T00:00:00.000Z,5.4,354.7,100.45,51,161.35,76.531,704
2023-08-12T00:00:00.000Z,7.3,345.2,50.6,32.1,85.5,49.104,646
2023-08-13T00:00:00.000Z,4.8,348.8,107.15,42.2,172.2,83.143,702
2023-08-14T00:00:00.000Z,32.2,427.4,168.7,82.9,226.6,93.356,651
2023-08-15T00:00:00.000Z,34.1,550.7,54.2,44.25,159.55,134.971,669
2023-08-16T00:00:00.000Z,12.5,324.2,49.6,39.5,82.3,55.955,658
2023-08-17T00:00:00.000Z,9.7,333.6,51.4,37.79,76.4,41.977,673
2023-08-18T00:00:00.000Z,15.7,321.2,67.2,38.5,128.19,61.254,657
2023-08-19T00:00:00.000Z,6.6,243.2,47.1,32.85,64.2,34.755,629
2023-08-20T00:00:00.000Z,8.5,354.7,54.4,32.65,127.25,71.123,649
2023-08-21T00:00:00.000Z,5.1,380.2,52.65,30.5,143,89.063,618
2023-08-22T00:00:00.000Z,3.4,462.2,39.45,18.8,115.1,77.761,594
2023-08-23T00:00:00.000Z,2.3,434.9,80.9,45.2,193.3,94.225,634
2023-08-24T00:00:00.000Z,18.2,348.7,83.1,49.2,140.3,63.272,574
2023-08-25T00:00:00.000Z,10.6,404.7,174.8,68.15,221.7,89.81,641
2023-08-26T00:00:00.000Z,7,564.9,160.4,75.95,281.5,133.883,613
2023-08-27T00:00:00.000Z,14.7,605.6,129.8,50.9,284.1,137.908,687
2023-08-28T00:00:00.000Z,7.1,530.6,44.5,21.3,85.3,83.909,663
2023-08-29T00:00:00.000Z,14.2,333.3,79.1,51.3,126.95,55.412,692
2023-08-30T00:00:00.000Z,5.7,213.4,45.3,34.5,70.09,31.338,635
2023-08-31T00:00:00.000Z,28.3,514,123.5,78.7,190.45,87.818,697
2023-09-01T00:00:00.000Z,21.2,551.7,85.2,55.1,122.5,87.013,619
2023-09-02T00:00:00.000Z,22.8,465.6,110.7,63.15,174.9,74.987,681
2023-09-03T00:00:00.000Z,7.6,194.5,39.2,24.8,56.85,34.329,661
2023-09-04T00:00:00.000Z,3.2,345.4,50.85,30.05,91.15,49.1,668
2023-09-05T00:00:00.000Z,19.9,246.8,50.2,42.7,63.1,32.967,666
2023-09-06T00:00:00.000Z,5.4,284.6,59.25,34.7,106.3,54.87,674
2023-09-07T00:00:00.000Z,6.9,292.4,32.5,22.65,43.2,26.024,653
2023-09-08T00:00:00.000Z,7.7,315.5,58.9,29.7,130.65,70.587,668
2023-09-09T00:00:00.000Z,2.7,388.5,31.9,15.7,50.2,78.622,644
2023-09-10T00:00:00.000Z,10,289,34.29,17.64,48.55,41.269,637
2023-09-11T00:00:00.000Z,9.8,318.3,58,38.4,114,63.183,687
2023-09-12T00:00:00.000Z,5.8,462.1,76.5,39.6,175.85,100.933,640
2023-09-13T00:00:00.000Z,23.1,321.9,48.25,37.9,81.55,44.254,680
2023-09-14T00:00:00.000Z,0.8,57.6,24.3,14.8,31.15,11.11,628
2023-09-15T00:00:00.000Z,4.9,146.5,20.39,11.1,50.8,26.23,654
2023-09-16T00:00:00.000Z,4.1,178.3,37.1,21.6,58.3,31.16,686
2023-09-17T00:00:00.000Z,6.5,323,53.4,30.5,92.3,51.45,673
2023-09-18T00:00:00.000Z,2.9,184,27.7,18.5,44.8,27.228,663
2023-09-19T00:00:00.000Z,3.8,138.6,28.4,16,38.65,19.189,673
2023-09-20T00:00:00.000Z,10.6,181.4,40.04,26.7,55.95,31.742,624
2023-09-21T00:00:00.000Z,12,80.4,35.7,27.45,41.45,10.583,657
2023-09-22T00:00:00.000Z,2.8,90.8,32.79,14.1,41.2,16.143,670
2023-09-23T00:00:00.000Z,3.7,116.2,22.05,11.65,36.4,18.998,648
2023-09-24T00:00:00.000Z,4.3,190.8,29.75,14.4,46.3,26.731,670
2023-09-25T00:00:00.000Z,10.2,213.4,59.6,40.04,87.3,37.787,632
2023-09-26T00:00:00.000Z,5.6,307.5,43.2,29.05,63.45,54.374,693
2023-09-27T00:00:00.000Z,1.6,153.9,43.5,23.2,55.7,26.514,636
2023-09-28T00:00:00.000Z,0.5,169.9,19.1,12.2,30.7,18.774,669
2023-09-29T00:00:00.000Z,1.2,99.3,10.8,6,17.1,13.71,687
2023-09-30T00:00:00.000Z,3.1,183,51.9,11.8,86.4,46.272,671
2023-10-01T00:00:00.000Z,6.9,98.9,34.15,21.7,44.7,17.163,638
2023-10-02T00:00:00.000Z,8.5,142.8,46.6,27.5,58.15,26.669,669
2023-10-03T00:00:00.000Z,1.6,224.6,23.5,10.3,35.29,23.62,677
2023-10-04T00:00:00.000Z,1.9,288.2,24.8,15.6,44.3,55.108,621
2023-10-05T00:00:00.000Z,0.7,204.5,35.7,14.2,48,30.238,655
2023-10-06T00:00:00.000Z,6.9,222.6,45.75,34.79,60.8,30.327,686
2023-10-07T00:00:00.000Z,5.2,227.7,29.9,17.39,58.9,40.49,667
2023-10-08T00:00:00.000Z,2.5,143.4,28.65,13.05,46.9,25.47,660
2023-10-09T00:00:00.000Z,1.9,175.4,19.39,12,29.6,17.713,674
2023-10-10T00:00:00.000Z,1,127.1,20.25,12.55,32.85,16.082,692
2023-10-11T00:00:00.000Z,0.5,113.8,12.85,6.9,23.15,14.739,692
2023-10-12T00:00:00.000Z,1.5,69.5,11.2,5.9,17.8,9.069,692
2023-10-13T00:00:00.000Z,1.3,67.3,11.7,6.2,23,12.26,630
2023-10-14T00:00:00.000Z,0.4,59.6,9.15,4.8,18.35,10.872,648
2023-10-15T00:00:00.000Z,1.7,72.9,12.6,6.85,23.6,12.451,656
2023-10-16T00:00:00.000Z,0.6,98.7,11.3,6.7,19.39,13.674,683
2023-10-17T00:00:00.000Z,0.6,171.9,5.5,3.6,8.4,11.892,632
2023-10-18T00:00:00.000Z,6.5,83.4,17.2,12.8,25,11.642,631
2023-10-19T00:00:00.000Z,7.6,76.3,20.45,15,27.95,14.092,624
2023-10-20T00:00:00.000Z,1.7,69.8,13.4,7.5,20.2,9.952,610
2023-10-21T00:00:00.000Z,1.1,45.5,5.09,3.6,8.4,6.802,638
2023-10-22T00:00:00.000Z,0.8,35.3,4.9,3.9,7.3,3.868,597
2023-10-23T00:00:00.000Z,2.2,49.1,5.2,4.2,8,4.247,651
2023-10-24T00:00:00.000Z,2.4,48.8,8.4,6.5,12,4.934,656
2023-10-25T00:00:00.000Z,1.8,78.2,6.6,4.4,13,10.096,655
2023-10-26T00:00:00.000Z,0.7,33.3,3.9,2.2,7.2,4.475,663
2023-10-27T00:00:00.000Z,6.8,91.4,17,12.4,22.8,9.632,666
2023-10-28T00:00:00.000Z,0.4,176,10.9,5.1,18.8,18.392,631
2023-10-29T00:00:00.000Z,1.9,217.3,30.85,20.2,50.05,28.775,676
2023-10-30T00:00:00.000Z,2.9,278.1,46.2,15.4,81.5,44.582,673
2023-10-31T00:00:00.000Z,0.4,86,15.75,7.4,36.1,18.394,666
2023-11-01T00:00:00.000Z,2.9,97.2,29.75,16.1,39.85,16.11,652
2023-11-02T00:00:00.000Z,1.7,219.6,27.7,11.4,64.09,46.042,636
2023-11-03T00:00:00.000Z,1.5,179,15,7.6,32.85,26.743,693
2023-11-04T00:00:00.000Z,0.6,34.6,6.6,3.8,10.5,5.039,602
2023-11-05T00:00:00.000Z,1.6,112.6,8.6,4.5,19.6,15.393,643
2023-11-06T00:00:00.000Z,1.2,135.6,34,17.6,48,22.322,631
2023-11-07T00:00:00.000Z,0.4,50.8,10.6,6.4,17.3,8.563,660
2023-11-08T00:00:00.000Z,0.3,42.6,5.09,3,9.19,6.759,664
2023-11-09T00:00:00.000Z,0.2,39,2.95,1.3,6.55,5.387,568
2023-11-10T00:00:00.000Z,1.2,49.4,6,4.4,12.25,6.924,652
2023-11-11T00:00:00.000Z,0.9,14.7,4,2.9,5.65,2.4,229
2023-11-13T00:00:00.000Z,0.3,111.1,16.5,7,31.9,15.425,611
2023-11-14T00:00:00.000Z,0.4,86.9,9.6,4.3,19.75,13.362,656
2023-11-15T00:00:00.000Z,0.8,43.2,7.2,5,10.1,6.629,193