# Sensor S4_LSR, Rancagua, Chile (Purple Air/158157)
# https://aqicn.org/station/@368278/
# Daily pm25
date,min,max,median,q1,q3,stdev,count
2023-01-12T00:00:00.000Z,3.2,6,4.3,3.9,4.7,0.567,195
2023-01-13T00:00:00.000Z,2.5,21.3,7.3,5,10.2,3.913,638
2023-01-14T00:00:00.000Z,1.9,25.8,5.8,4.7,6.8,2.303,641
2023-01-15T00:00:00.000Z,4.5,19.1,9.3,8.3,10,1.964,646
2023-01-16T00:00:00.000Z,10.7,32.5,25.2,18.1,28,6.063,663
2023-01-17T00:00:00.000Z,8.8,20.8,12.6,10.5,15,2.92,647
2023-01-18T00:00:00.000Z,4.7,18.6,9.1,7.5,11.3,2.856,586
2023-01-19T00:00:00.000Z,6.8,30.3,14.7,10.6,22.4,6.425,672
2023-01-20T00:00:00.000Z,8,36,15.5,11.8,21.6,6.909,662
2023-01-21T00:00:00.000Z,5.9,42,10.6,8.9,18,5.744,653
2023-01-22T00:00:00.000Z,3.8,96.9,12.5,9,19.8,12.397,678
2023-01-23T00:00:00.000Z,4,34.6,11.2,8.25,16.25,6.553,332
2023-01-24T00:00:00.000Z,9.5,12.8,10.15,9.8,10.9,0.952,10
2023-01-25T00:00:00.000Z,4.4,37.3,8.3,6.8,12.6,5.581,649
2023-01-26T00:00:00.000Z,4.3,48.7,8.19,6.6,10.25,5.468,645
2023-01-27T00:00:00.000Z,3.8,86.1,7,5.8,10.19,8.597,641
2023-01-28T00:00:00.000Z,2.8,29.7,6.1,4.9,7.7,2.647,627
2023-01-29T00:00:00.000Z,3.4,24.1,10.4,8.6,12.7,3.922,649
2023-01-30T00:00:00.000Z,4.2,20.7,12.9,8.4,15,3.723,653
2023-01-31T00:00:00.000Z,4.4,39.5,10.5,7.3,12.5,4.384,618
2023-02-01T00:00:00.000Z,6.3,33.3,14.1,9,19.7,5.82,594
2023-07-25T00:00:00.000Z,16.1,48.8,31.2,20.7,39.5,9.878,162
2023-07-26T00:00:00.000Z,25.9,158,42.2,38.45,49.2,19.735,604
2023-07-27T00:00:00.000Z,10.6,175.5,62.5,40,87.55,34.009,617
2023-07-28T00:00:00.000Z,20.9,194,54.2,38.4,63.4,23.053,638
2023-07-29T00:00:00.000Z,19.9,195.6,65.3,44.45,104.95,37.424,653
2023-07-30T00:00:00.000Z,44.4,211.1,82.6,52.6,101.3,32.817,652
2023-07-31T00:00:00.000Z,12.5,239.3,45.8,38.7,85.15,50.101,652
2023-08-01T00:00:00.000Z,7.2,91.2,48.9,25.3,55.55,18.11,661
2023-08-02T00:00:00.000Z,7.3,55.7,44.7,40.7,47.9,12.941,586
2023-08-03T00:00:00.000Z,15,189.6,54.6,48.9,82.75,25.148,457
2023-08-04T00:00:00.000Z,8.8,194.2,71,46,102.8,39.508,555
2023-08-05T00:00:00.000Z,49.1,133.5,67.4,60.2,76.09,14.85,139
2023-08-06T00:00:00.000Z,24.6,89.3,40,29,52.6,15.91,71
2023-08-07T00:00:00.000Z,30.4,62.4,45.1,41.2,48.65,4.82,141
2023-08-08T00:00:00.000Z,17.6,126.7,56.4,44.2,71.4,24.163,597
2023-08-09T00:00:00.000Z,51,213,89.6,77.45,102,20.845,580
2023-08-10T00:00:00.000Z,3.2,115.6,26.8,11,45.4,19.946,291
2023-08-11T00:00:00.000Z,8.8,48.8,34.6,25,43.5,11.885,59
2023-08-12T00:00:00.000Z,3.4,76.3,36.6,25.25,42.7,14.101,617
2023-08-13T00:00:00.000Z,2.2,140.1,44.9,25.5,52.2,20.07,603
2023-08-14T00:00:00.000Z,11,82.1,35.4,20.8,46.15,15.84,661
2023-08-15T00:00:00.000Z,28.3,55.2,41.9,36.4,45.9,5.767,667
2023-08-16T00:00:00.000Z,19.4,64.8,40.9,37.6,43.9,6.361,571
2023-08-17T00:00:00.000Z,2.9,115.6,31.8,14.9,49.1,23.419,531
2023-08-18T00:00:00.000Z,20.9,109.6,36.79,29.9,43.6,13.514,343
2023-08-19T00:00:00.000Z,1.1,214.6,44.8,17.85,70.15,47.413,389
2023-08-20T00:00:00.000Z,0.1,30.2,6.65,0.75,13.85,8.216,280
2023-08-21T00:00:00.000Z,0.9,19.3,4.4,2.2,8.1,3.843,385
2023-08-22T00:00:00.000Z,0,34.5,3.6,1.8,5.6,4.864,536
2023-08-23T00:00:00.000Z,0,129.4,11.7,5.2,17.7,13.821,637
2023-08-24T00:00:00.000Z,4.8,122.2,18.9,11,35.9,24.125,642
2023-08-25T00:00:00.000Z,7.4,124.5,19,14.9,26.8,12.392,639
2023-08-26T00:00:00.000Z,6.7,64.2,35.6,16.95,45.85,15.26,645
2023-08-27T00:00:00.000Z,8.2,149.2,25.8,20,34.4,14.368,623
2023-08-28T00:00:00.000Z,4.8,112.8,33.04,24,42.8,15.97,650
2023-08-29T00:00:00.000Z,4.6,143,36.9,10.1,56.5,25.936,583
2023-08-30T00:00:00.000Z,4.6,51.1,17,11,30.6,12.561,631
2023-08-31T00:00:00.000Z,5.1,98.1,25.5,18.85,37.25,13.679,657
2023-09-01T00:00:00.000Z,15.9,77.6,40.4,36.9,44.4,6.268,623
2023-09-02T00:00:00.000Z,2.9,140.6,45.8,28,51,18.009,653
2023-09-03T00:00:00.000Z,21.5,105.3,41.3,28.6,45,10.259,632
2023-09-04T00:00:00.000Z,2.6,116.5,32.2,14.45,38.45,14.351,577
2023-09-05T00:00:00.000Z,16.7,133.2,54.5,44.5,68.09,17.36,641
2023-09-06T00:00:00.000Z,2.4,93.9,33.2,7.8,52.2,23.08,551
2023-09-07T00:00:00.000Z,12.8,106.8,35.7,21.8,48.1,19.336,614
2023-09-08T00:00:00.000Z,14.4,147.6,29,24.3,36.1,13.836,629
2023-09-09T00:00:00.000Z,10.1,104.2,43,37,58.75,17.508,672
2023-09-10T00:00:00.000Z,16.9,131.6,47.2,37.7,55.05,23.224,669
2023-09-18T00:00:00.000Z,10.1,67.2,29.9,23.3,34.29,8.425,171
2023-09-19T00:00:00.000Z,27.8,92.5,46.7,38.6,69.2,17.536,155
2023-09-20T00:00:00.000Z,34.2,221.7,37.29,36,41.8,25.324,139
2023-09-21T00:00:00.000Z,10.8,49,30.3,16.39,42.15,12.639,257
2023-09-22T00:00:00.000Z,7.4,201.1,32.2,19.95,40.75,15.147,605
2023-09-23T00:00:00.000Z,31.9,151.8,51.35,47.55,55.8,10.738,624
2023-09-24T00:00:00.000Z,9.6,47,27.2,19.5,34.2,9.322,674
2023-09-25T00:00:00.000Z,2.4,92.4,20.9,11.8,29.7,13.922,500
2023-09-26T00:00:00.000Z,0.9,17.8,5.6,3,8,3.641,637
2023-09-27T00:00:00.000Z,6.5,93.4,18.2,14.5,22.95,8.623,641
2023-09-28T00:00:00.000Z,13.1,51.3,29.1,22.2,34,7.559,627
2023-09-29T00:00:00.000Z,11,200.8,32,16.6,42.9,17.713,536
2023-09-30T00:00:00.000Z,8.3,40,16.5,13.8,21.5,5.885,571
2023-10-01T00:00:00.000Z,17,56.2,36.8,33.9,39.79,5.169,619
2023-10-02T00:00:00.000Z,12.7,40.5,22.5,20,26,4.989,654
2023-10-03T00:00:00.000Z,11.9,107,21.8,17.25,26,11.453,629
2023-10-04T00:00:00.000Z,8.4,66.2,18.6,15,24.5,8.741,572
2023-10-05T00:00:00.000Z,8.5,109.4,20.6,16.89,23.5,8.865,606
2023-10-06T00:00:00.000Z,6.4,38.5,13,10.19,21.8,7.935,557
2023-10-07T00:00:00.000Z,3.2,40.7,18.95,8.19,29.4,10.932,610
2023-10-08T00:00:00.000Z,3.5,78.8,11.3,7.9,20.14,9.049,636
2023-10-09T00:00:00.000Z,5.9,52.7,12.6,9,17.85,8.147,665
2023-10-10T00:00:00.000Z,8.1,65.9,16.6,14,21.45,6.755,632
2023-10-11T00:00:00.000Z,9,41.2,17.89,14.15,22.65,7.706,648
2023-10-12T00:00:00.000Z,6.5,82.7,16.1,12,22,8.366,535
2023-10-13T00:00:00.000Z,7.7,49.7,12.8,11.4,15.3,5.348,643
2023-10-14T00:00:00.000Z,5.8,49.4,15.45,12.6,20.2,8.488,630
2023-10-15T00:00:00.000Z,5.7,71.7,10.35,8.19,13.7,6.356,644
2023-10-16T00:00:00.000Z,5.2,22,10.3,8.6,12.7,3.199,614
2023-10-17T00:00:00.000Z,6.7,51,13.5,11.25,19.25,6.853,625
2023-10-18T00:00:00.000Z,6.7,36.8,14.1,11.1,18,5.062,622
2023-10-19T00:00:00.000Z,5.5,40.7,16.2,10.8,24.3,8.151,539
2023-10-20T00:00:00.000Z,12.4,44.2,23,17.39,30.3,7.369,609
2023-10-21T00:00:00.000Z,29.5,46.6,37.65,34.85,40.79,3.872,452
2023-10-22T00:00:00.000Z,41.4,57.6,45.9,44.4,47.3,2.406,294
2023-10-23T00:00:00.000Z,21.2,44.5,34.25,29,39.5,6.069,410
2023-10-24T00:00:00.000Z,10.3,37,23.4,18.9,28.2,6.182,587
2023-10-25T00:00:00.000Z,11,90.7,18.8,16.1,23.55,8.509,645
2023-10-26T00:00:00.000Z,10.4,54,20.1,16.3,30.4,8.368,651
2023-10-27T00:00:00.000Z,9.4,37.5,20.6,13.7,28,7.364,632
2023-10-28T00:00:00.000Z,4.3,97,26.4,14.9,40.15,15.287,653
2023-10-29T00:00:00.000Z,1.1,24.5,4.84,3.4,6.8,4.102,574
2023-10-30T00:00:00.000Z,3,29.3,13.1,6.6,20,6.941,561
2023-10-31T00:00:00.000Z,6.6,54.3,24,13.05,32.5,9.879,497
2023-11-01T00:00:00.000Z,3.7,76.5,10.05,7.25,13.15,7.144,584
2023-11-02T00:00:00.000Z,0.6,41.5,11,4.4,16.85,9.43,529
2023-11-03T00:00:00.000Z,2.7,41.1,5.2,4,8.5,5.161,510
2023-11-04T00:00:00.000Z,5.1,55.3,15.5,13.7,19.89,6.963,587
2023-11-05T00:00:00.000Z,9.6,46.1,16.5,13.4,24.9,7.166,591
2023-11-06T00:00:00.000Z,16.6,84,29.5,23.5,34.6,8.685,323
2023-11-08T00:00:00.000Z,3.8,10.8,8.7,6.7,10.55,2.397,13
2023-11-09T00:00:00.000Z,4.8,36,9.6,8.5,13,5.734,63
2023-11-10T00:00:00.000Z,2.7,52,15.5,8.1,25.6,10.228,332
2023-11-11T00:00:00.000Z,8.3,68.8,33.8,26.45,38.9,9.636,393
2023-11-12T00:00:00.000Z,21,33.5,24.9,22.8,26.8,3.111,26
2023-11-13T00:00:00.000Z,5.2,17.7,12.8,6.5,15.8,4.326,35
2023-11-14T00:00:00.000Z,3.4,15.7,8.75,7.3,11.6,2.615,372
2023-11-15T00:00:00.000Z,3.9,45.8,6.2,5.2,10,4.745,344