# Sensor S2_SPP_out, San Pedro de la Paz, Chile (Purple Air/99885)
# https://aqicn.org/station/@210793/
# Daily pm25
date,min,max,median,q1,q3,stdev,count
2021-09-07T00:00:00.000Z,2.3,159.1,24.3,11.35,35.35,22.369,329
2021-09-08T00:00:00.000Z,5.3,370.2,53.1,34.7,114,83.022,610
2021-09-09T00:00:00.000Z,3.7,560.2,45.9,35.1,58.55,31.056,605
2021-09-10T00:00:00.000Z,15.2,495.3,57.25,38.2,84.75,57.338,612
2021-09-11T00:00:00.000Z,1.2,241.3,18,12.1,27.6,19.847,645
2021-09-12T00:00:00.000Z,0.7,161.9,22.6,9.25,31.9,18.83,628
2021-09-13T00:00:00.000Z,4.4,292,24.7,15.45,37.7,29.966,596
2021-09-14T00:00:00.000Z,2.3,283.4,51.15,29.5,93.9,48.916,632
2021-09-15T00:00:00.000Z,1.6,280.4,31.2,20.95,40.9,22.532,645
2021-09-16T00:00:00.000Z,3.5,152.2,44.5,24.75,62.5,25.18,625
2021-09-17T00:00:00.000Z,0.8,241.4,26.4,12.1,37.5,25.611,631
2021-09-18T00:00:00.000Z,4.4,238.7,33.29,16.3,42.2,23.499,627
2021-09-19T00:00:00.000Z,2.2,315.7,22.4,15.6,34.5,29.63,613
2021-09-20T00:00:00.000Z,3.2,84.6,34.5,13.6,42.4,17.032,620
2021-09-21T00:00:00.000Z,10.4,107.9,26.2,17.89,36.1,14.234,627
2021-09-22T00:00:00.000Z,0.7,255.5,12.8,8.1,24,23.62,591
2021-09-23T00:00:00.000Z,7.6,212.5,36.79,25.55,48.4,27.432,616
2021-09-24T00:00:00.000Z,2.5,141,41.3,12.75,57.5,27.717,589
2021-09-25T00:00:00.000Z,0.9,271.4,13.65,5.3,36.7,41.096,608
2021-09-26T00:00:00.000Z,2.9,654.8,24.75,11.9,47.2,52.087,582
2021-09-27T00:00:00.000Z,2.6,103.6,24.8,13.4,38.65,16.567,617
2021-09-28T00:00:00.000Z,1.2,381.2,34.6,16.3,46.85,39.398,585
2021-09-29T00:00:00.000Z,0.1,334.2,39.6,14.9,49.4,35.096,607
2021-09-30T00:00:00.000Z,0,738.7,25.4,6.7,52.5,65.172,607
2021-10-01T00:00:00.000Z,1.7,241.1,28.7,17.6,47.55,29.584,625
2021-10-02T00:00:00.000Z,1,390.5,20.8,10.4,33.2,22.639,611
2021-10-03T00:00:00.000Z,1.8,471.1,25.65,10.75,42.55,26.144,604
2021-10-04T00:00:00.000Z,2.5,170.7,23,13.75,32.2,17.478,604
2021-10-05T00:00:00.000Z,2.4,490.3,25.6,14,35.45,31.893,608
2021-10-06T00:00:00.000Z,1.8,222.6,20.9,8.4,34.65,20.834,601
2021-10-07T00:00:00.000Z,5.4,218.9,35.3,13,60,28.66,614
2021-10-08T00:00:00.000Z,1.3,89,10.9,5.45,25.2,14.573,585
2021-10-09T00:00:00.000Z,9.1,110.8,26.1,17.39,38.4,12.75,601
2021-10-10T00:00:00.000Z,6.7,107.7,15.3,10.4,22.4,12.905,623
2021-10-11T00:00:00.000Z,4.7,201,38.9,17.3,48.9,32.719,607
2021-10-12T00:00:00.000Z,1.4,104.2,11.65,8,20.7,18.804,608
2021-10-13T00:00:00.000Z,0.2,81.1,10.3,6.6,17.64,10.561,589
2021-10-14T00:00:00.000Z,0,59.3,4.9,1.9,22.15,12.728,604
2021-10-15T00:00:00.000Z,1.3,223.1,25.5,10.5,39,20.102,621
2021-10-16T00:00:00.000Z,0.6,170.6,16.1,7.55,25.45,14.209,600
2021-10-17T00:00:00.000Z,1.9,472.8,22.1,9.69,34,30.171,546
2021-10-18T00:00:00.000Z,2.6,131.2,18.6,7.35,30.25,15.454,561
2021-10-19T00:00:00.000Z,3.9,231.7,17.6,10.6,43.15,31.414,617
2021-10-20T00:00:00.000Z,1,1283.6,13.55,8.69,21.5,71.665,604
2021-10-21T00:00:00.000Z,0.3,305.7,10.55,4.3,32.79,23.746,590
2021-10-22T00:00:00.000Z,0.7,116.4,8.3,4,17.2,10.81,598
2021-10-23T00:00:00.000Z,1.1,80.4,9.15,5.6,15.45,8.161,596
2021-10-24T00:00:00.000Z,0.4,177.9,15,4.45,23.55,16.701,609
2021-10-25T00:00:00.000Z,1.6,56.6,9.9,5.55,13.5,7.587,612
2021-10-26T00:00:00.000Z,1.7,36.7,11.1,6.2,15.85,7.558,589
2021-10-27T00:00:00.000Z,2,46.7,9.65,5.2,17,8.522,600
2021-10-28T00:00:00.000Z,3.3,461.1,17.1,7.8,29.6,44.699,629
2021-10-29T00:00:00.000Z,3,116.3,15.5,8.5,23.9,13.205,618
2021-10-30T00:00:00.000Z,3.2,42.3,8.5,6.5,11.45,5.145,600
2021-10-31T00:00:00.000Z,3.2,144.6,9.8,7.15,15.45,10.493,628
2021-11-01T00:00:00.000Z,4.1,138.3,11.8,8.8,18.39,13.724,616
2021-11-02T00:00:00.000Z,0.7,263.6,12.7,5.1,20.6,30.98,580
2021-11-03T00:00:00.000Z,0,195.1,10.1,3.8,23.15,19.272,597
2021-11-04T00:00:00.000Z,0.4,76.7,6.8,3.1,21.5,13.538,591
2021-11-05T00:00:00.000Z,2,77.9,9.5,5.8,13.4,8.447,593
2021-11-06T00:00:00.000Z,5.4,104.8,19.8,12.4,29.8,12.591,603
2022-02-01T00:00:00.000Z,2.4,48.5,17,9,22.2,8.581,411
2022-02-02T00:00:00.000Z,7.4,62.3,19.3,12.55,24.6,8.337,616
2022-02-03T00:00:00.000Z,1.7,61.8,12.7,3.9,15.9,8.203,605
2022-02-04T00:00:00.000Z,0.1,252.9,4.7,1.2,9.19,13.451,603
2022-02-05T00:00:00.000Z,1.8,738.5,7.6,3.6,13.2,34.074,595
2022-02-06T00:00:00.000Z,2.9,386.8,11.7,6.8,23.45,23.503,625
2022-02-07T00:00:00.000Z,2.6,30.6,9.6,5.7,13.7,5.158,595
2022-02-08T00:00:00.000Z,2.3,1027.8,23.6,4.5,29.2,53.461,604
2022-02-09T00:00:00.000Z,2.9,37.9,5.9,4.59,8.8,5.182,600
2022-02-10T00:00:00.000Z,4.2,475.2,16.8,9.1,21.7,29.994,610
2022-02-11T00:00:00.000Z,6.1,64.3,38.45,21.3,44.1,14.939,610
2022-02-12T00:00:00.000Z,7.4,74.6,25.25,12.35,42.9,15.067,616
2022-02-13T00:00:00.000Z,2.2,99.2,24.05,9.19,32.3,11.995,578
2022-02-14T00:00:00.000Z,3,146.2,8.2,6.2,12.45,13.157,609
2022-02-15T00:00:00.000Z,4.3,176.6,15.1,10.9,18.6,9.815,618
2022-02-16T00:00:00.000Z,2.8,450.2,14.3,8.7,26.1,24.077,610
2022-02-17T00:00:00.000Z,1.3,91,8.6,4.8,33.9,16.106,595
2022-02-18T00:00:00.000Z,1.2,73.2,5.3,3.3,25.3,16.922,600
2022-02-19T00:00:00.000Z,0.7,52.8,15.5,4.2,22,11.128,599
2022-02-20T00:00:00.000Z,0.4,57,3.6,2.3,8.19,6.15,587
2022-02-21T00:00:00.000Z,3.2,47.6,25.8,13.9,31.5,11.134,631
2022-02-22T00:00:00.000Z,3,42.5,20.5,10.1,25,8.277,588
2022-02-23T00:00:00.000Z,0.1,53,9.25,5.2,16.2,8.429,614
2022-02-24T00:00:00.000Z,1.1,46.3,8.85,5.5,12.1,4.885,594
2022-02-25T00:00:00.000Z,2.4,63.3,22,10.05,28.35,11.119,613
2022-02-26T00:00:00.000Z,1,41,5,2.8,10.8,8.734,609
2022-02-27T00:00:00.000Z,0.2,190.8,4.8,2.2,8.5,16.142,607
2022-02-28T00:00:00.000Z,0.4,37.9,4.6,2.4,11.2,7.512,586
2022-03-01T00:00:00.000Z,1.1,79.9,5.3,3.1,9.5,5.614,595
2022-03-02T00:00:00.000Z,0.6,36.7,6.2,3.3,12.6,7.224,608
2022-03-03T00:00:00.000Z,0,47.8,4.7,2.7,7.8,4.915,613
2022-03-04T00:00:00.000Z,0.5,80.1,4.3,2.5,10.5,7.447,598
2022-03-05T00:00:00.000Z,0.4,153.7,8.8,3.95,24.3,15.222,597
2022-03-06T00:00:00.000Z,0,45.8,4,1.2,9,7.765,594
2022-03-07T00:00:00.000Z,1.1,50.6,6,2.9,9.9,6.421,593
2022-03-08T00:00:00.000Z,0.2,74,8,2.4,19,12.026,611
2022-03-09T00:00:00.000Z,0.7,65.7,5,3.2,8.3,9.281,586
2022-03-10T00:00:00.000Z,1.9,54,11.5,5.9,22.9,11.966,600
2022-03-11T00:00:00.000Z,3.5,75.5,8.9,6.5,14.95,10.818,592
2022-03-12T00:00:00.000Z,8.3,427.2,21,14.15,32.95,23.626,616
2022-03-13T00:00:00.000Z,4.2,159.1,30,15.1,38.5,17.358,609
2022-03-14T00:00:00.000Z,2.8,195.3,25.3,9.3,36,16.627,607
2022-03-15T00:00:00.000Z,6.5,265.5,33.1,18.7,40.1,22.131,606
2022-03-16T00:00:00.000Z,17.2,300.1,38.6,33.54,45.1,22.434,632
2022-03-17T00:00:00.000Z,1.6,84.3,14.3,9.9,26.5,12.621,618
2022-03-18T00:00:00.000Z,2.3,65.4,13.7,6.7,27.1,12.044,577
2022-03-19T00:00:00.000Z,4.3,208,27.5,16.85,39.15,19.477,613
2022-03-20T00:00:00.000Z,1.1,254,20.6,12.55,28.75,21.192,621
2022-03-21T00:00:00.000Z,0.6,56.5,5,2.7,8.6,5.664,564
2022-03-22T00:00:00.000Z,0.7,45.7,10.5,4.05,18.89,10.756,605
2022-03-23T00:00:00.000Z,0,71.7,4.09,1.6,7.8,6.377,589
2022-03-24T00:00:00.000Z,1.9,50.9,12.5,6.4,19.8,8.833,602
2022-03-25T00:00:00.000Z,4.3,72.5,19.5,9.3,26.9,11.594,606
2022-03-26T00:00:00.000Z,0.5,46.2,15.8,9.8,24,9.029,608
2022-03-27T00:00:00.000Z,1.8,846.8,21.15,15.3,32.25,44.823,608
2022-03-28T00:00:00.000Z,0.4,101.4,14.4,8,24.3,13.319,608
2022-03-29T00:00:00.000Z,0.9,87.6,5.2,2.6,14,11.302,609
2022-03-30T00:00:00.000Z,2.8,55.9,14.35,7.8,25.8,11.767,602
2022-03-31T00:00:00.000Z,2.5,173.5,29.3,12.35,43.25,26.357,601
2022-04-01T00:00:00.000Z,1.6,145.3,24.5,15,39.5,21.508,615
2022-04-02T00:00:00.000Z,5.5,91.5,27,19.7,33.5,10.751,626
2022-04-03T00:00:00.000Z,3.7,84.9,20,13.2,28.85,10.835,613
2022-04-04T00:00:00.000Z,3.6,99.7,22.3,12.3,30.1,12.477,609
2022-04-05T00:00:00.000Z,1.7,67.3,19.75,12.9,31.7,12.747,632
2022-04-06T00:00:00.000Z,1.7,81.1,17.1,9.9,28.1,14.936,615
2022-04-07T00:00:00.000Z,0.5,122.4,21.45,13.65,31.3,16.18,624
2022-04-08T00:00:00.000Z,5.6,457.3,28.4,20.25,36.9,24.72,621
2022-04-09T00:00:00.000Z,4.3,90.8,21.85,14.6,35.5,14.831,594
2022-04-10T00:00:00.000Z,0.9,285.5,16.39,7.2,78.2,50.745,575
2022-04-11T00:00:00.000Z,2.2,167.8,39.7,30.3,46.4,18.487,621
2022-04-12T00:00:00.000Z,2.1,249.6,33.5,12.2,49.8,30.567,603
2022-04-13T00:00:00.000Z,4.3,125,29.65,12.8,47.5,22.597,622
2022-04-14T00:00:00.000Z,11.8,150.8,44.1,30.75,57.8,35.035,624
2022-04-15T00:00:00.000Z,10.7,106.7,25.9,19.5,39.6,16.181,612
2022-04-16T00:00:00.000Z,9.3,161.4,35.4,28.95,44.95,26.202,621
2022-04-17T00:00:00.000Z,22.2,283.9,53,43.1,78.09,40.285,626
2022-04-18T00:00:00.000Z,7.9,369,45.8,35.29,150.6,95.268,622
2022-04-19T00:00:00.000Z,9.4,267.1,36.4,22.9,50.5,44.038,624
2022-04-20T00:00:00.000Z,6.9,227,38.4,32.45,48.55,22.054,629
2022-04-21T00:00:00.000Z,6.2,127.3,34.75,27.4,44.35,18.048,628
2022-04-22T00:00:00.000Z,1.2,107.9,23.3,14.4,38.9,17.944,627
2022-04-23T00:00:00.000Z,0,245.4,20.2,3.4,41.5,31.532,595
2022-04-24T00:00:00.000Z,0,252,15.8,4.4,38.6,24.488,609
2022-04-25T00:00:00.000Z,6.1,310.1,32.2,20.14,50.4,54.518,636
2022-04-26T00:00:00.000Z,0.3,326.5,13.7,5.6,33.79,43.875,619
2022-04-27T00:00:00.000Z,65.6,201.4,163.3,136.94,192.85,35.836,20
2022-04-28T00:00:00.000Z,5.5,351.2,40.9,17.45,96.55,82.041,589
2022-04-29T00:00:00.000Z,12,1150.2,61,43.5,123.4,101.094,631
2022-04-30T00:00:00.000Z,25,247.8,51.7,40.6,99.5,49.055,599
2022-05-01T00:00:00.000Z,11.6,249.7,53.7,42.25,85.2,34.195,449
2022-05-08T00:00:00.000Z,38.2,585.3,66.9,56.1,90.4,75.059,155
2022-05-09T00:00:00.000Z,6.2,203.3,35.5,20.2,71.2,38.746,619
2022-05-10T00:00:00.000Z,27.2,301.6,58.1,44.65,98.45,44.864,625
2022-05-11T00:00:00.000Z,41.3,346.7,90.3,66.9,126.9,49.145,631
2022-05-12T00:00:00.000Z,11.7,476.5,38.9,30.35,84.45,71.746,621
2022-05-13T00:00:00.000Z,9.8,512.8,50.7,32.15,98.5,102.078,613
2022-05-14T00:00:00.000Z,16.4,583.7,64.2,45.2,115.8,110.105,622
2022-05-15T00:00:00.000Z,18,732.1,100,43.9,304.39,166.992,618
2022-05-16T00:00:00.000Z,22,393.2,48,36.54,81.05,56.723,613
2022-05-17T00:00:00.000Z,37.1,427.9,58.1,49.7,72.3,27.878,594
2022-05-18T00:00:00.000Z,35.5,180.6,49.5,44.9,75.05,22.115,613
2022-05-19T00:00:00.000Z,7.9,205.6,39.2,18.2,48.5,21.761,619
2022-05-20T00:00:00.000Z,1.1,325.1,12.1,5.9,20.7,35.471,611
2022-05-21T00:00:00.000Z,11,432.9,45.2,32.15,124.2,111.612,621
2022-05-22T00:00:00.000Z,1.4,273.2,29.6,8.1,82.3,52.635,618
2022-05-23T00:00:00.000Z,9.9,357.8,78.25,45.75,169.75,77.237,624
2022-05-24T00:00:00.000Z,17.2,405,58.3,38.79,167,94.249,623
2022-05-25T00:00:00.000Z,14.9,447.3,107.4,57.4,185.9,96.83,631
2022-05-26T00:00:00.000Z,21,557.1,70.09,44.9,125.5,100.981,619
2022-05-27T00:00:00.000Z,85.6,508.9,173.6,152.8,193.5,96.471,87
2022-05-28T00:00:00.000Z,21,358.2,49.05,33.4,83.2,71.416,498
2022-05-29T00:00:00.000Z,23.9,791.4,124.65,57.95,282.7,141.573,668
2022-05-30T00:00:00.000Z,33.7,567,85.65,58.1,134.3,123.466,662
2022-05-31T00:00:00.000Z,33.7,634.8,111,58.5,276.5,160.646,659
2022-06-01T00:00:00.000Z,43,672.4,96.8,58.85,237.1,133.805,665
2022-06-02T00:00:00.000Z,17.4,219.1,68.84,45.2,101.1,36.934,654
2022-06-03T00:00:00.000Z,2.5,105.9,25.1,11.2,43.1,24.655,639
2022-06-04T00:00:00.000Z,1.3,189.3,22.35,12.5,35.8,16.592,622
2022-06-05T00:00:00.000Z,0.3,96.6,16,6.3,29.8,15.423,666
2022-06-06T00:00:00.000Z,4.8,139.5,26.2,14.45,39.15,15.538,657
2022-06-07T00:00:00.000Z,0.6,265.9,21.7,5.09,47.5,39.203,652
2022-06-08T00:00:00.000Z,3.2,298.3,38.65,24.1,78.84,52.542,660
2022-06-09T00:00:00.000Z,6.8,282.6,48.45,29.1,77,47.975,668
2022-06-10T00:00:00.000Z,30.6,635.8,92,53.95,272.6,155.684,668
2022-06-11T00:00:00.000Z,22.7,651.6,78.59,46.7,285.1,177.878,674
2022-06-12T00:00:00.000Z,7.9,380.5,41.95,33.85,57.9,36.099,664
2022-06-13T00:00:00.000Z,27.6,649.3,46.4,35.9,71.7,44.263,661
2022-06-14T00:00:00.000Z,20.8,205.7,44.8,36.79,55.7,24.625,651
2022-06-15T00:00:00.000Z,10.6,350.3,44.1,30.9,69.5,46.796,654
2022-06-16T00:00:00.000Z,16.1,530.2,50.5,39.7,178.5,158.207,671
2022-06-17T00:00:00.000Z,6.3,374.3,47.4,26.9,132.19,94.99,595
2022-06-18T00:00:00.000Z,28.2,399.1,80.7,49.55,182.15,85.054,689
2022-06-19T00:00:00.000Z,30.1,550.2,72.34,52.8,142.69,119.604,642
2022-06-20T00:00:00.000Z,31,336.2,61.7,48,92.5,43.348,662
2022-06-21T00:00:00.000Z,25.5,274.1,46.2,39.9,59.4,31.311,652
2022-06-22T00:00:00.000Z,9.9,212.5,44.6,22.7,69.84,34.567,657
2022-06-23T00:00:00.000Z,5.7,103,29.1,15.35,43.6,17.427,605
2022-06-24T00:00:00.000Z,3.1,493.6,42.75,26.7,67.59,86.522,658
2022-06-25T00:00:00.000Z,7.1,683.9,72.5,40.79,291.1,178.313,639
2022-06-26T00:00:00.000Z,26.9,911.7,60.3,43,83.5,101.016,671
2022-06-27T00:00:00.000Z,18.2,90.8,38.2,32.7,49,12.638,663
2022-06-28T00:00:00.000Z,1.7,55.7,19.7,6.75,32.2,14.601,632
2022-06-29T00:00:00.000Z,0,426.4,25,11.9,50.9,68.118,635
2022-06-30T00:00:00.000Z,7.1,402.9,48.3,34.54,152.85,94.859,624
2022-07-01T00:00:00.000Z,1.3,358,28.15,10.8,59.9,54.146,658
2022-07-02T00:00:00.000Z,5.4,324.6,42.1,22.5,99.4,63.79,651
2022-07-03T00:00:00.000Z,22.5,510.3,104.9,53.2,203.6,111.167,261
2022-07-04T00:00:00.000Z,1.8,141.4,27.6,15.2,36.2,19.439,647
2022-07-05T00:00:00.000Z,0.2,78.7,18.2,3.4,32.6,16.369,631
2022-07-06T00:00:00.000Z,1.5,428.8,23.95,8.75,46.65,66.441,668
2022-07-07T00:00:00.000Z,9.4,341.4,41.9,20.8,99.7,63.373,434
2022-07-08T00:00:00.000Z,4.2,452.4,28.2,21.25,106.75,118.666,633
2022-07-09T00:00:00.000Z,0.3,488.9,17.5,3.6,38.9,51.56,647
2022-07-10T00:00:00.000Z,12,646.2,46.6,32.29,83.9,81.505,659
2022-07-11T00:00:00.000Z,5.8,414.4,39.75,20.7,90.9,79.915,642
2022-07-12T00:00:00.000Z,0,385.4,20.2,3.3,62.7,66.17,622
2022-07-13T00:00:00.000Z,8.5,339.6,64.3,39,127.6,84.573,637
2022-07-14T00:00:00.000Z,5.3,247.7,52.4,23.3,95.8,52.51,655
2022-07-15T00:00:00.000Z,10.3,440.4,63.2,46.3,95.4,61.723,659
2022-07-16T00:00:00.000Z,19.9,712.2,56.05,39.6,150.55,104.269,644
2022-07-17T00:00:00.000Z,1,312.8,29.55,5.3,66.7,44.1,666
2022-07-18T00:00:00.000Z,12.3,638.5,59.5,38.29,210.3,141.815,648
2022-07-19T00:00:00.000Z,11.5,524.4,83.4,43.35,288.35,138.218,685
2022-07-20T00:00:00.000Z,14.1,519.8,60.4,43.4,123.4,73.872,669
2022-07-21T00:00:00.000Z,5.8,244.3,42.2,32.79,52.3,28.237,662
2022-07-22T00:00:00.000Z,0,239.3,30,10.5,53.35,33.52,665
2022-07-23T00:00:00.000Z,0,137.8,26.8,3.2,40.9,24.796,642
2022-07-24T00:00:00.000Z,0.8,102.9,25.3,11,34.4,16.331,647
2022-07-25T00:00:00.000Z,0.5,72.6,11.3,7,20.35,12.237,645
2022-07-26T00:00:00.000Z,0.5,199.5,9.69,7,14.9,14.67,666
2022-07-27T00:00:00.000Z,1.9,378.1,22.4,13.3,51.7,57.592,657
2022-07-28T00:00:00.000Z,7.2,350.8,52.9,27.4,117.5,79.239,651
2022-07-29T00:00:00.000Z,14,379.4,83,36,152.75,80.192,645
2022-07-30T00:00:00.000Z,11.8,399.2,54.05,35.85,146.05,76.385,660
2022-07-31T00:00:00.000Z,15.7,380.4,77.7,46.3,113.9,69.515,663
2022-08-01T00:00:00.000Z,14.1,388,52.7,41.25,95.75,78.476,617
2022-08-02T00:00:00.000Z,34.3,550.6,84.6,47.4,186.7,97.046,635
2022-08-03T00:00:00.000Z,16.3,511.8,81.45,51.3,170.3,93.433,656
2022-08-04T00:00:00.000Z,5.2,593.1,39.29,28.8,126.3,93.306,673
2022-08-05T00:00:00.000Z,2.6,608.6,37,17.6,158.35,121.934,637
2022-08-06T00:00:00.000Z,20.8,295.5,49.4,37,69.59,40.598,691
2022-08-07T00:00:00.000Z,4.3,623,60.7,40.15,97.6,61.466,685
2022-08-08T00:00:00.000Z,4,555.9,31.4,16.9,49.15,69.006,673
2022-08-09T00:00:00.000Z,13.5,692.4,74.84,46.3,223.8,162.209,672
2022-08-10T00:00:00.000Z,11.9,345.4,48.2,36.3,101.15,70.244,697
2022-08-11T00:00:00.000Z,6.9,581,56.1,38.7,174.15,135.536,685
2022-08-12T00:00:00.000Z,0.2,258.2,12.8,6.7,30.7,29.128,668
2022-08-13T00:00:00.000Z,1.1,60.6,15.8,7.8,26.9,12.773,675
2022-08-14T00:00:00.000Z,3.7,186.8,36,10.6,52.1,33.089,687
2022-08-15T00:00:00.000Z,0,350.4,29.3,16.2,47,31.156,679
2022-08-16T00:00:00.000Z,0.7,135.2,18.39,7.9,34.4,18.651,649
2022-08-17T00:00:00.000Z,6.5,247.4,43.25,33.6,58.4,28.66,590
2022-08-18T00:00:00.000Z,6.2,418.8,57.6,24.35,127.8,98.055,668
2022-08-19T00:00:00.000Z,25,571.7,75.5,47.1,129.69,53.119,679
2022-08-20T00:00:00.000Z,11.6,109.4,35.1,25,44.2,14.34,611
2022-08-21T00:00:00.000Z,16.9,355.1,58.9,35.9,144.35,84.763,673
2022-08-22T00:00:00.000Z,20.5,824,61,46.3,123.8,77.001,665
2022-08-23T00:00:00.000Z,0.1,409,35.9,12.35,75.45,60.748,680
2022-08-24T00:00:00.000Z,3.5,220.8,35.4,26.7,62.3,42.326,674
2022-08-25T00:00:00.000Z,7.4,432.9,41.6,21.35,89.3,88.049,660
2022-08-26T00:00:00.000Z,5.5,368.1,49.25,23.7,97.95,83.945,684
2022-08-27T00:00:00.000Z,5.8,329.2,36.85,19.95,67.65,50.234,676
2022-08-28T00:00:00.000Z,13.4,414.8,51,36,142.44,100.411,661
2022-08-29T00:00:00.000Z,15.2,567.6,49.7,33.6,210.35,144.585,665
2022-08-30T00:00:00.000Z,8.8,248,29,16.1,51.7,43.861,678
2022-08-31T00:00:00.000Z,7.7,422.4,44.2,27.3,138.6,69.567,671
2022-09-01T00:00:00.000Z,0.6,180.4,28.25,12.3,41.85,26.383,652
2022-09-02T00:00:00.000Z,11.5,131,52.3,33.45,71.45,23.083,676
2022-09-03T00:00:00.000Z,6.5,160.3,37.54,25.05,53.35,23.958,652
2022-09-04T00:00:00.000Z,17.4,428.1,42.8,37.2,53.2,31.862,682
2022-09-05T00:00:00.000Z,7.6,348.5,41.45,25.9,57.6,50.451,620
2022-09-06T00:00:00.000Z,6.4,385.5,42.7,27.7,173.5,105.916,663
2022-09-07T00:00:00.000Z,0.4,355.6,15.8,6.15,32.4,29.656,665
2022-09-08T00:00:00.000Z,7.2,366.2,39.29,27.55,52.8,38.361,645
2022-09-09T00:00:00.000Z,2.7,192.9,28.8,9.9,68.4,42.491,675
2022-09-10T00:00:00.000Z,9.9,294.4,56.3,26.6,144,69.104,655
2022-09-11T00:00:00.000Z,7.8,353.8,46.45,33.9,79.4,72.18,662
2022-09-12T00:00:00.000Z,6.5,529.7,52.9,35.5,87.5,114.052,609
2022-09-13T00:00:00.000Z,11,259.4,44.4,30.5,100.8,51.462,619
2022-09-14T00:00:00.000Z,4.9,478.4,47.8,29.9,154.75,87.11,673
2022-09-15T00:00:00.000Z,0.6,249.2,29.7,16.1,39.9,33.95,659
2022-09-16T00:00:00.000Z,0,76.1,10.8,2.29,15.55,9.79,601
2022-09-17T00:00:00.000Z,0.6,186.2,42.1,13.3,52.25,27.153,661
2022-09-18T00:00:00.000Z,5,431.2,48.05,32.35,91.4,57.861,660
2022-09-19T00:00:00.000Z,10.3,431.9,41.4,27.9,76.3,51.216,667
2022-09-20T00:00:00.000Z,0,352.9,21.2,8.85,43.95,46.405,665
2022-09-21T00:00:00.000Z,6,298.5,37.5,27.9,66.7,43.583,693
2022-09-22T00:00:00.000Z,4.5,321.4,27.8,16,49.3,42.098,650
2022-09-23T00:00:00.000Z,1.4,95.1,14.8,6.85,25.75,14.62,665
2022-09-24T00:00:00.000Z,10.2,63.8,24,17.8,29.6,8.48,400
2022-10-01T00:00:00.000Z,26.1,163.8,44.2,36.45,56,17.747,324