# Sensor Avenida Presidente Kennedy, Vitacura, Chile (Citizen Science project sensor.community/74335)
# https://aqicn.org/station/@350698/
# Daily pm10
date,min,max,median,q1,q3,stdev,count
2022-08-05T00:00:00.000Z,32.29,372.17,77.83,63.19,92.34,24.985,520
2022-08-06T00:00:00.000Z,9.55,224.07,59.4,47.42,81.78,28.934,243
2022-08-07T00:00:00.000Z,0.1,678.65,5.88,2.65,11.37,35.994,533
2022-08-08T00:00:00.000Z,2.33,54.08,16.29,7.97,27.45,11.988,540
2022-08-09T00:00:00.000Z,2.04,103.75,32.4,23.74,40.52,16.536,557
2022-08-10T00:00:00.000Z,0.4,205.3,21.9,10.18,36.63,18.836,539
2022-08-11T00:00:00.000Z,20.13,100.13,41.47,32.4,62.02,18.507,497
2022-08-12T00:00:00.000Z,28.2,72.8,47.7,41.05,53.94,9.029,437
2022-08-13T00:00:00.000Z,23.38,905.78,59.93,51.3,69.53,40.675,570
2022-08-14T00:00:00.000Z,0.85,237.93,47.05,38.04,52.55,20.896,563
2022-08-15T00:00:00.000Z,0,161.3,1.67,0.6,6.2,17.99,547
2022-08-16T00:00:00.000Z,7.05,86.3,28.25,18.39,43.4,16.242,570
2022-08-17T00:00:00.000Z,5.75,409.33,32.04,23.3,41.08,24.655,511
2022-08-18T00:00:00.000Z,19.39,87.03,47.88,34.65,60.7,14.909,528
2022-08-19T00:00:00.000Z,1.23,154.68,41.38,23.58,67.2,26.115,570
2022-08-20T00:00:00.000Z,8.48,185.25,36.9,21.07,62.73,25.345,548
2022-08-21T00:00:00.000Z,20.85,117.97,44.95,37.47,62.4,22.031,559
2022-08-22T00:00:00.000Z,22.95,397.05,58.02,39.5,91.85,31.945,478
2022-08-23T00:00:00.000Z,72.68,176.95,124.35,111.52,137.19,18.839,557
2022-08-24T00:00:00.000Z,27.35,194.9,131.16,110.9,155.69,41.156,538
2022-08-25T00:00:00.000Z,46.58,669.95,88.66,74.13,113.78,38.1,534
2022-08-26T00:00:00.000Z,41.28,156.97,77.27,62.14,104.38,25.806,560
2022-08-27T00:00:00.000Z,10.07,121.43,69.3,55.84,87.32,24.267,565
2022-08-28T00:00:00.000Z,7.43,313.64,52.53,38.03,65.34,22.554,557
2022-08-29T00:00:00.000Z,1,77.3,21.77,6.6,40.75,20.37,547
2022-08-30T00:00:00.000Z,31.05,112.38,54.45,47.03,87.78,21.702,551
2022-08-31T00:00:00.000Z,27.6,321.6,62.3,47.49,76.78,22.257,549
2022-09-01T00:00:00.000Z,31.87,151.19,53.72,43,71.5,18.153,547
2022-09-02T00:00:00.000Z,67.63,317.7,91.08,84.09,106.03,22.489,544
2022-09-03T00:00:00.000Z,4.95,161.1,40.95,26.27,61.4,26.944,534
2022-09-04T00:00:00.000Z,17.8,184.8,42.4,33.19,54.45,15.356,465
2022-09-05T00:00:00.000Z,12.23,148.38,38.74,25.73,46.67,16.122,490
2022-09-06T00:00:00.000Z,16.92,134.02,38.19,29.8,51.6,15.006,556
2022-09-07T00:00:00.000Z,5.47,117.2,23.27,16.1,46.92,17.898,541
2022-09-08T00:00:00.000Z,0.32,153.6,8.94,3.58,13.27,12.034,495
2022-09-09T00:00:00.000Z,5.78,192.32,34.15,14.63,45.08,25.156,562
2022-09-10T00:00:00.000Z,14.6,92.38,32.09,24.55,48.61,17.939,552
2022-09-11T00:00:00.000Z,3.15,130.18,24.95,17.05,35.11,14.258,553
2022-09-12T00:00:00.000Z,12.25,90.9,28.04,22.2,38.2,10.508,508
2022-09-13T00:00:00.000Z,18,62.03,31.63,27.52,36.42,6.772,547
2022-09-14T00:00:00.000Z,13.68,430.48,43.75,36.28,51.15,22.477,554
2022-09-15T00:00:00.000Z,14.38,96.63,34.61,27.15,47.58,16.635,522
2022-09-16T00:00:00.000Z,17.8,122.9,43.52,35.53,54.05,16.262,550
2022-09-17T00:00:00.000Z,5.35,121.53,43.96,38.17,53.85,13.727,538
2022-09-18T00:00:00.000Z,2.97,128.1,12.63,8.68,21.7,13.835,551
2022-09-19T00:00:00.000Z,5.35,84.97,21.65,18.17,27.15,10.381,551
2022-09-20T00:00:00.000Z,3.55,68.63,14.98,11.85,20.02,8.988,519
2022-09-21T00:00:00.000Z,2.22,109.72,10.6,7.22,16.57,11.608,539
2022-09-22T00:00:00.000Z,3.7,42.78,12.23,8.28,19.43,9.012,548
2022-09-23T00:00:00.000Z,6.07,117.05,22.87,16.14,35.92,16.318,542
2022-09-24T00:00:00.000Z,11.18,206.95,28.77,22.33,44.83,23.606,555
2022-09-25T00:00:00.000Z,9.44,173.82,26.8,20.55,33.85,20.582,547
2022-09-26T00:00:00.000Z,10.82,89.28,25.88,18.64,35.83,10.665,542
2022-09-27T00:00:00.000Z,10.48,151.72,26.65,20.14,41.95,16.388,543
2022-09-28T00:00:00.000Z,10.43,106.68,25.27,19.25,32.92,10.957,547
2022-09-29T00:00:00.000Z,20.32,154.69,47.32,34.79,68.88,23.946,534
2022-09-30T00:00:00.000Z,24.73,117.47,53.02,41.33,67.5,19.166,538
2022-10-01T00:00:00.000Z,13,88.97,33.15,26.66,42.74,15.052,544
2022-10-02T00:00:00.000Z,7.5,435.17,25.78,19.57,34.38,35.472,458
2022-10-03T00:00:00.000Z,13.8,200.9,35.02,29.48,47.92,15.453,450
2022-10-04T00:00:00.000Z,7.05,85.85,36.08,23.77,46.28,14.733,467
2022-10-05T00:00:00.000Z,2.97,57.97,16.25,10.58,23.28,11.089,424
2022-10-06T00:00:00.000Z,3.85,54.65,18.8,13.63,25.74,8.931,549
2022-10-07T00:00:00.000Z,3.05,89.85,17.92,14.15,24.7,9.173,555
2022-10-08T00:00:00.000Z,0.3,131.38,7.88,4.67,12.06,10.437,561
2022-10-09T00:00:00.000Z,1.8,103.03,9.73,6.45,13.32,9.361,563
2022-10-10T00:00:00.000Z,2,60.58,13.67,8.77,18.98,7.935,560
2022-10-11T00:00:00.000Z,17.32,246.52,34.94,29.26,45.53,22.975,556
2022-10-12T00:00:00.000Z,8.93,143.44,28.42,22.3,39.72,15.43,558
2022-10-13T00:00:00.000Z,6.47,203.63,19.91,15.48,28.73,22.246,554
2022-10-14T00:00:00.000Z,8.55,96.18,21.55,16.42,28.09,9.722,545
2022-10-15T00:00:00.000Z,6.93,70.5,19.95,15.2,27.25,9.841,555
2022-10-16T00:00:00.000Z,6.2,135.72,17.14,13.82,21.13,9.314,434
2022-10-17T00:00:00.000Z,6.15,254.07,20.07,14.85,32.03,18.123,554
2022-10-18T00:00:00.000Z,5.7,201.95,24.25,12.52,38.63,24.13,394
2022-10-21T00:00:00.000Z,4.22,90.45,18.52,13.2,25.07,9.468,545
2022-10-22T00:00:00.000Z,5.3,1505.25,17.5,12.7,23.08,63.896,558
2022-10-23T00:00:00.000Z,6.57,72.25,14.48,12.19,17.38,6.208,244
2022-10-24T00:00:00.000Z,5.53,1787.4,21.85,14.75,30.35,109.453,267
2022-10-25T00:00:00.000Z,4.32,152.18,14.65,11.13,19.86,9.574,552
2022-10-26T00:00:00.000Z,2.38,262.83,11.2,7.28,18.76,16.012,549
2022-10-27T00:00:00.000Z,3.8,442.3,14.13,10.68,19.57,29.029,546
2022-10-28T00:00:00.000Z,4.53,137.63,15.95,11.04,24.55,13.89,537
2022-10-29T00:00:00.000Z,1.98,358.27,22.15,17.75,27.19,20.91,481
2022-10-30T00:00:00.000Z,1,248.43,9.64,6.04,16.05,31.546,556
2022-10-31T00:00:00.000Z,3.28,50.03,11.7,9.3,15.35,5.019,555
2022-11-01T00:00:00.000Z,0.25,1658.75,12.14,7.02,17.48,83.011,548
2022-11-02T00:00:00.000Z,4.22,48.13,19.55,13.97,25.33,7.762,548
2022-11-03T00:00:00.000Z,12.8,79.13,28.27,22.35,33.96,9.336,548
2022-11-04T00:00:00.000Z,18.82,265.75,34.58,28.98,48.8,20.758,546
2022-11-05T00:00:00.000Z,13.63,118.85,27.33,22.6,38.95,14.533,544
2022-11-06T00:00:00.000Z,10.35,351.42,22.33,17.94,30.07,19.851,549
2022-11-07T00:00:00.000Z,11.3,337.58,24.13,19.67,32.95,26.166,562
2022-11-08T00:00:00.000Z,14.5,89.38,29.95,23.54,43.95,14.164,549
2022-11-09T00:00:00.000Z,5.72,143.18,24.99,19.85,32.79,14.839,556
2022-11-10T00:00:00.000Z,5.68,125.78,16.3,11.44,30.97,12.879,556
2022-11-11T00:00:00.000Z,2.52,62.83,15.6,9.68,25.85,9.382,547
2022-11-12T00:00:00.000Z,1.14,141.22,6.95,4.76,10.57,9.512,557
2022-11-13T00:00:00.000Z,1.67,243.6,8.8,5.7,11.98,21.81,566
2022-11-14T00:00:00.000Z,1.98,50.03,9.55,6.68,14.31,7.583,556
2022-11-15T00:00:00.000Z,1.58,39.13,10.59,7.68,14.57,6.685,550
2022-11-16T00:00:00.000Z,4.57,173.95,15.6,11.82,20.65,10.943,545
2022-11-17T00:00:00.000Z,10.13,28.63,18.18,16.05,20.13,3.815,58
2022-11-18T00:00:00.000Z,6.57,219.1,18.39,13.56,28.29,18.646,521
2022-11-19T00:00:00.000Z,6.5,176.13,15.55,12.77,20.1,11.338,541
2022-11-20T00:00:00.000Z,3.58,99.95,15.85,11.99,20.23,8.712,561
2022-11-21T00:00:00.000Z,3.47,46.33,13.42,10.77,17.76,6.039,556
2022-11-22T00:00:00.000Z,7.5,192.13,19.04,14.77,23.83,12.273,554
2022-11-23T00:00:00.000Z,5.6,193.13,24.02,18.64,29.4,13.053,555
2022-11-24T00:00:00.000Z,5.3,68.55,16.39,13.31,21.58,8.198,553
2022-11-25T00:00:00.000Z,6.57,170.02,18.07,13.95,23.77,11.304,546
2022-11-26T00:00:00.000Z,4.9,47.05,15.3,12.13,18.17,6.101,551
2022-11-27T00:00:00.000Z,8.23,39.9,18.38,15.35,21.59,4.898,561
2022-11-28T00:00:00.000Z,8.55,55.13,20.97,15.49,29.35,9.978,552
2022-11-29T00:00:00.000Z,7.1,76.63,21.84,15.15,34.5,14.43,526
2022-11-30T00:00:00.000Z,5.43,57.3,20.88,16.5,28.03,9.498,552
2022-12-01T00:00:00.000Z,6.07,52.55,17.29,14.3,23.28,9.533,504
2022-12-02T00:00:00.000Z,6.85,89.6,17.8,14.63,22.77,7.865,558
2022-12-03T00:00:00.000Z,6.3,46.47,17.1,13.7,22.27,6.594,559
2022-12-04T00:00:00.000Z,2.58,31.77,13,10.48,16.52,4.784,555
2022-12-05T00:00:00.000Z,3.1,489.65,11.3,8.13,14.65,25.261,547
2022-12-06T00:00:00.000Z,4.38,129.97,13.77,10.15,18.82,12.065,554
2022-12-07T00:00:00.000Z,1.95,114.72,13.55,9.88,17.59,8.255,545
2022-12-08T00:00:00.000Z,1.85,106.38,10.73,7.56,15.81,9.967,557
2022-12-09T00:00:00.000Z,2,373.3,9.55,6.38,13.65,24.349,551
2022-12-10T00:00:00.000Z,2.04,24.7,9.55,6.6,12.73,4.259,558
2022-12-11T00:00:00.000Z,2.6,53.97,14.17,10.93,17.85,5.882,558
2022-12-12T00:00:00.000Z,4.34,60.08,17.55,14.38,22.13,6.128,543
2022-12-13T00:00:00.000Z,5.07,39.1,15.95,12.35,19.94,5.836,549
2022-12-14T00:00:00.000Z,3.28,225.45,12.7,9.16,17.73,11.069,545
2022-12-15T00:00:00.000Z,4.78,44.13,17,12.31,22.73,7.244,533
2022-12-16T00:00:00.000Z,12.1,107.57,35.94,28.16,48.39,20.109,464
2022-12-17T00:00:00.000Z,6.57,72.31,26.6,19.48,35.67,13.93,514
2022-12-18T00:00:00.000Z,5.13,36.29,19.67,15.88,23.67,5.866,540
2022-12-19T00:00:00.000Z,5.38,35.5,15.84,11.4,21.32,6.41,556
2022-12-20T00:00:00.000Z,2.97,42.38,13.01,8.84,17.35,6.615,556
2022-12-21T00:00:00.000Z,2.65,46.78,12.98,8.82,18.39,6.468,537
2022-12-22T00:00:00.000Z,1.25,40.53,9.32,5.9,14.35,6.516,539
2022-12-23T00:00:00.000Z,4.47,106.85,13.05,9.78,18.17,9.831,389
2022-12-24T00:00:00.000Z,5.2,42.47,17.3,14.07,20.52,5.049,499
2022-12-25T00:00:00.000Z,7.9,46.38,18.25,14.85,21.7,5.227,503
2022-12-26T00:00:00.000Z,12.02,56.35,24.74,21.38,30.33,6.173,422
2022-12-27T00:00:00.000Z,9.63,47.13,19.14,16.39,24.22,6.752,512
2022-12-28T00:00:00.000Z,8.88,54.5,19.92,16.85,24.17,6.005,482
2022-12-29T00:00:00.000Z,9.6,55.05,20.27,16.38,25.65,7.629,551
2022-12-30T00:00:00.000Z,9.27,52.63,20.55,15.93,31.02,10.263,311
2023-01-06T00:00:00.000Z,10.8,32.92,17.77,15.4,20.98,4.094,166
2023-01-07T00:00:00.000Z,6.82,48.75,16.05,13.1,20.52,5.84,495
2023-01-08T00:00:00.000Z,5.07,60.83,14.24,11.6,18.07,5.673,498
2023-01-09T00:00:00.000Z,3.5,42.75,14.5,9.82,21.05,8.15,479
2023-01-10T00:00:00.000Z,3.58,98.45,16.21,10.98,25.87,11.093,484
2023-01-11T00:00:00.000Z,5.55,55.17,17.09,13.57,22.67,7.395,482
2023-01-12T00:00:00.000Z,4.13,40,14.35,10.8,19.2,6.37,486
2023-01-13T00:00:00.000Z,4.34,56.08,14.02,11.47,17.92,5.164,452
2023-01-14T00:00:00.000Z,6.75,43.6,15.21,12.6,18.35,5.198,492
2023-01-15T00:00:00.000Z,5.05,32.42,12.22,10.16,14.93,3.877,424
2023-01-16T00:00:00.000Z,8.69,48.25,20.09,15.3,25.17,6.831,474
2023-01-17T00:00:00.000Z,9.52,178.45,24.17,18.98,31.02,16.09,487
2023-01-18T00:00:00.000Z,11.05,58.83,23.3,19.05,29.42,8.13,415
2023-01-19T00:00:00.000Z,13.25,258,25.95,20.32,35.38,19.246,495
2023-01-20T00:00:00.000Z,10,151.69,20.88,16.64,35.65,22.857,493
2023-01-21T00:00:00.000Z,6.72,235.77,17.39,14.01,22.88,14.107,485
2023-01-22T00:00:00.000Z,5.43,310.98,15.07,12.6,18.23,24.853,499
2023-01-23T00:00:00.000Z,4.88,48.13,12.48,9.6,17.25,6.529,427
2023-01-24T00:00:00.000Z,3.05,50.53,14.55,10.29,22.89,8.068,493
2023-01-25T00:00:00.000Z,4.68,28.13,12.54,9.25,16.32,4.861,450
2023-01-26T00:00:00.000Z,3.72,71.75,14.22,9.74,19.91,7.435,488
2023-01-27T00:00:00.000Z,3.65,70.22,14.45,9.91,18.69,7.026,400
2023-01-28T00:00:00.000Z,4.03,73.88,16.76,13.77,20.83,7.488,494
2023-01-29T00:00:00.000Z,4.9,29.95,13.56,11.27,16.5,4.043,488
2023-01-30T00:00:00.000Z,3.3,38.13,15.48,11.48,21.65,6.838,486
2023-01-31T00:00:00.000Z,4.32,54.78,14.73,11.34,19.32,6.524,460
2023-02-01T00:00:00.000Z,4.3,141.6,16.23,12.18,21.48,9.325,486
2023-02-02T00:00:00.000Z,7.82,46.83,20.35,17.17,23.99,5.517,485
2023-02-03T00:00:00.000Z,12.68,57.7,26.73,21.8,32.7,7.415,371
2023-02-04T00:00:00.000Z,15.55,318.7,31.92,26.77,37.47,18.198,499
2023-02-05T00:00:00.000Z,13.05,193.65,22.3,19.87,25.52,10.202,457
2023-02-06T00:00:00.000Z,14.95,282.85,32.04,23.37,63.55,31.344,421
2023-02-07T00:00:00.000Z,41.05,152.18,80.22,61.05,96.05,21.199,431
2023-02-08T00:00:00.000Z,54.35,115.8,77.8,72.39,86.84,12.653,393
2023-02-09T00:00:00.000Z,43.7,135.52,70.53,61.92,84.8,17.749,434
2023-02-10T00:00:00.000Z,42.85,113.78,64.19,54.96,86.58,17.226,452
2023-02-11T00:00:00.000Z,15.43,87.25,43.44,34.83,51,12.359,414
2023-02-12T00:00:00.000Z,9.3,94.57,34.72,29.97,39.08,9.579,481
2023-02-13T00:00:00.000Z,2.35,114.47,11.5,6.88,17.14,9.472,381
2023-02-14T00:00:00.000Z,5.43,35.47,14.34,11.24,18.79,5.837,420
2023-02-15T00:00:00.000Z,6.38,37.7,18.64,14.95,22.44,5.768,388
2023-02-16T00:00:00.000Z,9.18,42,20.58,17.27,24.75,5.493,406
2023-02-17T00:00:00.000Z,7.78,71.8,18.27,15.45,22.33,6.145,367
2023-02-18T00:00:00.000Z,8.94,221.5,19.17,15.85,22.73,14.912,490
2023-02-19T00:00:00.000Z,3.1,53.38,14.15,10.93,17.52,5.689,409
2023-02-20T00:00:00.000Z,2.63,38.9,11.68,7.65,16.07,5.891,489
2023-02-21T00:00:00.000Z,8.57,61.88,21.45,16.77,25.6,7.186,479
2023-02-22T00:00:00.000Z,17.45,144.75,28.05,23.85,37.88,12.256,398
2023-02-23T00:00:00.000Z,12.75,54.25,27.22,24.27,32.89,7.476,368
2023-02-24T00:00:00.000Z,14.77,140.3,24.76,21.55,30.13,12.828,490
2023-02-25T00:00:00.000Z,8.88,54.72,21.58,17.98,26,8.077,409
2023-02-26T00:00:00.000Z,3.38,106.6,14.82,10.83,17.87,6.747,489
2023-02-27T00:00:00.000Z,5.25,39.53,16.48,12.77,20.9,5.939,490
2023-02-28T00:00:00.000Z,5.95,53.1,17.48,13.52,21.48,6.492,407
2023-03-01T00:00:00.000Z,9.07,45.6,21.76,17.89,27.6,7.058,496
2023-03-02T00:00:00.000Z,8.63,49.65,20.83,16.8,25.35,6.24,494
2023-03-03T00:00:00.000Z,6.38,72.7,21.8,16.98,28.95,9.531,466
2023-03-04T00:00:00.000Z,6.72,223.85,25.08,20.1,30.33,14.299,495
2023-03-05T00:00:00.000Z,6,80.56,16.1,12.39,20.04,7.126,497
2023-03-06T00:00:00.000Z,8.88,72,23.65,19.27,30.5,8.481,491
2023-03-07T00:00:00.000Z,8.48,64.03,18.48,15.05,24.17,9.525,486
2023-03-08T00:00:00.000Z,4.22,48.92,13.7,9.14,22.2,9.052,501
2023-03-09T00:00:00.000Z,4.2,46.22,12.68,9.27,16.8,6.503,431
2023-03-10T00:00:00.000Z,3.85,107.85,14.65,10.15,20.27,8.686,495
2023-03-11T00:00:00.000Z,4.3,147.13,13.43,10.73,17.1,8.732,498
2023-03-12T00:00:00.000Z,4.72,257.88,12.8,10.3,18.07,20.186,491
2023-03-13T00:00:00.000Z,4.55,151.6,13.17,8.78,19.44,12.855,492
2023-03-14T00:00:00.000Z,4.72,172.8,14.83,11.1,22.22,16.855,352
2023-03-15T00:00:00.000Z,1.58,139.05,11.75,6.77,21.22,13.575,500
2023-03-16T00:00:00.000Z,3.58,51.47,15.15,10.43,21.75,8.006,499
2023-03-17T00:00:00.000Z,2.7,95.63,15,9.94,20.72,9.13,493
2023-03-18T00:00:00.000Z,3.63,621.13,13.9,10.75,18.05,31.756,407
2023-03-19T00:00:00.000Z,3.3,159.6,10.52,8.25,13.63,11.825,490
2023-03-20T00:00:00.000Z,3.28,37.1,13.05,8.64,18.86,6.961,492
2023-03-21T00:00:00.000Z,6.8,114.85,17.5,14.09,24.57,10.819,497
2023-03-22T00:00:00.000Z,5.72,39.92,17.42,13.5,22.2,6.208,486
2023-03-23T00:00:00.000Z,5.45,53.53,17.1,13.55,21.57,6.433,497
2023-03-24T00:00:00.000Z,7.32,45.03,19.41,15.43,24.63,6.887,490
2023-03-25T00:00:00.000Z,7.65,33.63,17.87,14.89,21.82,5.048,480
2023-03-26T00:00:00.000Z,8.55,56.72,18.05,15.17,21.62,5.093,445
2023-03-27T00:00:00.000Z,12.52,80.68,25.67,20.95,32.65,9.714,452
2023-03-28T00:00:00.000Z,9.73,219.02,32.5,26.59,42.85,17.209,484
2023-03-29T00:00:00.000Z,7.68,571.9,17.42,13.32,24.02,33.364,371
2023-03-30T00:00:00.000Z,8.05,36.88,15.95,11.48,18.07,5.745,28
2023-03-31T00:00:00.000Z,4.28,74.95,18.67,13.75,25.13,8.39,487
2023-04-01T00:00:00.000Z,5.4,71.13,15.55,12.34,20.27,8.362,428
2023-04-02T00:00:00.000Z,4.55,39.28,15.4,12,19.45,6.126,475
2023-04-03T00:00:00.000Z,2.95,222.2,17.5,10.64,25.85,18.098,492
2023-04-04T00:00:00.000Z,6.55,72.93,20.67,15.88,30.52,14.81,499
2023-04-05T00:00:00.000Z,7.97,54.2,20.62,15.92,27.17,7.885,496
2023-04-06T00:00:00.000Z,7.13,268.7,19.45,15.29,24.59,16.082,505
2023-04-07T00:00:00.000Z,4.4,258.5,16.44,13.6,20.98,13.056,486
2023-04-08T00:00:00.000Z,3.42,758.55,11.05,8.3,14.63,41.886,502
2023-04-09T00:00:00.000Z,5,80.81,14.65,11.15,17.67,5.99,505
2023-04-10T00:00:00.000Z,7.5,113.1,19,14.35,24.65,10.422,426
2023-04-11T00:00:00.000Z,6.6,54.4,20.84,15.62,29.87,10.199,500
2023-04-12T00:00:00.000Z,5.18,285.67,22.48,13.75,31.63,18.559,499
2023-04-13T00:00:00.000Z,2.92,174.63,18.52,10.83,27.42,13.932,505
2023-04-14T00:00:00.000Z,6.03,66.59,23.5,16.51,35.49,12.114,504
2023-04-15T00:00:00.000Z,14.95,136.32,38.61,26.27,57.6,18.816,506
2023-04-16T00:00:00.000Z,14.48,109.95,35.79,29.73,41.38,9.881,503
2023-04-17T00:00:00.000Z,10.63,174.45,28.2,22.83,34.95,14.645,500
2023-04-18T00:00:00.000Z,8.6,62.47,22.72,18.3,29.49,8.906,504
2023-04-19T00:00:00.000Z,10.85,120.82,26.55,20.48,31.25,9.786,430
2023-04-20T00:00:00.000Z,5.22,123.93,23.05,15.9,30.98,13.465,507
2023-04-21T00:00:00.000Z,7.13,71.78,23.77,13.79,45.59,17.023,456
2023-04-22T00:00:00.000Z,15.4,85.38,52.95,44.4,61.53,13.261,445
2023-04-23T00:00:00.000Z,15.15,187.02,25.17,21.02,29.66,12.8,329
2023-04-24T00:00:00.000Z,7.45,141.15,32.42,21.7,42.97,14.417,499
2023-04-25T00:00:00.000Z,2.2,152.22,28.38,18,38.4,15.733,507
2023-04-26T00:00:00.000Z,14.75,109.07,39.25,27.38,61.28,21.71,503
2023-04-27T00:00:00.000Z,28.35,134.3,72.67,56.6,91.35,23.872,506
2023-04-28T00:00:00.000Z,17.23,184.02,87.63,78.41,118.38,31.612,349
2023-04-29T00:00:00.000Z,5.63,276.02,24.77,17.25,39.33,25.504,503
2023-04-30T00:00:00.000Z,0.4,144.9,6.47,3.72,10,13.818,367
2023-05-01T00:00:00.000Z,2.63,174.4,10.15,6.7,14.57,11.08,503
2023-05-02T00:00:00.000Z,8.77,120.1,21.48,13.85,30.13,12.504,499
2023-05-03T00:00:00.000Z,17,106.38,33.5,26.88,44.63,21.43,361
2023-05-04T00:00:00.000Z,36.75,124.3,60.1,48.59,78.29,20.19,505
2023-05-05T00:00:00.000Z,54.25,156.13,74.76,68.04,85.44,20.973,360
2023-05-06T00:00:00.000Z,46.15,701.08,90.37,83.13,99.1,50.536,502
2023-05-07T00:00:00.000Z,32.17,144.07,103.04,69.53,115.41,28.482,392
2023-05-15T00:00:00.000Z,21,1999.9,79.78,53.25,90.38,155.203,503
2023-05-16T00:00:00.000Z,33.78,328.77,97.76,79.2,108.63,29.247,404
2023-05-17T00:00:00.000Z,1.5,388.1,22,10.32,27.09,39.659,493
2023-05-18T00:00:00.000Z,9.63,59.35,24.97,17.77,34.65,10.293,502
2023-05-19T00:00:00.000Z,14.65,72.09,31.98,26.59,40.24,10.946,501
2023-05-20T00:00:00.000Z,22.45,96.05,42.03,34.88,60.95,19.148,508
2023-05-21T00:00:00.000Z,33.4,109.07,52.09,46.83,60.9,11.191,502
2023-05-22T00:00:00.000Z,2.04,94.63,27.8,11.13,51.2,21.722,471
2023-05-23T00:00:00.000Z,1.27,82.82,22.67,11.48,35.25,17.499,502
2023-05-24T00:00:00.000Z,7.7,164.07,24.3,17.61,31.26,13.4,504
2023-05-25T00:00:00.000Z,0.08,624.15,50.03,39.42,65.15,35.972,471
2023-05-26T00:00:00.000Z,0.25,48.72,13,6.1,19.67,9.829,379
2023-05-27T00:00:00.000Z,21.75,118.3,36.78,33.53,41.46,10.231,404
2023-05-28T00:00:00.000Z,11.98,777.85,43.27,30.2,66.15,48.316,428
2023-05-29T00:00:00.000Z,44.45,135.18,85.3,78.97,94.25,14.741,443
2023-05-30T00:00:00.000Z,18.25,164.43,91.15,54.13,132.55,39.898,507
2023-05-31T00:00:00.000Z,40.35,170.4,99.55,85.55,113.75,24.699,313
2023-06-01T00:00:00.000Z,14.05,140.18,61.58,50.85,89.47,27.484,495
2023-06-02T00:00:00.000Z,13.48,85.05,45.64,34.45,54.03,13.906,494
2023-06-03T00:00:00.000Z,16.92,153.88,38.4,30.92,44.95,14.365,410
2023-06-04T00:00:00.000Z,22.98,90.75,37.75,33.24,45.15,10.245,505
2023-06-05T00:00:00.000Z,19.39,108.57,51.17,38.7,75.78,21.505,499
2023-06-06T00:00:00.000Z,17.32,128.82,53.2,35.47,71.53,24.978,319
2023-06-07T00:00:00.000Z,6.88,123.78,51.13,32.72,67.2,23.162,501
2023-06-08T00:00:00.000Z,26.02,95.3,45.6,38.03,54.99,12.076,389
2023-06-09T00:00:00.000Z,2.35,88.88,26.28,9.81,32.02,12.501,500
2023-06-10T00:00:00.000Z,1.9,307.58,26.13,19.07,33.54,19.92,505
2023-06-11T00:00:00.000Z,15.05,183.95,29.5,22.2,43.03,18.236,511
2023-06-12T00:00:00.000Z,10.57,264.73,41.65,30.02,58.15,29.859,510
2023-06-13T00:00:00.000Z,0.8,95.88,24,11.73,52.7,22.556,510
2023-06-14T00:00:00.000Z,1.1,106.82,28.25,10.92,51.07,23.776,500
2023-06-15T00:00:00.000Z,11.02,84.55,40.78,24.7,52.65,16.441,510
2023-06-16T00:00:00.000Z,9.82,117.93,34.33,22.02,47.63,20.906,510
2023-06-17T00:00:00.000Z,45.35,118.75,63.51,60.2,71.47,13.992,30
2023-07-28T00:00:00.000Z,70.95,115.55,83.13,78.72,91.9,9.17,35
2023-07-29T00:00:00.000Z,11.1,259.95,62.95,38.13,81.65,32.884,571
2023-07-30T00:00:00.000Z,21.33,253.7,71.75,47.95,119.7,41.804,571
2023-07-31T00:00:00.000Z,5.2,207.88,68.4,34.99,105.85,40.196,569
2023-08-01T00:00:00.000Z,11.63,195.35,80.02,64.03,98.68,38.964,574
2023-08-02T00:00:00.000Z,15.88,163.44,78.54,58.38,103.84,33.934,568
2023-08-03T00:00:00.000Z,15.68,306.95,60.75,41.26,87.16,32.98,557
2023-08-04T00:00:00.000Z,17.25,148.18,41.63,31.13,65.3,22.978,572
2023-08-05T00:00:00.000Z,26.63,289.83,56.57,45.28,69.75,18.53,570
2023-08-06T00:00:00.000Z,25.85,192.7,58.44,43.89,70.06,19.039,572
2023-08-07T00:00:00.000Z,17.5,99.78,47.04,37.03,68.2,19.711,574
2023-08-08T00:00:00.000Z,36.45,271.67,69.47,61.21,78.73,22.083,573
2023-08-09T00:00:00.000Z,33.42,156.07,74.48,66.31,95.05,25.442,566
2023-08-10T00:00:00.000Z,0.47,123.72,6.57,2.92,27.88,22.408,559
2023-08-11T00:00:00.000Z,5.95,63.9,17.64,13.05,29.85,10.837,567
2023-08-12T00:00:00.000Z,15.07,91.63,36.06,30.6,48.05,12.329,570
2023-08-13T00:00:00.000Z,10.55,160.4,36.22,27.79,45.25,14.443,573
2023-08-14T00:00:00.000Z,1.8,80.84,17.32,10.4,29.35,13.866,572
2023-08-15T00:00:00.000Z,10.65,410.73,44.88,30.05,60.28,30.617,571
2023-08-16T00:00:00.000Z,7.25,118.03,27.44,21.63,36.46,11.74,572
2023-08-17T00:00:00.000Z,2.47,62.65,27.58,20.05,34.31,12.067,573
2023-08-18T00:00:00.000Z,3.9,61.78,18.38,11.48,32,11.812,571
2023-08-19T00:00:00.000Z,0.1,74.47,15.2,5.85,39.72,17.944,571
2023-08-20T00:00:00.000Z,1.05,267.42,11.45,5.09,22.25,26.155,566
2023-08-21T00:00:00.000Z,2.04,226.32,11.29,7.86,19.5,14.698,552
2023-08-22T00:00:00.000Z,0,89.18,1.9,0.64,7.04,9.32,573
2023-08-23T00:00:00.000Z,0,63.15,3.84,1.3,8.9,9.159,574
2023-08-24T00:00:00.000Z,2.67,77.7,20.95,14.66,25.91,9.579,572
2023-08-25T00:00:00.000Z,3.65,58.65,19.38,12.99,23.73,7.941,572
2023-08-26T00:00:00.000Z,4.82,99.03,20.52,17.52,24.2,7.841,569
2023-08-27T00:00:00.000Z,6.43,205.55,16.35,11.73,22.12,12.438,560
2023-08-28T00:00:00.000Z,1.73,94.47,22.77,12.86,27.88,10.058,568
2023-08-29T00:00:00.000Z,1.92,54.08,13.2,7.6,22.67,11.27,572
2023-08-30T00:00:00.000Z,4.47,50.05,23.05,15.93,28.77,8.228,567
2023-08-31T00:00:00.000Z,12.63,75.88,30.64,25.55,42.78,12.543,570
2023-09-01T00:00:00.000Z,11.05,197.32,29.35,23.19,38.32,13.13,568
2023-09-02T00:00:00.000Z,8.6,69.59,30.63,25.22,38.29,10.113,565
2023-09-03T00:00:00.000Z,11,162.94,35.89,29.65,47.53,17.703,568
2023-09-04T00:00:00.000Z,8.8,83.88,22.13,15.67,30.26,11.241,569
2023-09-05T00:00:00.000Z,9.93,237.95,42.38,24.67,73.34,34.259,568
2023-09-06T00:00:00.000Z,0.9,237,41.52,24.67,82.38,39.09,572
2023-09-07T00:00:00.000Z,0.25,112.68,23.77,9.57,39.4,20.433,575
2023-09-08T00:00:00.000Z,3.45,333.52,29.45,25.2,35.49,20.372,573
2023-09-09T00:00:00.000Z,11.68,465.65,37.38,27.6,49.17,48.541,571
2023-09-10T00:00:00.000Z,2.27,216.5,34.58,25.67,54.28,24.815,570
2023-09-18T00:00:00.000Z,4.09,258.02,31.49,22.63,44.88,20.895,566
2023-09-19T00:00:00.000Z,17.45,749.13,45.47,36.57,52.04,43.94,557
2023-09-20T00:00:00.000Z,7.95,73,22.74,15.64,28.59,9.496,544
2023-09-21T00:00:00.000Z,8.15,203.7,29.83,22.58,41.16,18.171,573
2023-09-22T00:00:00.000Z,7.5,115.22,33.6,18.1,53.9,20.028,566
2023-09-23T00:00:00.000Z,19.92,947.42,61.28,46.27,95.87,70.338,573
2023-09-24T00:00:00.000Z,14.98,272.3,54.63,31.59,68.93,25.35,569
2023-09-25T00:00:00.000Z,1.85,132.25,32.08,17.87,40.38,15.334,572
2023-09-26T00:00:00.000Z,0.4,134.88,8.9,4.55,13.02,12.665,551
2023-09-27T00:00:00.000Z,4.4,124.03,13.87,8.88,23.03,10.479,564
2023-09-28T00:00:00.000Z,6.5,106.43,20.05,14.6,26.58,9.419,575
2023-09-29T00:00:00.000Z,7.3,271.73,24.9,18.16,37.44,21.159,573
2023-09-30T00:00:00.000Z,13.98,213,26.63,21.46,41.19,22.822,565
2023-10-01T00:00:00.000Z,14.73,378.65,47.35,29.15,58.63,31.972,554
2023-10-02T00:00:00.000Z,6.88,214.43,23.42,15.86,29.79,17.271,557
2023-10-03T00:00:00.000Z,7.1,121.78,16.42,12.95,21.7,12.883,563
2023-10-04T00:00:00.000Z,5.72,129.32,18.13,13.19,25.24,11.355,569
2023-10-05T00:00:00.000Z,6.03,161.85,18.14,13.18,24.13,14.115,566
2023-10-06T00:00:00.000Z,6.28,99.38,21.48,14.73,32.72,17.308,564
2023-10-07T00:00:00.000Z,4.34,201.02,18.57,14.23,26.23,18.163,561
2023-10-08T00:00:00.000Z,3.47,210.27,12.82,10.27,20,14.284,562
2023-10-09T00:00:00.000Z,3.53,60.33,11.07,8.55,14.9,7.404,552
2023-10-10T00:00:00.000Z,5.22,130.18,21.33,11.32,28.88,12.274,534
2023-10-11T00:00:00.000Z,10.5,349.33,34.03,23.58,55.33,31.556,559
2023-10-12T00:00:00.000Z,7.1,459.83,21.57,17,33.76,30.273,556
2023-10-13T00:00:00.000Z,7.68,248.23,19.48,14.64,38.53,24.195,552
2023-10-14T00:00:00.000Z,5.6,433.27,16.16,12.02,20.88,21.435,566
2023-10-15T00:00:00.000Z,3.95,113.75,12.62,9.44,16.88,8.56,568
2023-10-16T00:00:00.000Z,3.78,419.8,17.5,13.5,24.73,27.616,558
2023-10-17T00:00:00.000Z,6.18,311.08,18.13,12.32,26.35,17.896,554
2023-10-18T00:00:00.000Z,4.75,233.23,21.25,16.07,26.86,17.695,553
2023-10-19T00:00:00.000Z,7.55,164.77,20.88,15.17,28.24,14.045,552
2023-10-20T00:00:00.000Z,9.57,509,29.83,19.67,48.33,32.085,571
2023-10-21T00:00:00.000Z,31.15,280.6,71.16,50.3,91.53,30.732,570
2023-10-22T00:00:00.000Z,26.3,327.13,74.43,61.72,95.57,32.618,569
2023-10-23T00:00:00.000Z,12.25,141.43,35.4,25.92,48.71,17.484,568
2023-10-24T00:00:00.000Z,9.85,364.3,33.28,24.27,65.34,31.966,567
2023-10-25T00:00:00.000Z,11.4,186.85,25.02,19.55,36.21,16.488,573
2023-10-26T00:00:00.000Z,7.3,88.47,20.02,16.63,29,10.185,570
2023-10-27T00:00:00.000Z,10.3,187.55,27.85,22.4,38.42,18.82,567
2023-10-28T00:00:00.000Z,11.75,230.73,30.19,24.08,38.17,15.625,574
2023-10-29T00:00:00.000Z,1.17,245.8,14.09,9.32,19.3,21.728,562
2023-10-30T00:00:00.000Z,5.07,137.55,17.42,12.25,25.1,13.852,559
2023-10-31T00:00:00.000Z,6.45,1037.05,25.88,16.8,41.78,58.419,563
2023-11-01T00:00:00.000Z,6.63,70.18,14.69,11.25,19.48,8.825,558
2023-11-02T00:00:00.000Z,0.1,92.8,12.69,7.39,20.14,11.297,552
2023-11-03T00:00:00.000Z,0.4,103.75,9.14,3.65,16.8,11.731,552
2023-11-04T00:00:00.000Z,3.58,145.75,17.27,11.5,23.48,12.855,562
2023-11-05T00:00:00.000Z,8.07,110.4,27.39,22.07,32.53,10.412,572
2023-11-06T00:00:00.000Z,7.65,197.1,21.3,15.6,33.2,16.833,566
2023-11-07T00:00:00.000Z,2.27,225.85,18.22,11.62,33.07,26.841,568
2023-11-08T00:00:00.000Z,2.95,76.47,12.84,8.88,21.04,11.581,568
2023-11-09T00:00:00.000Z,4.47,193.38,16.64,10.93,22.98,11.732,535
2023-11-10T00:00:00.000Z,2.54,432.1,15.27,11.87,19.73,23.081,565
2023-11-11T00:00:00.000Z,2.52,283.25,22.73,13.07,29.42,23.856,571
2023-11-12T00:00:00.000Z,9.9,264.02,36.13,23.55,45.5,27.532,351
2023-11-13T00:00:00.000Z,3.95,118.05,19.14,13.7,32.47,13.874,570
2023-11-14T00:00:00.000Z,4.8,221.68,16.7,11.6,25.17,15.427,567
2023-11-15T00:00:00.000Z,5.88,53.9,12.3,9.9,15.3,6.657,167

# Sensor Avenida Presidente Kennedy, Vitacura, Chile (Citizen Science project sensor.community/74335)
# https://aqicn.org/station/@350698/
# Daily pm25
date,min,max,median,q1,q3,stdev,count
2022-08-05T00:00:00.000Z,15.98,172.3,37.27,32.75,48.32,13.76,520
2022-08-06T00:00:00.000Z,3,111.5,30.35,22.52,41.13,15.201,243
2022-08-07T00:00:00.000Z,0.1,415.67,3.4,1.3,5.47,19.367,533
2022-08-08T00:00:00.000Z,1.2,25.58,7.74,4.09,16.59,6.767,540
2022-08-09T00:00:00.000Z,0.95,46.58,16.17,12.07,19.48,8.391,557
2022-08-10T00:00:00.000Z,0.25,66.05,8,3.92,15.88,8.218,539
2022-08-11T00:00:00.000Z,8.73,55.8,20.35,13.76,36.13,12.605,497
2022-08-12T00:00:00.000Z,18.98,38.29,28.95,23.62,32.4,5.075,437
2022-08-13T00:00:00.000Z,13.93,716.1,32.94,27.42,38.25,31.453,570
2022-08-14T00:00:00.000Z,0.3,132.6,26.08,20.14,28.33,11.603,563
2022-08-15T00:00:00.000Z,0,52.45,0.6,0.2,1.7,6.106,547
2022-08-16T00:00:00.000Z,4.59,34.5,11.04,8.1,16.88,5.78,570
2022-08-17T00:00:00.000Z,3.47,35.75,18,13.52,22.42,6.661,511
2022-08-18T00:00:00.000Z,5.97,45.9,23.94,17.92,38.2,10.286,528
2022-08-19T00:00:00.000Z,0.75,79.7,19.86,9.77,34.13,13.158,570
2022-08-20T00:00:00.000Z,4.09,92.38,17.42,8.98,30.47,13.482,548
2022-08-21T00:00:00.000Z,10.05,80.38,23.45,20.55,36.29,12.758,559
2022-08-22T00:00:00.000Z,16.1,231.45,30.4,23.73,55.03,18.937,478
2022-08-23T00:00:00.000Z,43.42,99.85,67.15,60.67,74.41,10.784,557
2022-08-24T00:00:00.000Z,12,100.32,66.76,55.38,79.43,21.912,538
2022-08-25T00:00:00.000Z,22.98,392.83,43.09,35.95,58,20.929,534
2022-08-26T00:00:00.000Z,20.65,75.25,39.54,28.56,52.07,13.509,560
2022-08-27T00:00:00.000Z,5,80.03,39.5,32.72,52.35,17.126,565
2022-08-28T00:00:00.000Z,3.2,202.77,28.42,18.67,36.86,13.868,557
2022-08-29T00:00:00.000Z,0.4,41.45,8.93,2.22,15.2,9.606,547
2022-08-30T00:00:00.000Z,15.68,67.03,29.83,23.27,51.67,14.545,551
2022-08-31T00:00:00.000Z,16.23,176.85,34.9,23.3,39.9,11.954,549
2022-09-01T00:00:00.000Z,17.87,54.5,25.7,21.48,40.54,10.687,547
2022-09-02T00:00:00.000Z,37.95,140.32,48.5,45.42,55.22,9.783,544
2022-09-03T00:00:00.000Z,2.4,74.78,20.16,11.2,30.6,13.091,534
2022-09-04T00:00:00.000Z,9.5,75.87,21.48,16.55,29.38,8.426,465
2022-09-05T00:00:00.000Z,5.38,87.28,18.09,12.23,23.45,8.336,490
2022-09-06T00:00:00.000Z,7.78,64.05,16.48,14.14,22.3,7.737,556
2022-09-07T00:00:00.000Z,3.22,68.34,13.15,9.77,30.36,11.123,541
2022-09-08T00:00:00.000Z,0.25,85.78,3.35,0.93,5.22,6.506,495
2022-09-09T00:00:00.000Z,4.57,84.9,18.38,7.78,25.92,13.909,562
2022-09-10T00:00:00.000Z,8.18,49.35,15.96,11.94,27.25,10.623,552
2022-09-11T00:00:00.000Z,2.4,77.13,15.5,9.69,18.36,7.315,553
2022-09-12T00:00:00.000Z,7.82,37.2,16.48,11.82,23.66,7.233,508
2022-09-13T00:00:00.000Z,9.43,30.55,15.98,13.35,20.52,4.527,547
2022-09-14T00:00:00.000Z,7.13,260.14,25.83,20.7,30.58,13.362,554
2022-09-15T00:00:00.000Z,7.35,51.03,16.44,13.85,23.15,9.374,522
2022-09-16T00:00:00.000Z,13.13,73.2,23.23,19.95,32.42,9.89,550
2022-09-17T00:00:00.000Z,2.9,64.2,26.51,23.9,31.38,7.548,538
2022-09-18T00:00:00.000Z,2.58,78.09,7.55,5.3,12.15,7.857,551
2022-09-19T00:00:00.000Z,3.35,48.17,13.88,11.4,17.45,6.325,551
2022-09-20T00:00:00.000Z,1.1,32.17,6.63,5.22,7.93,4.449,519
2022-09-21T00:00:00.000Z,1,60.97,2.85,1.85,6.03,5.874,539
2022-09-22T00:00:00.000Z,1,22.77,2.95,2.29,6.75,5.824,548
2022-09-23T00:00:00.000Z,2,65.3,7.84,4.65,15.15,8.662,542
2022-09-24T00:00:00.000Z,6.9,85.43,13.98,10.43,22.55,10.928,555
2022-09-25T00:00:00.000Z,4.43,81.4,16.14,10.43,19.98,10.382,547
2022-09-26T00:00:00.000Z,4.25,46.08,12.39,6.8,19.67,7.055,542
2022-09-27T00:00:00.000Z,3.22,69.22,11.07,7.35,20.1,8.773,543
2022-09-28T00:00:00.000Z,3.67,67.34,9.23,6.9,14.32,6.19,547
2022-09-29T00:00:00.000Z,9.4,72.22,24.79,15.77,36.5,14.051,534
2022-09-30T00:00:00.000Z,14.57,62.25,30.39,21.15,38.04,12.446,538
2022-10-01T00:00:00.000Z,6.45,47.75,16.88,13.3,21.81,10.262,544
2022-10-02T00:00:00.000Z,4.78,280,13.49,9.57,17.39,20.453,458
2022-10-03T00:00:00.000Z,8.75,104.82,19.82,16.63,26.95,8.369,450
2022-10-04T00:00:00.000Z,2.8,48.53,19.23,13.57,27.23,9.482,467
2022-10-05T00:00:00.000Z,1.8,29.33,6.42,4.13,10.8,7.507,424
2022-10-06T00:00:00.000Z,2.2,31.05,8.05,5.39,13.05,5.303,549
2022-10-07T00:00:00.000Z,1.14,35.1,7.03,4.38,9.94,4.473,555
2022-10-08T00:00:00.000Z,0.3,60.42,2.1,1.32,4.54,5.173,561
2022-10-09T00:00:00.000Z,0.9,48.78,2.9,1.7,3.9,4.365,563
2022-10-10T00:00:00.000Z,1,21.02,3.2,1.95,4.59,2.456,560
2022-10-11T00:00:00.000Z,3.2,139.07,6.85,5.9,14.1,11.104,556
2022-10-12T00:00:00.000Z,1.7,70.45,6.38,5.43,12.52,7.768,558
2022-10-13T00:00:00.000Z,1.8,90.25,5.65,4.25,11.25,9.955,554
2022-10-14T00:00:00.000Z,2.17,40.42,4.43,3.33,7.48,3.993,545
2022-10-15T00:00:00.000Z,2.08,31.7,4.32,3.58,6.97,5.295,555
2022-10-16T00:00:00.000Z,1.85,73.28,4.46,3.38,6.03,5.118,434
2022-10-17T00:00:00.000Z,1.3,139.8,4.44,2.8,10.95,9.202,554
2022-10-18T00:00:00.000Z,1.85,95.75,13.1,5.8,21.17,12.04,394
2022-10-21T00:00:00.000Z,1.17,44.55,4.9,3.12,8.43,4.938,545
2022-10-22T00:00:00.000Z,1.77,917.47,3.88,2.7,7.1,39.062,558
2022-10-23T00:00:00.000Z,2.54,34.67,3.75,3.35,4.37,2.786,244
2022-10-24T00:00:00.000Z,1.08,991.03,6,2.78,10.93,61.102,267
2022-10-25T00:00:00.000Z,1.2,85.6,2.52,1.95,3.8,4.715,552
2022-10-26T00:00:00.000Z,1.1,127.15,2.47,1.73,7.06,7.604,549
2022-10-27T00:00:00.000Z,1.17,343.08,2.75,2.1,4.28,18.569,546
2022-10-28T00:00:00.000Z,1.17,78.8,2.9,2.1,6.31,7.371,537
2022-10-29T00:00:00.000Z,0.82,239.02,7.5,5.93,11.03,13.569,481
2022-10-30T00:00:00.000Z,0.52,120.35,2.4,1.5,5.79,16.872,556
2022-10-31T00:00:00.000Z,0.82,9.65,1.7,1.4,1.98,0.685,555
2022-11-01T00:00:00.000Z,0.15,983.25,1.48,0.85,2.85,53.717,548
2022-11-02T00:00:00.000Z,1.4,16.67,3.39,2.52,5.32,2.003,548
2022-11-03T00:00:00.000Z,2.83,27.67,5.09,4.21,7.45,3.174,548
2022-11-04T00:00:00.000Z,4.65,158.97,7.2,6.13,15.23,10.522,546
2022-11-05T00:00:00.000Z,3.55,63.9,6.8,5.53,13.62,8.315,544
2022-11-06T00:00:00.000Z,3.4,189.93,6.32,5.19,11.75,10.592,549
2022-11-07T00:00:00.000Z,3.88,218.27,7.29,5.5,11.6,15.745,562
2022-11-08T00:00:00.000Z,4.75,35.45,11.77,8.09,20.17,8.216,549
2022-11-09T00:00:00.000Z,2.2,79.22,14.45,11.76,19.8,8.68,556
2022-11-10T00:00:00.000Z,2.22,76.2,5.4,4.15,17.55,7.942,556
2022-11-11T00:00:00.000Z,0.85,29.77,5.7,3.03,14.15,6.047,547
2022-11-12T00:00:00.000Z,0.56,77.3,1.52,1.2,2.41,4.929,557
2022-11-13T00:00:00.000Z,0.6,121.03,2.74,1.3,5.4,10.781,566
2022-11-14T00:00:00.000Z,0.52,19.3,1.98,1.35,3.83,3.834,556
2022-11-15T00:00:00.000Z,0.68,17.95,1.67,1.2,2.6,3.212,550
2022-11-16T00:00:00.000Z,1.5,104.75,3.22,2.54,4.98,5.539,545
2022-11-17T00:00:00.000Z,3.08,11.05,4.83,4.18,6.18,1.922,58
2022-11-18T00:00:00.000Z,1.6,102.3,5.38,3.9,11.34,9.428,521
2022-11-19T00:00:00.000Z,1.88,95.72,3.6,3,4.75,5.642,541
2022-11-20T00:00:00.000Z,0.95,52.5,4.2,2.71,5.19,4.424,561
2022-11-21T00:00:00.000Z,1.1,14.32,2.42,1.9,3.15,1.655,556
2022-11-22T00:00:00.000Z,1.6,120.2,3.3,2.78,4.07,7.194,554
2022-11-23T00:00:00.000Z,1.77,88.2,4.5,3.1,5.78,5.751,555
2022-11-24T00:00:00.000Z,1.8,25.8,3.75,3.09,4.68,2.654,553
2022-11-25T00:00:00.000Z,1.75,67.05,4.01,3.35,5.7,4.715,546
2022-11-26T00:00:00.000Z,1.73,19.75,3.42,2.7,4.07,2.244,551
2022-11-27T00:00:00.000Z,3.1,15.88,4.95,4.45,6.52,2.304,561
2022-11-28T00:00:00.000Z,3.28,24.02,6.47,4.65,10.05,4.907,552
2022-11-29T00:00:00.000Z,4.4,39.45,8.18,5.6,17.45,9.893,526
2022-11-30T00:00:00.000Z,3.1,34.77,12.05,7.45,15.03,6.867,552
2022-12-01T00:00:00.000Z,1.7,25,5.44,4.48,7.59,5.59,504
2022-12-02T00:00:00.000Z,1.9,13.18,3.15,2.75,4.5,2.069,558
2022-12-03T00:00:00.000Z,1.63,11,3.03,2.47,4.25,1.503,559
2022-12-04T00:00:00.000Z,0.95,13.53,3,2.47,3.65,1.521,555
2022-12-05T00:00:00.000Z,1.05,396.73,1.98,1.6,2.5,20.289,547
2022-12-06T00:00:00.000Z,1.08,66.09,2.35,1.67,3.4,5.947,554
2022-12-07T00:00:00.000Z,0.7,65.38,3.03,2.44,4.13,3.568,545
2022-12-08T00:00:00.000Z,0.73,59.1,2.67,1.6,5.76,5.615,557
2022-12-09T00:00:00.000Z,0.95,237.85,2.1,1.42,4.3,15.879,551
2022-12-10T00:00:00.000Z,0.85,7.78,2,1.55,2.97,1.341,558
2022-12-11T00:00:00.000Z,0.9,22.17,2.4,1.7,2.97,1.313,558
2022-12-12T00:00:00.000Z,1.35,42.67,3.9,2.97,5.13,2.485,543
2022-12-13T00:00:00.000Z,1.08,7.95,2.35,1.98,3.24,1.128,549
2022-12-14T00:00:00.000Z,0.73,199.07,1.98,1.58,2.64,8.635,545
2022-12-15T00:00:00.000Z,1.45,20.35,4.32,2.6,7.67,3.892,533
2022-12-16T00:00:00.000Z,4.2,80.81,21.02,13.64,30.22,17.908,464
2022-12-17T00:00:00.000Z,1.98,33.78,7.79,5.13,12.75,7.173,514
2022-12-18T00:00:00.000Z,1.7,14.5,5.22,4.43,7.15,2.029,540
2022-12-19T00:00:00.000Z,1.4,11.2,3.28,2.45,4.97,1.872,556
2022-12-20T00:00:00.000Z,0.68,7.57,2.12,1.4,3.28,1.42,556
2022-12-21T00:00:00.000Z,0.7,7.7,2.1,1.48,3.5,1.477,537
2022-12-22T00:00:00.000Z,0.3,7.93,1.35,0.95,2.67,1.258,539
2022-12-23T00:00:00.000Z,0.9,41.95,2.25,1.73,3.95,4.199,387
2022-12-24T00:00:00.000Z,1.6,10.65,2.97,2.6,3.4,0.869,499
2022-12-25T00:00:00.000Z,2.27,12.02,5.07,4.28,6.18,1.468,503
2022-12-26T00:00:00.000Z,3.08,14.95,4.7,4.25,6.22,2.123,422
2022-12-27T00:00:00.000Z,2.1,20.25,3.8,3.22,4.84,2.391,512
2022-12-28T00:00:00.000Z,2.02,16.32,4.09,3.42,5.03,1.479,482
2022-12-29T00:00:00.000Z,2.15,8.19,3.78,3.28,4.45,1.067,551
2022-12-30T00:00:00.000Z,2.4,10.95,3.9,3.33,7.1,2.219,311
2023-01-06T00:00:00.000Z,2.78,7.88,4.51,3.83,5.03,0.875,166
2023-01-07T00:00:00.000Z,2.33,28.13,4.07,3.5,6.4,2.387,495
2023-01-08T00:00:00.000Z,1.63,23.35,4.3,3.45,6.03,2.209,498
2023-01-09T00:00:00.000Z,1.9,20.48,4.2,3.05,6.03,4.315,479
2023-01-10T00:00:00.000Z,2.38,52.5,5.13,3.99,11.5,5.511,484
2023-01-11T00:00:00.000Z,2.27,28.23,6.35,3.8,9,3.762,482
2023-01-12T00:00:00.000Z,1.1,12.6,2.6,2.02,3.6,1.338,486
2023-01-13T00:00:00.000Z,1.2,6.13,2.44,1.95,3.22,1.044,452
2023-01-14T00:00:00.000Z,1.4,16.52,2.83,2.35,3.54,1.41,492
2023-01-15T00:00:00.000Z,1.63,7.97,2.75,2.29,3.2,0.821,424
2023-01-16T00:00:00.000Z,2.42,14.35,6.13,4.8,8.82,2.653,474
2023-01-17T00:00:00.000Z,2.95,75.95,5.28,4.3,8.35,5.958,487
2023-01-18T00:00:00.000Z,3.7,20.3,5.9,5.15,7.68,2.573,415
2023-01-19T00:00:00.000Z,4.2,179.95,8.73,5.5,14.82,13.059,495
2023-01-20T00:00:00.000Z,3.78,74.81,10.18,8.02,20.61,13.296,493
2023-01-21T00:00:00.000Z,2.78,169.1,5.18,4.3,8.34,9.974,485
2023-01-22T00:00:00.000Z,2.35,250.57,4.82,4.22,5.6,19.232,499
2023-01-23T00:00:00.000Z,1.63,14.77,3.22,2.72,4.22,1.755,427
2023-01-24T00:00:00.000Z,1.12,16.1,4.55,3.72,8.18,3.189,493
2023-01-25T00:00:00.000Z,0.9,13.32,2.4,1.55,3.25,1.503,450
2023-01-26T00:00:00.000Z,1.3,40.25,2.6,1.9,4.26,2.874,488
2023-01-27T00:00:00.000Z,0.98,10.93,2.49,1.88,3.37,1.139,400
2023-01-28T00:00:00.000Z,1.77,29.13,3.53,2.83,4.59,2.846,494
2023-01-29T00:00:00.000Z,1.55,15.95,2.62,2.25,3.12,1.144,488
2023-01-30T00:00:00.000Z,1.6,19.1,3.7,2.75,5.75,2.345,486
2023-01-31T00:00:00.000Z,1.67,13.32,3.42,2.7,4.82,2.244,460
2023-02-01T00:00:00.000Z,1.67,17.85,3.47,2.7,5.47,2.521,486
2023-02-02T00:00:00.000Z,2.02,16.63,4.25,3.7,5.3,2.036,485
2023-02-03T00:00:00.000Z,3.28,24.27,8.6,7.15,11.1,3.122,371
2023-02-04T00:00:00.000Z,4.5,259.6,8.02,6.85,10.23,14.642,499
2023-02-05T00:00:00.000Z,4.28,120.85,6.28,5.52,7.28,6.087,457
2023-02-06T00:00:00.000Z,6.75,194.68,13.8,9.01,43.09,25.735,421
2023-02-07T00:00:00.000Z,30.85,108.25,55.8,42.97,66,14.175,431
2023-02-08T00:00:00.000Z,39.22,78.06,55.5,51.54,61.02,8.673,393
2023-02-09T00:00:00.000Z,35.63,95.57,56.7,49.03,67.3,13.987,434
2023-02-10T00:00:00.000Z,33.25,86.4,48.8,39.95,69.03,15.249,452
2023-02-11T00:00:00.000Z,12.48,59.17,29.99,23.73,35.13,8.57,414
2023-02-12T00:00:00.000Z,4.09,63.03,23.8,22.13,25.77,7.321,481
2023-02-13T00:00:00.000Z,1.2,45.3,4.03,1.92,6.34,3.368,381
2023-02-14T00:00:00.000Z,1.65,9.55,3.05,2.54,4.75,1.5,420
2023-02-15T00:00:00.000Z,2.13,13.13,3.71,3.03,4.67,1.397,388
2023-02-16T00:00:00.000Z,2.85,14.52,5.9,4.4,6.78,1.688,406
2023-02-17T00:00:00.000Z,2.52,11.25,3.72,3.25,4.65,1.371,367
2023-02-18T00:00:00.000Z,2.6,139.35,4.25,3.78,5.3,9.962,490
2023-02-19T00:00:00.000Z,1.5,24.5,4.07,3.08,4.75,2.1,409
2023-02-20T00:00:00.000Z,1.45,15.3,3.25,2.15,4.38,1.72,489
2023-02-21T00:00:00.000Z,5.68,26.13,9.18,7.53,11.8,2.884,479
2023-02-22T00:00:00.000Z,8.8,50.53,13.62,11.7,16.13,4.504,398
2023-02-23T00:00:00.000Z,5.13,21.33,10.73,9.68,12.35,2.948,368
2023-02-24T00:00:00.000Z,6.25,99.47,9.19,8.32,11.5,7.898,490
2023-02-25T00:00:00.000Z,3.22,26.5,8.18,6.94,9.73,4.789,409
2023-02-26T00:00:00.000Z,1.67,49.7,5.45,4.45,6.63,2.9,489
2023-02-27T00:00:00.000Z,1.35,15.27,4.78,3.5,6.28,2.008,490
2023-02-28T00:00:00.000Z,1.48,17.77,3.47,2.78,4.3,1.437,407
2023-03-01T00:00:00.000Z,2.4,17.48,4.32,3.5,5.7,2.35,496
2023-03-02T00:00:00.000Z,1.8,17.52,3.79,3.08,4.59,1.681,494
2023-03-03T00:00:00.000Z,2.04,35.45,4.65,3.53,6.38,2.762,466
2023-03-04T00:00:00.000Z,1.73,132.4,7.43,6.05,8.6,8.403,495
2023-03-05T00:00:00.000Z,1.5,46.47,3.53,2.88,4.79,3.698,497
2023-03-06T00:00:00.000Z,3.5,28.73,5.88,4.95,7.9,2.566,491
2023-03-07T00:00:00.000Z,2.58,23.48,5.13,4.22,6.32,3.876,486
2023-03-08T00:00:00.000Z,1.5,22.73,3.53,2.5,7.57,4.487,501
2023-03-09T00:00:00.000Z,1.12,19.05,2.75,2.29,4.22,2.248,431
2023-03-10T00:00:00.000Z,1.1,69.09,3.08,1.85,5.03,4.298,495
2023-03-11T00:00:00.000Z,1.52,113.38,3.08,2.4,4.43,6.103,498
2023-03-12T00:00:00.000Z,1.65,193.82,3.78,3,6.22,14.417,491
2023-03-13T00:00:00.000Z,1.63,82.38,2.79,2.19,5.96,6.947,492
2023-03-14T00:00:00.000Z,1.6,103.35,3.3,2.67,6.35,10.112,352
2023-03-15T00:00:00.000Z,0.47,81.93,2.09,1.33,5.56,6.641,500
2023-03-16T00:00:00.000Z,1.1,20.63,2.7,1.98,5.47,3.273,499
2023-03-17T00:00:00.000Z,1,53.75,2.5,1.85,4.8,4.505,493
2023-03-18T00:00:00.000Z,1.52,523.7,2.83,2.27,4.38,26.521,407
2023-03-19T00:00:00.000Z,1.02,78.81,2.25,1.77,2.95,5.616,490
2023-03-20T00:00:00.000Z,0.9,11.57,2.8,1.9,3.78,1.409,492
2023-03-21T00:00:00.000Z,1.48,60.8,3.65,3.13,5.78,4.356,497
2023-03-22T00:00:00.000Z,1.73,13.8,3.63,2.9,4.45,1.178,486
2023-03-23T00:00:00.000Z,1.92,11.4,4.2,3.33,5.5,1.489,497
2023-03-24T00:00:00.000Z,2.13,14.77,6.25,4.84,8.75,2.284,490
2023-03-25T00:00:00.000Z,3.6,16.89,5.99,5.05,7.13,1.53,480
2023-03-26T00:00:00.000Z,4.18,23.13,6.47,5.77,7.31,1.706,445
2023-03-27T00:00:00.000Z,4.63,41.7,7.28,6.6,9.46,4,452
2023-03-28T00:00:00.000Z,2.7,121,10.64,8.86,14.68,9.253,484
2023-03-29T00:00:00.000Z,1.98,182.32,3.95,3.17,6.32,12.347,371
2023-03-30T00:00:00.000Z,1.4,5.22,2.33,2.02,3.13,0.846,28
2023-03-31T00:00:00.000Z,1.55,26.45,3.3,2.35,5.15,3.188,487
2023-04-01T00:00:00.000Z,1.67,16.3,3.29,2.72,4.4,1.95,428
2023-04-02T00:00:00.000Z,2.33,18.17,4.88,4.18,6.15,2.083,475
2023-04-03T00:00:00.000Z,1.7,21.2,4.03,2.67,5.45,3.726,492
2023-04-04T00:00:00.000Z,2.02,38.47,5.3,4.2,8.38,8.658,499
2023-04-05T00:00:00.000Z,2.45,26.63,4.63,3.78,6.59,2.943,496
2023-04-06T00:00:00.000Z,1.7,214.3,4.07,3.08,5.65,11.937,505
2023-04-07T00:00:00.000Z,1.27,191.35,4,3.47,5.03,9.048,486
2023-04-08T00:00:00.000Z,1.25,593.33,2.84,2,3.88,32.723,502
2023-04-09T00:00:00.000Z,2.1,62.05,4.7,3.25,5.88,3.828,505
2023-04-10T00:00:00.000Z,3.38,38,5.49,4.55,7.55,4.803,426
2023-04-11T00:00:00.000Z,1.83,29.23,7.03,5.25,10.06,5.744,500
2023-04-12T00:00:00.000Z,2,115.75,5.38,3.4,13.1,9.666,499
2023-04-13T00:00:00.000Z,1.12,113.85,5.25,2.7,13.18,8.902,505
2023-04-14T00:00:00.000Z,1.8,41.7,8.91,5.49,18.05,7.564,504
2023-04-15T00:00:00.000Z,6.55,87.68,20.32,13.3,36.79,13.637,506
2023-04-16T00:00:00.000Z,7.9,75.9,22.08,17.42,26.42,7.011,503
2023-04-17T00:00:00.000Z,4.18,99.97,14.97,11.67,18.59,9.518,500
2023-04-18T00:00:00.000Z,4.43,29.27,6.5,5.89,9.75,4.666,504
2023-04-19T00:00:00.000Z,2.97,50.53,8.82,7.28,10.98,3.645,430
2023-04-20T00:00:00.000Z,2.17,89.13,5.43,3.88,8,6.182,507
2023-04-21T00:00:00.000Z,4.34,41.08,10.38,6.7,29.72,11.686,456
2023-04-22T00:00:00.000Z,6.4,48.92,27.5,24.7,32.57,8.098,445
2023-04-23T00:00:00.000Z,8.4,140.3,13.02,11.82,17.73,9.053,329
2023-04-24T00:00:00.000Z,4.18,89.47,14.75,10.7,24.35,9.432,499
2023-04-25T00:00:00.000Z,1.35,96.6,11.07,7,14.52,9.336,507
2023-04-26T00:00:00.000Z,8.35,51.45,15.68,11.25,24.77,10.673,503
2023-04-27T00:00:00.000Z,14.6,78.2,40.69,26.9,52.25,16.736,506
2023-04-28T00:00:00.000Z,5.09,123.9,52.53,47.34,65.31,18.616,349
2023-04-29T00:00:00.000Z,1.8,180.32,11.38,8.4,19.48,16.351,503
2023-04-30T00:00:00.000Z,0.17,81.9,2.25,1.3,3.97,7.683,367
2023-05-01T00:00:00.000Z,1.77,153.07,4.7,3.28,8.32,8.255,503
2023-05-02T00:00:00.000Z,5.53,61.38,10.9,7.97,15.63,6.03,499
2023-05-03T00:00:00.000Z,10.5,65.55,17.55,15.12,24.17,14.203,361
2023-05-04T00:00:00.000Z,24,64.93,36.04,29.65,47.77,11.451,505
2023-05-05T00:00:00.000Z,24.5,77.03,44.03,38.2,49.31,10.301,360
2023-05-06T00:00:00.000Z,19.45,441.63,54.46,44.08,61.6,33.773,502
2023-05-07T00:00:00.000Z,15.88,93.78,58.88,36.15,66.81,18.194,392
2023-05-15T00:00:00.000Z,17.25,441.65,49.65,38.15,58.47,37.748,503
2023-05-16T00:00:00.000Z,18.63,184.65,56.9,46.87,63.88,16.128,404
2023-05-17T00:00:00.000Z,1.4,236.85,13.7,6.75,16.23,22.539,493
2023-05-18T00:00:00.000Z,6.43,32.58,13.64,9.9,19.98,6.934,502
2023-05-19T00:00:00.000Z,9.69,41.6,18.2,15.28,24.23,7.014,501
2023-05-20T00:00:00.000Z,10.68,53.58,23.24,18.67,32.19,10.744,508
2023-05-21T00:00:00.000Z,16.6,51.2,27.75,25.52,33.67,5.929,502
2023-05-22T00:00:00.000Z,0.77,51.53,13.65,4.8,24.3,11.612,471
2023-05-23T00:00:00.000Z,0.8,40.58,8.86,4.72,14.7,7.84,502
2023-05-24T00:00:00.000Z,3.53,63.88,10.34,7.31,14.18,5.675,504
2023-05-25T00:00:00.000Z,0,415.88,23.67,19.3,33.78,22.546,471
2023-05-26T00:00:00.000Z,0.2,35.38,4.53,1.85,9.35,5.54,379
2023-05-27T00:00:00.000Z,11.55,82.88,18.8,17.34,21.85,6.963,404
2023-05-28T00:00:00.000Z,6.8,575.5,24.18,17.05,35.97,32.58,428
2023-05-29T00:00:00.000Z,22.13,72.8,48.33,44.6,52.92,7.907,443
2023-05-30T00:00:00.000Z,8.52,78,42.42,25.13,56.45,17.697,507
2023-05-31T00:00:00.000Z,16.32,77.84,44.5,39.42,52.01,11.811,313
2023-06-01T00:00:00.000Z,6.72,74.95,27.27,23.48,39.22,12.814,495
2023-06-02T00:00:00.000Z,7.18,49.6,22.02,18.23,25.33,5.954,494
2023-06-03T00:00:00.000Z,12.2,73,21.39,17.57,27.25,7.779,410
2023-06-04T00:00:00.000Z,13.02,46.42,24.67,21.34,31.6,7.161,505
2023-06-05T00:00:00.000Z,13.23,56.83,30.48,23.1,39.92,9.876,499
2023-06-06T00:00:00.000Z,9.52,64.75,22.95,16.05,34.47,11.436,319
2023-06-07T00:00:00.000Z,2.8,44.75,25.23,13.62,30.89,10.759,501
2023-06-08T00:00:00.000Z,11.18,35.65,21.33,18.25,25.62,5.797,389
2023-06-09T00:00:00.000Z,1.4,48.15,15.34,5.09,19.25,7.221,500
2023-06-10T00:00:00.000Z,1.2,158.05,13.48,8.35,19.1,10.2,505
2023-06-11T00:00:00.000Z,9.1,74.72,19.35,12.18,31.35,10.826,511
2023-06-12T00:00:00.000Z,5.95,122.65,25.89,17.39,32.6,14.558,510
2023-06-13T00:00:00.000Z,0.4,51.83,10.93,4.84,28.88,12.238,510
2023-06-14T00:00:00.000Z,0.7,53.88,13.18,3.62,26.27,12.589,500
2023-06-15T00:00:00.000Z,4.97,44.63,21.16,10.43,27.88,10.319,510
2023-06-16T00:00:00.000Z,5.65,59.6,16.3,10.3,26.8,11.372,510
2023-06-17T00:00:00.000Z,23.98,79.75,33.53,29.98,37.38,10.319,30
2023-07-28T00:00:00.000Z,35.1,47.65,38.4,37.15,39.92,2.28,35
2023-07-29T00:00:00.000Z,4.88,151.82,29.05,18.07,40.63,17.942,571
2023-07-30T00:00:00.000Z,14.7,120.3,37.88,25,55.13,18.209,571
2023-07-31T00:00:00.000Z,1.55,109.82,32.58,15.49,48.8,19.528,569
2023-08-01T00:00:00.000Z,4.97,92.7,37.21,30.5,42.58,19.304,574
2023-08-02T00:00:00.000Z,5.55,76.47,36.82,27.98,46.81,16.394,568
2023-08-03T00:00:00.000Z,5.53,150.47,26.35,17.73,40.14,16.833,557
2023-08-04T00:00:00.000Z,7.45,63.1,18.8,14.79,29.05,10.877,572
2023-08-05T00:00:00.000Z,15.48,218.43,29.94,23.15,38.92,12.89,570
2023-08-06T00:00:00.000Z,20.88,89.05,35.61,30.12,40.1,7.993,572
2023-08-07T00:00:00.000Z,10.07,56.47,29.73,23.8,36.1,10.497,574
2023-08-08T00:00:00.000Z,16.35,128.63,39,34.46,44.99,12.519,573
2023-08-09T00:00:00.000Z,16.38,89.72,43.82,39.42,57.25,14.881,566
2023-08-10T00:00:00.000Z,0.1,57,1.9,1.2,14.9,11.758,559
2023-08-11T00:00:00.000Z,1.7,36.29,8.93,4.8,17.2,8.159,567
2023-08-12T00:00:00.000Z,4.7,47.53,18.38,14.43,27.98,9.025,571
2023-08-13T00:00:00.000Z,7.43,95.82,20.8,15.99,27.45,8.983,573
2023-08-14T00:00:00.000Z,1.14,36.29,8.23,5.09,15.43,7.461,572
2023-08-15T00:00:00.000Z,6.88,152.75,26.3,15.65,36.2,14.514,571
2023-08-16T00:00:00.000Z,5.18,54.6,14.78,11.72,20.87,6.6,572
2023-08-17T00:00:00.000Z,0.7,31.58,14.38,9.13,18.39,7.39,573
2023-08-18T00:00:00.000Z,1.7,42.7,10.7,3.38,19.75,8.26,571
2023-08-19T00:00:00.000Z,0.1,36.13,8.07,2.13,20.17,9.006,571
2023-08-20T00:00:00.000Z,0.6,125.28,5.31,2.85,12.02,14.905,566
2023-08-21T00:00:00.000Z,0.7,109.32,4.09,3.08,6.13,6.249,552
2023-08-22T00:00:00.000Z,0,45.92,0.17,0.1,1.04,3.657,573
2023-08-23T00:00:00.000Z,0,32.5,1.8,0.5,4.25,4.607,574
2023-08-24T00:00:00.000Z,1,33.2,12.6,8.93,16.6,5.198,572
2023-08-25T00:00:00.000Z,1.25,22.48,9.46,5.39,14.09,5.125,572
2023-08-26T00:00:00.000Z,2.42,48.95,11.4,9.91,13.01,4.657,569
2023-08-27T00:00:00.000Z,3.9,165.15,8.78,5.81,13.99,8.948,560
2023-08-28T00:00:00.000Z,0.7,50.2,11.55,3.38,15.23,6.411,568
2023-08-29T00:00:00.000Z,0.88,32.22,4.29,2.25,9.99,6.464,572
2023-08-30T00:00:00.000Z,1.88,22.75,7.05,4.2,12.38,4.692,567
2023-08-31T00:00:00.000Z,4.82,42.13,13.83,11.85,21.58,8.042,570
2023-09-01T00:00:00.000Z,3.95,108.13,10.87,7.9,15.1,6.512,568
2023-09-02T00:00:00.000Z,4.13,34.67,13.75,11.95,15.94,3.446,565
2023-09-03T00:00:00.000Z,4.84,80.2,19.02,16.44,27.1,9.991,568
2023-09-04T00:00:00.000Z,3.4,43.9,9.75,6.42,16.04,5.814,569
2023-09-05T00:00:00.000Z,4.78,116.78,20.89,12.9,37.36,16.525,568
2023-09-06T00:00:00.000Z,0.5,110.32,23.97,14.29,43.23,19.049,572
2023-09-07T00:00:00.000Z,0.1,56.15,13.7,3.75,19.75,9.917,575
2023-09-08T00:00:00.000Z,1.85,195.65,16.25,13.43,19.59,10.252,573
2023-09-09T00:00:00.000Z,6.1,270.08,17.13,12.52,22.77,21.293,571
2023-09-10T00:00:00.000Z,1.3,81.75,15.1,11.52,25.75,11.016,570
2023-09-18T00:00:00.000Z,2.08,142.57,17.2,9.8,26.98,12.925,566
2023-09-19T00:00:00.000Z,11.68,459.9,26.77,23.47,31.92,26.236,557
2023-09-20T00:00:00.000Z,4.43,40.65,10.6,7.92,12.87,4.849,544
2023-09-21T00:00:00.000Z,2.29,95.43,12.88,8.05,20.3,10.327,573
2023-09-22T00:00:00.000Z,2.8,53.95,13.92,5.13,25.42,10.497,566
2023-09-23T00:00:00.000Z,11.6,169.25,29.85,22.05,57.56,23.963,573
2023-09-24T00:00:00.000Z,8.32,169.13,29.23,16.22,41.25,18.345,569
2023-09-25T00:00:00.000Z,0.5,95.38,18.01,8.48,23.65,10.215,572
2023-09-26T00:00:00.000Z,0.2,69.53,3.08,1.2,5.13,5.983,551
2023-09-27T00:00:00.000Z,1.98,59.22,4.75,3.5,10.1,6.058,564
2023-09-28T00:00:00.000Z,3,44.85,7.85,5,12.63,5.062,575
2023-09-29T00:00:00.000Z,4.09,157.32,11.7,7.15,19.3,13.001,573
2023-09-30T00:00:00.000Z,5.9,120.22,12.2,9.65,20,13.408,565
2023-10-01T00:00:00.000Z,7.57,239.93,27.17,13.88,33.95,20.541,554
2023-10-02T00:00:00.000Z,3.8,81.88,12.77,7.43,16.55,7.618,557
2023-10-03T00:00:00.000Z,2.92,44.4,7.22,5.15,9.69,5.423,563
2023-10-04T00:00:00.000Z,2.2,79.25,7.88,5.63,12.2,6.714,569
2023-10-05T00:00:00.000Z,2.47,92.22,6.6,4.47,11.63,7.937,566
2023-10-06T00:00:00.000Z,1.9,63.63,8.1,4.72,16.12,12.664,564
2023-10-07T00:00:00.000Z,1.7,108.38,9.3,6.12,13.96,10.058,561
2023-10-08T00:00:00.000Z,1.88,96.13,4.63,3.8,8.35,7.715,562
2023-10-09T00:00:00.000Z,1.77,31.3,3.4,2.75,5.19,4.346,552
2023-10-10T00:00:00.000Z,1.9,76.15,6.3,3.03,8.27,5.102,535
2023-10-11T00:00:00.000Z,3.58,173.35,15.93,7.43,24.8,16.599,559
2023-10-12T00:00:00.000Z,2.54,242.05,8.35,6.32,15.57,15.665,556
2023-10-13T00:00:00.000Z,2.47,138.43,6.79,4.95,17.35,13.272,552
2023-10-14T00:00:00.000Z,1.35,138.47,4.55,3.55,6.75,8.403,566
2023-10-15T00:00:00.000Z,1.23,64.4,3.3,2.6,5.63,4.673,568
2023-10-16T00:00:00.000Z,1.52,327.08,4.32,2.88,7.55,19.526,558
2023-10-17T00:00:00.000Z,1.5,223,4,2.85,7.4,12.142,554
2023-10-18T00:00:00.000Z,1.58,143.05,6.3,3.9,9.86,10.439,553
2023-10-19T00:00:00.000Z,2.52,98.7,5.3,4.17,9.28,8.856,552
2023-10-20T00:00:00.000Z,3.17,112.25,9.25,5.18,17.27,9.99,571
2023-10-21T00:00:00.000Z,12.7,148.43,35.5,25.38,48.38,17.031,570
2023-10-22T00:00:00.000Z,17.27,222.9,40.88,34.99,54.79,20.571,569
2023-10-23T00:00:00.000Z,7.28,66.4,23.52,13.88,30.15,9.856,568
2023-10-24T00:00:00.000Z,3.65,92.7,14.3,10.63,35.78,16.58,567
2023-10-25T00:00:00.000Z,3.97,91.07,8.82,6.84,14.74,8.923,573
2023-10-26T00:00:00.000Z,2.7,39.45,5.56,4.53,9.3,4.323,570
2023-10-27T00:00:00.000Z,4.07,82.9,10.85,6.88,16.27,10.082,567
2023-10-28T00:00:00.000Z,3.7,115.95,14.19,11.05,18.52,7.821,574
2023-10-29T00:00:00.000Z,0.43,133.32,6.35,4.2,8.18,10.492,562
2023-10-30T00:00:00.000Z,1.33,64.88,6.5,3.53,12.73,7.951,559
2023-10-31T00:00:00.000Z,2.4,479.17,12.43,5.57,25.52,26.456,563
2023-11-01T00:00:00.000Z,1.83,34.08,3.7,2.97,5.88,4.304,558
2023-11-02T00:00:00.000Z,0.1,50.92,5.5,2.54,9.51,5.482,552
2023-11-03T00:00:00.000Z,0.2,40.75,2.12,0.93,6.85,6.313,552
2023-11-04T00:00:00.000Z,1.33,95.18,5.6,4.78,7.63,7.714,562
2023-11-05T00:00:00.000Z,2.7,46.33,7.06,5.28,13.19,5.393,572
2023-11-06T00:00:00.000Z,2.4,115.7,5.64,4.09,14.68,10.424,566
2023-11-07T00:00:00.000Z,1.3,104.18,7.63,3.49,18.04,12.642,568
2023-11-08T00:00:00.000Z,0.82,39.83,3.1,1.9,7.87,6.868,568
2023-11-09T00:00:00.000Z,1.42,106.55,3.6,2.25,6.43,6.163,535
2023-11-10T00:00:00.000Z,1.6,121.9,4.7,3.38,7.38,8.25,565
2023-11-11T00:00:00.000Z,1.77,143.27,13.85,6.53,18.07,12.297,571
2023-11-12T00:00:00.000Z,5.07,139.88,20.67,13.88,25.65,13.835,351
2023-11-13T00:00:00.000Z,1.7,46.88,5.85,3.13,14.15,7.891,570
2023-11-14T00:00:00.000Z,1.25,97.93,5.32,3.2,10.73,7.252,567
2023-11-15T00:00:00.000Z,1.25,23.75,2.6,2.1,4.3,3.037,167