# Sensor UOH azotea, Rancagua, Chile (Purple Air/47237)
# https://aqicn.org/station/@349147/
# Daily pm25
date,min,max,median,q1,q3,stdev,count
2022-07-22T00:00:00.000Z,28.5,49.6,41.85,40.4,47.6,5.792,10
2022-07-23T00:00:00.000Z,38,38,38,38,38,0,1
2022-07-24T00:00:00.000Z,70.5,71,70.75,70.5,71,0.25,2
2022-07-25T00:00:00.000Z,54.1,60.2,57.3,55.7,59.35,1.923,9
2022-07-26T00:00:00.000Z,34.7,92.5,39.85,37.9,53.05,19.089,52
2022-07-27T00:00:00.000Z,35.1,51.3,46.9,39.8,49,5.38,19
2022-07-28T00:00:00.000Z,12.5,40.1,18,14.5,39.75,11.937,5
2022-07-29T00:00:00.000Z,55.7,76.2,63.4,59.2,67.4,6.352,11
2022-07-31T00:00:00.000Z,58.1,60.4,59.25,58.1,60.4,1.15,2
2022-08-01T00:00:00.000Z,49.5,100.4,54,50.95,59.9,9.116,44
2022-08-02T00:00:00.000Z,46.1,46.1,46.1,46.1,46.1,0,1
2022-08-03T00:00:00.000Z,49.2,75.1,51.1,50.5,52.8,7.02,14
2022-08-04T00:00:00.000Z,16.2,59.8,40.8,31,47.9,10.663,270
2022-08-05T00:00:00.000Z,16.5,99.8,42.8,29.9,51.65,13.321,652
2022-08-06T00:00:00.000Z,17.4,92.6,44,40,48.1,8.909,671
2022-08-07T00:00:00.000Z,0,32.6,5.8,3,9.8,5.665,662
2022-08-08T00:00:00.000Z,8.5,47.7,18.8,14.2,26.6,8.08,679
2022-08-09T00:00:00.000Z,5,115,38.8,29.55,49.5,16.752,673
2022-08-10T00:00:00.000Z,7.6,126.9,41.8,32.2,46.5,14.76,672
2022-08-11T00:00:00.000Z,19,94.2,48.5,33.5,54.15,13.712,669
2022-08-12T00:00:00.000Z,20.3,81.4,40.4,36.5,43.9,7.777,650
2022-08-13T00:00:00.000Z,17.4,124.9,45.1,37.7,57.9,18.737,675
2022-08-14T00:00:00.000Z,2.1,85.8,45.7,28.6,49.2,16.721,662
2022-08-15T00:00:00.000Z,0.1,52,9.19,4.8,17.5,9.605,648
2022-08-16T00:00:00.000Z,13,68.4,38.6,29.9,44.4,10.85,650
2022-08-17T00:00:00.000Z,6.6,93.4,28.1,18.8,42.9,14.567,647
2022-08-18T00:00:00.000Z,2.7,61.9,27.35,12.7,34.5,13.339,666
2022-08-19T00:00:00.000Z,8.4,80.7,39.6,30,45.35,11.091,668
2022-08-20T00:00:00.000Z,5.9,131.7,46.5,33.8,54.5,21.491,659
2022-08-21T00:00:00.000Z,32,182.4,51.6,42.5,59.9,28.13,662
2022-08-22T00:00:00.000Z,35.4,80.2,51.1,47.1,54,6.682,662
2022-08-23T00:00:00.000Z,47.8,77.5,59.6,57.5,64.3,5.071,651
2022-08-24T00:00:00.000Z,20.4,94.3,59.1,43.9,68.59,16.166,676
2022-08-25T00:00:00.000Z,9.4,135.9,50.2,39.29,56.2,20.225,643
2022-08-26T00:00:00.000Z,41.4,107.7,52.55,48.2,60.4,12.489,664
2022-08-27T00:00:00.000Z,18.5,98.7,54.45,39.75,64.75,17.437,672
2022-08-28T00:00:00.000Z,3.7,121.8,50.6,17.5,57.9,25.244,670
2022-08-29T00:00:00.000Z,7.9,70.3,33,23.1,39.2,10.663,648
2022-08-30T00:00:00.000Z,43.1,94,55.6,52,59.7,8.039,647
2022-08-31T00:00:00.000Z,33.6,71.2,48.4,46.8,50.3,4.006,643
2022-09-01T00:00:00.000Z,31.1,51,44,41.3,47.1,3.738,639
2022-09-02T00:00:00.000Z,15,77,49.1,44.1,54.75,13.108,653
2022-09-03T00:00:00.000Z,7,128.7,30.35,23.15,38.29,12.115,660
2022-09-04T00:00:00.000Z,14.8,51.2,35,29.2,40,7.634,635
2022-09-05T00:00:00.000Z,11.4,49,28.45,23.6,33.29,6.436,668
2022-09-06T00:00:00.000Z,9,51,34.6,16.89,40.1,12.726,659
2022-09-07T00:00:00.000Z,3.8,56.6,33.29,15.7,40.75,14.16,660
2022-09-08T00:00:00.000Z,0,44.7,8.1,3.75,12.45,9.089,636
2022-09-09T00:00:00.000Z,7,84,21.85,11.4,32,15.16,650
2022-09-10T00:00:00.000Z,11.6,66.2,38.25,28.7,44.5,10.397,626
2022-09-11T00:00:00.000Z,14,60.4,29.6,26.6,34.2,6.551,642
2022-09-12T00:00:00.000Z,16.8,152.5,34.1,22.9,39.4,15.081,605
2022-09-13T00:00:00.000Z,19.1,47.2,33.7,30.5,37.7,5.074,607
2022-09-14T00:00:00.000Z,11.7,64.9,44.5,29.5,48.6,12.865,639
2022-09-15T00:00:00.000Z,9.1,60.4,33.6,18.3,39,11.66,627
2022-09-16T00:00:00.000Z,31.7,77.1,46.4,42,50.5,6.831,594
2022-09-29T00:00:00.000Z,33.6,50.5,41.65,38,45.95,4.695,104
2022-09-30T00:00:00.000Z,20,60.5,49.4,41.2,52.3,9.355,653
2022-10-01T00:00:00.000Z,17.1,47.5,31.9,28.4,38.79,6.572,664
2022-10-02T00:00:00.000Z,12.4,66.9,39.29,24.6,41.7,10.783,651
2022-10-03T00:00:00.000Z,18.8,51.7,32.5,29.6,36.79,5.252,649
2022-10-04T00:00:00.000Z,10.6,42.6,28,20.5,34.79,8.096,655
2022-10-05T00:00:00.000Z,15.5,51.8,36.6,30.95,41.8,7.173,660
2022-10-06T00:00:00.000Z,6.1,52.3,18.7,14.7,24.4,10.394,652
2022-10-07T00:00:00.000Z,0.4,38.6,13.8,9.3,17.1,8.39,635
2022-10-08T00:00:00.000Z,1,17.3,6.1,3.5,9.8,3.685,641
2022-10-09T00:00:00.000Z,0.9,31.4,9.9,6.3,14.15,5.434,644
2022-10-10T00:00:00.000Z,4.1,26.7,8.4,6.3,11.9,3.966,635
2022-10-11T00:00:00.000Z,7.4,40.2,14.6,11,19.8,7.504,654
2022-10-12T00:00:00.000Z,2.8,42.5,19.9,12.5,29.1,10.769,623
2022-10-13T00:00:00.000Z,2.2,26.6,12.4,8.1,16.2,5.497,653
2022-10-14T00:00:00.000Z,2.1,24.7,11.1,5.8,14.25,4.911,616
2022-10-15T00:00:00.000Z,3.6,36.6,10.2,6.4,16.3,8.587,646
2022-10-16T00:00:00.000Z,3.8,36.1,10.3,6.2,13.9,5.431,638
2022-10-17T00:00:00.000Z,4.3,43.7,11.05,7.3,19.2,7.621,662
2022-10-18T00:00:00.000Z,2.2,29,15.4,6.9,21.9,8.17,465
2022-10-21T00:00:00.000Z,5.7,30.6,15.9,12.3,20.5,5.497,619
2022-10-22T00:00:00.000Z,5.5,46,12.15,8.65,17.9,7.219,448
2022-10-24T00:00:00.000Z,4.5,19.1,7.1,6,11.6,3.932,363
2022-10-25T00:00:00.000Z,2,25.1,7.8,4.6,11.6,4.929,627
2022-10-26T00:00:00.000Z,1.9,16.1,6,4.5,8.6,3.297,646
2022-10-27T00:00:00.000Z,2.5,19.2,6.8,5.5,9.35,2.879,640
2022-10-28T00:00:00.000Z,1.8,18.4,6.1,4.6,9.4,3.409,641
2022-10-29T00:00:00.000Z,0.2,32,7.7,3,11.6,5.445,627
2022-10-30T00:00:00.000Z,0.3,25.6,1.4,0.9,2.1,2.145,568
2022-10-31T00:00:00.000Z,0,40.8,3.5,1.85,5.8,3.425,629
2022-11-01T00:00:00.000Z,0,27.8,5.9,4.2,10.7,6.272,623
2022-11-02T00:00:00.000Z,3.3,41.9,9.8,7.6,12.65,5.839,644
2022-11-03T00:00:00.000Z,5.3,31.3,10.5,8,15.4,5.025,625
2022-11-04T00:00:00.000Z,7,44.6,21.55,16.3,32.7,9.938,650
2022-11-05T00:00:00.000Z,7.6,115.3,20.39,12.7,30.35,11.267,677
2022-11-06T00:00:00.000Z,9.8,31.7,19.39,14.35,24.1,5.597,652
2022-11-07T00:00:00.000Z,11.3,37.1,19,15.4,25.3,5.986,656
2022-11-08T00:00:00.000Z,15.2,49,26.05,19.95,30.05,6.346,668
2022-11-09T00:00:00.000Z,4,38,17.6,11,21.8,6.378,667
2022-11-10T00:00:00.000Z,3.5,37.8,15.9,10.8,26.7,9.145,662
2022-11-11T00:00:00.000Z,1.9,30.8,9.9,4.95,16.14,7.554,625
2022-11-12T00:00:00.000Z,0.6,24.6,5.09,3.6,7.3,3.173,642
2022-11-13T00:00:00.000Z,0.9,50,5.3,2.8,9.1,6.555,640
2022-11-14T00:00:00.000Z,1,36.3,2.9,2.2,4.5,3.479,615
2022-11-15T00:00:00.000Z,1.7,13.4,4,3.2,5.2,1.875,629
2022-11-16T00:00:00.000Z,1.2,26.2,5.7,3.4,9.1,3.792,665
2022-11-17T00:00:00.000Z,3.1,26,6.9,5.6,9.2,2.748,613
2022-11-18T00:00:00.000Z,3.6,11.3,6.2,5.1,7.4,1.459,629
2022-11-19T00:00:00.000Z,2.5,13.1,5.4,4.4,6.4,1.588,645
2022-11-20T00:00:00.000Z,0.4,10.1,3,1.9,4.3,1.479,603
2022-11-21T00:00:00.000Z,0.8,9,2.5,1.8,3.4,1.351,628
2022-11-22T00:00:00.000Z,1.3,21.5,4.3,3.3,6,3.118,633
2022-11-23T00:00:00.000Z,0.2,17,5.7,4.1,7.1,2.645,630
2022-11-24T00:00:00.000Z,1.2,10.2,5,3.6,5.7,1.462,645
2022-11-25T00:00:00.000Z,4.1,63.5,9.3,6.6,11.45,7.19,649
2022-11-26T00:00:00.000Z,4.4,29.1,9.9,6.9,12.9,5.394,651
2022-11-27T00:00:00.000Z,5.7,46.3,13.2,10.6,16.35,6.55,657
2022-11-28T00:00:00.000Z,6.4,50.6,14.2,11.8,20.9,7.341,666
2022-11-29T00:00:00.000Z,7.4,32.8,15,9.9,21.1,7.023,663
2022-11-30T00:00:00.000Z,8.4,26.9,15.6,13,19,4.16,667
2022-12-01T00:00:00.000Z,2.8,24.2,8.2,6.1,10.4,3.356,581
2022-12-02T00:00:00.000Z,2.9,34.3,5.6,4.4,8.5,3.684,647
2022-12-03T00:00:00.000Z,2.9,31.2,5.5,4.7,13.1,5.568,646
2022-12-04T00:00:00.000Z,2,38.6,4.4,3.6,6.9,4.242,643
2022-12-05T00:00:00.000Z,2.4,29,6.1,4.2,10.19,3.883,651
2022-12-06T00:00:00.000Z,0.8,22.5,6.1,2.4,9.5,4.399,647
2022-12-07T00:00:00.000Z,1.1,24.8,7.85,5.6,12.25,5.343,656
2022-12-08T00:00:00.000Z,0.9,68.1,13.9,7.4,26.4,13.807,663
2022-12-09T00:00:00.000Z,1.3,24.7,3.6,2.8,5.2,3.943,646
2022-12-10T00:00:00.000Z,0.4,31.2,4.5,2.9,7.3,6.629,634
2022-12-11T00:00:00.000Z,0.9,25.1,4.09,2.6,6.7,3.565,630
2022-12-12T00:00:00.000Z,1.3,23.1,4.8,3.3,6.45,3.512,609
2022-12-13T00:00:00.000Z,1.7,18.6,5.5,4,8.4,3.652,650
2022-12-14T00:00:00.000Z,2.2,17.7,5.8,4.5,8.5,2.504,629
2022-12-15T00:00:00.000Z,1.4,12.6,4.8,3.7,6.4,1.964,642
2022-12-16T00:00:00.000Z,2.5,41.3,8.4,6.5,26.6,11.666,659
2022-12-17T00:00:00.000Z,7.5,41.1,31.3,25.6,35,8.285,655
2022-12-18T00:00:00.000Z,5.2,32.9,12.5,10.3,15,5.574,655
2022-12-19T00:00:00.000Z,1.8,21.9,7.4,6.4,8.94,4.388,617
2022-12-20T00:00:00.000Z,0.8,32,5.2,3.35,6.85,3.394,616
2022-12-21T00:00:00.000Z,1.3,13,4.3,2.8,5.6,1.814,627
2022-12-22T00:00:00.000Z,0.6,14.8,2.6,2.2,3.3,1.67,591
2022-12-23T00:00:00.000Z,2.2,38.2,7.6,5.5,12.5,4.963,632
2022-12-24T00:00:00.000Z,2,14.5,4,3.3,4.8,1.882,603
2022-12-25T00:00:00.000Z,4.8,36.7,23.8,18.25,27.75,7.423,657
2022-12-26T00:00:00.000Z,7.4,26.2,14.4,12.15,17.7,4.199,652
2022-12-27T00:00:00.000Z,6,30.6,13.8,10.6,17.2,4.929,649
2022-12-28T00:00:00.000Z,5.3,23.3,10.6,9.19,12.7,2.852,647
2022-12-29T00:00:00.000Z,3.8,45.7,9.2,7.9,11.5,7.088,641
2022-12-30T00:00:00.000Z,17.4,52.2,27.7,24.9,30.9,5.896,652
2022-12-31T00:00:00.000Z,12.5,39.6,21.2,16.6,32.2,8.298,667
2023-01-01T00:00:00.000Z,6.9,47,34,20.3,38.2,11.032,662
2023-01-02T00:00:00.000Z,7.8,36.5,11.3,10,16.2,3.804,631
2023-01-03T00:00:00.000Z,1.5,22.9,9.1,7.4,11.25,3.758,644
2023-01-04T00:00:00.000Z,1.2,27.1,7.1,5.5,9.1,2.814,634
2023-01-05T00:00:00.000Z,4.6,42.3,17.6,12.5,27.9,10.363,637
2023-01-06T00:00:00.000Z,5.6,37.4,14,11,16.89,4.632,643
2023-01-07T00:00:00.000Z,6.1,33.6,14.8,10.4,21.8,6.768,634
2023-01-08T00:00:00.000Z,4.5,18.9,10.4,6.7,11.6,3.443,635
2023-01-09T00:00:00.000Z,5.7,21.4,11,9.19,13.6,3.52,648
2023-01-10T00:00:00.000Z,3.8,16.8,9.4,7.4,10.5,2.167,621
2023-01-11T00:00:00.000Z,4.8,53.1,10,8.35,13.3,7.562,636
2023-01-12T00:00:00.000Z,2.6,12.1,4.9,4.2,6.5,1.748,640
2023-01-13T00:00:00.000Z,2.6,43.5,7.7,4.59,11,5.912,639
2023-01-14T00:00:00.000Z,1.5,39.4,6.85,4.59,8.6,3.763,648
2023-01-15T00:00:00.000Z,4.6,24.7,10.6,7.9,12.9,3.624,662
2023-01-16T00:00:00.000Z,9.6,39.9,26,16.1,30.65,8.843,640
2023-01-17T00:00:00.000Z,9.1,23.8,14.8,12.1,18.45,3.93,641
2023-01-18T00:00:00.000Z,5.8,35.3,10.7,8.8,14.3,4.478,635
2023-01-19T00:00:00.000Z,9.4,29.7,16,12.5,23.1,5.912,655
2023-01-20T00:00:00.000Z,11.3,37.2,17.6,14.9,24.1,6.482,643
2023-01-21T00:00:00.000Z,7.2,42.7,12.9,10.8,19,5.198,659
2023-01-22T00:00:00.000Z,5,96.9,14.6,10.8,20.1,12.018,662
2023-01-23T00:00:00.000Z,5,34.2,12.4,8.7,19.1,6.515,661
2023-01-24T00:00:00.000Z,6.2,43,14.95,10.8,21.2,8.334,662
2023-01-25T00:00:00.000Z,2.7,26.3,6.9,5.6,9.7,4.818,647
2023-01-26T00:00:00.000Z,2.5,15.8,6.35,5.2,8,2.125,626
2023-01-27T00:00:00.000Z,2.2,38.9,5.6,4.6,7.8,6.298,597
2023-01-28T00:00:00.000Z,2.2,22.4,5.4,4.2,7.6,3.204,630
2023-01-29T00:00:00.000Z,4.9,94.9,12.1,9.7,14.3,8.703,647
2023-01-30T00:00:00.000Z,3.9,28.9,8,6.5,14.9,5.316,665
2023-01-31T00:00:00.000Z,4.6,38.9,8.4,6.6,10.5,3.633,635
2023-02-01T00:00:00.000Z,4.7,71.7,11.05,7.2,17.5,7.857,630
2023-02-02T00:00:00.000Z,5.1,37.4,9.9,8.3,13.5,4.425,658
2023-02-03T00:00:00.000Z,6.6,55.4,15,11.7,21.2,8.318,662
2023-02-04T00:00:00.000Z,7.6,35.6,16.8,13.95,21,5.059,652
2023-02-05T00:00:00.000Z,8.1,50,27.4,15.5,36.5,11.801,674
2023-02-06T00:00:00.000Z,29.2,142.7,50,40.6,106.95,35.341,661
2023-02-07T00:00:00.000Z,80.8,148.1,118.8,98.4,137.8,19.93,655
2023-02-08T00:00:00.000Z,99.2,174.8,122.2,115.5,126.7,13.261,656
2023-02-09T00:00:00.000Z,33.4,345.8,166.6,118.3,208.8,79.26,622
2023-02-10T00:00:00.000Z,30.2,240.3,97.2,48.2,116,60.135,306
2023-02-11T00:00:00.000Z,41.7,162.2,78.4,51.4,114.8,39.686,674
2023-02-12T00:00:00.000Z,0.6,185.3,81.45,67.8,136.69,49.631,670
2023-02-13T00:00:00.000Z,0.6,29.2,9.3,3.55,12.35,5.67,604
2023-02-14T00:00:00.000Z,4.7,19.9,9.6,7.8,12.1,3.104,624
2023-02-15T00:00:00.000Z,5.1,30.6,16.8,11.8,20.9,6.012,647
2023-02-16T00:00:00.000Z,5.6,41.4,14.6,11.2,24.1,9.601,640
2023-02-17T00:00:00.000Z,2.6,25.5,9.1,6.9,12.1,4.488,618
2023-02-18T00:00:00.000Z,4,50.4,12.2,9.5,15.9,7.907,635
2023-02-19T00:00:00.000Z,3.5,24.7,8.8,6.6,9.6,2.328,611
2023-02-20T00:00:00.000Z,6.5,51,27.65,10.5,35.5,13.784,642
2023-02-21T00:00:00.000Z,26.9,128.2,38.4,35.6,42.85,20.179,656
2023-02-22T00:00:00.000Z,23.3,55,33.15,28,38.6,5.693,638
2023-02-23T00:00:00.000Z,14.4,98.9,22.45,20.4,27.1,8.94,662
2023-02-24T00:00:00.000Z,12.2,40.4,27.65,21.8,31,6.106,662
2023-02-25T00:00:00.000Z,10.6,42.9,18.39,15.2,25,6.511,664
2023-02-26T00:00:00.000Z,1.3,24.4,9.6,7.3,11.8,4.136,644
2023-02-27T00:00:00.000Z,2.1,17.5,6.05,4.7,8.6,3.867,634
2023-02-28T00:00:00.000Z,4.8,31.1,9,6.6,14.1,4.753,645
2023-03-01T00:00:00.000Z,3,21.9,11.2,9.6,13,3.045,635
2023-03-02T00:00:00.000Z,3.5,43.7,7.3,6.2,9.4,3.54,623
2023-03-03T00:00:00.000Z,4.9,32.9,8.4,7.2,10.9,4.003,620
2023-03-04T00:00:00.000Z,1.4,48.2,7.2,5.3,9.1,4.478,623
2023-03-05T00:00:00.000Z,4,43.3,9.69,7.55,11.5,3.972,624
2023-03-06T00:00:00.000Z,6.4,29.6,15.8,12.1,19.3,4.765,654
2023-03-07T00:00:00.000Z,5.2,741.2,11,7.8,13.3,53.924,635
2023-03-08T00:00:00.000Z,3.7,26.3,7.2,6,10,3.394,603
2023-03-09T00:00:00.000Z,2.2,19.1,6.3,4.09,8.8,3.213,633
2023-03-10T00:00:00.000Z,2.3,24,6.1,3.7,10.1,4.609,619
2023-03-11T00:00:00.000Z,2,41.6,5.8,4.25,10.7,5.062,637
2023-03-12T00:00:00.000Z,2.6,71.4,5.7,4.7,8.2,6.834,631
2023-03-13T00:00:00.000Z,3.8,34.5,7.6,6,9.4,4.585,634
2023-03-14T00:00:00.000Z,1.2,26.1,9.4,8.4,11.4,4.646,634
2023-03-15T00:00:00.000Z,0,20.7,1.7,1.1,3.15,3.234,609
2023-03-16T00:00:00.000Z,0.5,48.4,5,3.5,9.6,4.952,628
2023-03-17T00:00:00.000Z,1,62.4,5,3.8,8.1,7.036,642
2023-03-18T00:00:00.000Z,1.8,20.6,5.4,3.6,6.9,3.386,634
2023-03-19T00:00:00.000Z,3.6,26,7.2,5.5,9.6,3.213,628
2023-03-20T00:00:00.000Z,3,20,6.5,5.1,10,3.585,619
2023-03-21T00:00:00.000Z,5.8,44.7,14.15,9.1,23.2,9.14,658
2023-03-22T00:00:00.000Z,5.8,27.9,13.8,9.5,18.5,5.237,663
2023-03-23T00:00:00.000Z,10.2,108.1,22.7,19,29,7.557,667
2023-03-24T00:00:00.000Z,15.4,57.9,30.3,21.5,36.2,7.987,647
2023-03-25T00:00:00.000Z,6.2,48.8,32.5,24.1,38,10.149,666
2023-03-26T00:00:00.000Z,6,29.6,14.5,11.1,19,4.815,643
2023-03-27T00:00:00.000Z,10.3,37.2,26.7,19.8,29.8,5.855,625
2023-03-28T00:00:00.000Z,7,46.7,28.3,22.4,32.5,8.135,645
2023-03-29T00:00:00.000Z,1.2,29.9,7.6,4.7,12.9,4.968,615
2023-03-30T00:00:00.000Z,2.9,30.2,7.5,5.7,9.3,3.967,642
2023-03-31T00:00:00.000Z,2.4,37.7,11,8.1,20.35,8.153,657
2023-04-01T00:00:00.000Z,3.8,89,10.65,8.1,15.95,9.218,652
2023-04-02T00:00:00.000Z,3.2,47.4,14.85,7.9,23.1,11.244,656
2023-04-03T00:00:00.000Z,5.3,38.8,14.5,9.1,20.1,5.974,642
2023-04-04T00:00:00.000Z,4.7,53,13.3,8.9,17.2,6.443,659
2023-04-05T00:00:00.000Z,5,48.2,14.5,11.85,17,4.605,680
2023-04-06T00:00:00.000Z,3.5,27.7,11,7.3,15,5.498,661
2023-04-07T00:00:00.000Z,1.8,29.7,9.1,5.8,12.8,4.741,631
2023-04-08T00:00:00.000Z,2.5,28,7.7,5.6,10.8,3.518,646
2023-04-09T00:00:00.000Z,4.3,28.3,9.7,7.4,13.55,4.897,640
2023-04-10T00:00:00.000Z,10.4,232.1,18.3,14.8,22.1,13.718,641
2023-04-11T00:00:00.000Z,5.4,35.4,17.6,15.6,21,5.22,666
2023-04-12T00:00:00.000Z,1.6,36.5,12.5,8.5,16.9,7.823,655
2023-04-13T00:00:00.000Z,11.9,39.4,23.3,18.1,28.5,6.453,657
2023-04-14T00:00:00.000Z,24.8,52.9,34.3,31.7,41.1,6.231,615
2023-04-15T00:00:00.000Z,25.6,56.7,45.4,31.4,47.4,8.383,662
2023-04-16T00:00:00.000Z,20.8,50.2,38.4,33.8,40.9,6.665,644
2023-04-17T00:00:00.000Z,14.8,39.9,25.1,21.75,27.5,4.636,677
2023-04-18T00:00:00.000Z,8.4,37.4,18.9,15.3,23.6,5.552,665
2023-04-19T00:00:00.000Z,7,46.3,26.1,18.1,31.4,9.177,654
2023-04-20T00:00:00.000Z,6.1,38.1,16.7,10.19,21.5,6.992,667
2023-04-21T00:00:00.000Z,9.2,336.2,32.3,25.15,34.95,16.225,661
2023-04-22T00:00:00.000Z,6.9,104.2,28,18.7,34.29,11.943,672
2023-04-23T00:00:00.000Z,21.6,50.1,39,32.5,42.9,6.705,656
2023-04-24T00:00:00.000Z,21.8,92.1,38.85,32.7,43.6,7.928,662
2023-04-25T00:00:00.000Z,9.9,91.9,42.3,33.6,47.7,10.467,671
2023-04-26T00:00:00.000Z,36.1,116.6,65.25,54.4,76.59,18.177,674
2023-04-27T00:00:00.000Z,39.1,124.5,82.4,65.5,89.1,16.818,683
2023-04-28T00:00:00.000Z,10.5,93.6,56.1,52.8,71.9,17.098,654
2023-04-29T00:00:00.000Z,1.8,41.4,10.19,5.9,22.2,10.27,657
2023-04-30T00:00:00.000Z,0,22.6,3.8,1.4,7.65,4.76,624
2023-05-01T00:00:00.000Z,2.8,83.9,14.6,8.4,20.6,9.694,655
2023-05-02T00:00:00.000Z,10.3,213.6,29.3,23.3,36.1,13.475,650
2023-05-03T00:00:00.000Z,12.8,117.8,37.2,28.8,46.2,13.533,669
2023-05-04T00:00:00.000Z,11.5,73.3,44.8,28.4,49.1,14.353,659
2023-05-05T00:00:00.000Z,47.3,106.3,71.55,56.3,83.2,15.719,670
2023-05-06T00:00:00.000Z,38.9,116.7,76.09,66.25,88.6,15.595,684
2023-05-07T00:00:00.000Z,46.8,128.9,73.84,62.4,101.25,21.621,676
2023-05-15T00:00:00.000Z,31.3,60.7,48.1,42.9,52.1,6.105,630
2023-05-16T00:00:00.000Z,34.2,243.4,61.8,53,66.3,16.035,647
2023-05-17T00:00:00.000Z,11,50.3,32.4,26.8,36.2,8.232,649
2023-05-18T00:00:00.000Z,10.7,56.4,26.15,18.6,35.2,10.108,652
2023-05-19T00:00:00.000Z,22.7,83.7,49.7,40.1,58.5,13.922,638
2023-05-20T00:00:00.000Z,13.5,143.5,56.25,42.1,63.4,16.874,658
2023-05-21T00:00:00.000Z,1,121,62.2,51.7,77.1,22.224,660
2023-05-22T00:00:00.000Z,0.8,52.6,8.8,4.7,17.2,11.999,638
2023-05-23T00:00:00.000Z,4,65.2,19.1,11.25,26.15,10.077,645
2023-05-24T00:00:00.000Z,23.1,67.2,40.1,37.54,42.4,5.476,633
2023-05-25T00:00:00.000Z,28.7,107,47.7,41.7,54.05,10.132,669
2023-05-26T00:00:00.000Z,3.4,62.8,37.15,27.9,43.5,11.934,658
2023-05-27T00:00:00.000Z,21.9,88,42.9,39.4,45.3,6.817,647
2023-05-28T00:00:00.000Z,5.7,158,57.2,46.4,67.7,24.009,663
2023-05-29T00:00:00.000Z,17.8,110,54.65,46.5,69,17.638,674
2023-05-30T00:00:00.000Z,21,139.6,54.6,47.55,69.2,18.612,676
2023-05-31T00:00:00.000Z,32.5,253.1,65.5,48.4,98.35,29.555,641
2023-06-01T00:00:00.000Z,40.4,274.7,68.34,61.3,74.59,15.785,668
2023-06-02T00:00:00.000Z,7.7,171.3,42.9,32.79,52.7,26.3,651
2023-06-03T00:00:00.000Z,15.2,145.7,50.1,35,58.3,23.49,668
2023-06-04T00:00:00.000Z,7.7,483,32.6,26.25,37.95,33.19,652
2023-06-05T00:00:00.000Z,11.6,106.8,43.35,31.4,56.8,20.782,654
2023-06-06T00:00:00.000Z,11.6,75.2,46,40.15,49.9,9.659,641
2023-06-07T00:00:00.000Z,13.5,123.9,49.2,42.6,60.25,19.245,637
2023-06-08T00:00:00.000Z,22.7,123.5,61,52.1,69.7,15.671,641
2023-06-09T00:00:00.000Z,1.5,42.6,17.39,7.1,24.5,9.63,646
2023-06-10T00:00:00.000Z,8,48.5,15.9,13.5,19.8,7.048,642
2023-06-11T00:00:00.000Z,21.2,50.4,39,31.6,43,6.603,672
2023-06-12T00:00:00.000Z,43,122.4,58.1,51.3,71.8,14.3,641
2023-06-13T00:00:00.000Z,29.5,386.6,60.7,49.6,106.3,72.961,671
2023-06-14T00:00:00.000Z,17,146.8,65.15,45,82.4,22.542,650
2023-06-15T00:00:00.000Z,11,116.7,46.3,39.4,58.8,19.029,667
2023-06-16T00:00:00.000Z,12,115.3,46,38.5,56.5,17.087,662
2023-06-17T00:00:00.000Z,14,94.2,44.5,36.29,51.3,14.717,675
2023-06-18T00:00:00.000Z,6.2,151.7,54.15,36.35,76.9,27.124,684
2023-06-19T00:00:00.000Z,23,188.3,63.4,43.95,105.25,36.702,653
2023-06-20T00:00:00.000Z,28.8,77,47.4,41.1,59.1,11.049,648
2023-06-21T00:00:00.000Z,5.2,93.3,59.7,52.3,68.05,14.544,657
2023-06-22T00:00:00.000Z,0.8,41.5,5.9,3.9,9.6,8.966,651
2023-06-23T00:00:00.000Z,0,33.9,6.2,1.9,15.6,8.994,608
2023-06-24T00:00:00.000Z,0,84.4,12.2,4.3,34.15,18.596,644
2023-06-25T00:00:00.000Z,25.7,80.7,41.8,36.7,54,11.285,674
2023-06-26T00:00:00.000Z,0,120.6,17,7.3,29.5,23.479,666
2023-06-27T00:00:00.000Z,5.6,89.2,33.1,19.89,38.8,13.351,639
2023-06-28T00:00:00.000Z,10.3,57.1,30.8,25.3,38.9,9.876,663
2023-06-29T00:00:00.000Z,9,155,44.2,30.95,58.2,26.657,660
2023-06-30T00:00:00.000Z,11.5,134.3,36.4,27.4,48.5,21.517,659
2023-07-01T00:00:00.000Z,13.3,139.2,43.1,34.85,51.6,21.979,692
2023-07-02T00:00:00.000Z,37.5,124.1,50.8,48.9,60.9,12.725,646
2023-07-03T00:00:00.000Z,31.1,139.2,61.4,48.15,77.09,21.122,649
2023-07-04T00:00:00.000Z,9.1,74.6,41.3,30.9,47.4,13.457,631
2023-07-05T00:00:00.000Z,10.6,86.5,30.9,22,36.5,11.661,628
2023-07-06T00:00:00.000Z,16.8,95.6,45.65,34.95,55.75,14.789,640
2023-07-07T00:00:00.000Z,23.3,170.6,63.5,55.4,75.59,20.614,689
2023-07-08T00:00:00.000Z,10.4,158.9,48.5,44.9,56.9,17.115,659
2023-07-09T00:00:00.000Z,21.5,88,32.79,30,39.5,12.526,652
2023-07-10T00:00:00.000Z,27.9,87.5,45.5,38.6,49.85,9.632,665
2023-07-11T00:00:00.000Z,38.7,100,64.3,59.9,70.8,9.55,643
2023-07-12T00:00:00.000Z,1.7,78.2,11.75,5.3,24.1,13.48,634
2023-07-13T00:00:00.000Z,8.1,99.8,45.1,29.1,52.5,18.709,655
2023-07-14T00:00:00.000Z,34.5,266.4,55.1,46.5,75.4,33.964,689
2023-07-15T00:00:00.000Z,33.8,154.3,52,46.2,59,13.364,662
2023-07-16T00:00:00.000Z,36.7,163.1,67.9,49.9,88,26.448,679
2023-07-17T00:00:00.000Z,22.6,187.1,70,58.65,106.85,33.164,661
2023-07-18T00:00:00.000Z,43.2,202.2,96.5,72.2,108.1,31.362,635
2023-07-19T00:00:00.000Z,2.3,89.9,46.45,42.3,51.85,12.979,664
2023-07-20T00:00:00.000Z,13.5,139.3,53.2,45.4,65.15,19.491,665
2023-07-21T00:00:00.000Z,3.7,112.4,29.6,18.5,50.8,23.492,638
2023-07-22T00:00:00.000Z,0,95.6,5.6,2.5,18.6,16.359,631
2023-07-23T00:00:00.000Z,6.8,140.9,47.55,34.1,68.2,27.125,246
2023-07-24T00:00:00.000Z,13.4,178.4,63.25,35.9,95.5,34.718,670
2023-07-25T00:00:00.000Z,9.1,110.6,42.35,32.75,49.75,13.944,656
2023-07-26T00:00:00.000Z,22.5,91,39.1,34.95,42.4,8.829,637
2023-07-27T00:00:00.000Z,9.4,111.8,48.4,34.4,59.4,20.605,667
2023-07-28T00:00:00.000Z,10.2,101.1,43.15,32.4,48.6,12.236,646
2023-07-29T00:00:00.000Z,16.9,141.8,48.7,39.29,58.2,23.97,643
2023-07-30T00:00:00.000Z,31,158.6,53.1,47.15,65.25,15.663,645
2023-07-31T00:00:00.000Z,4,182.7,40.85,32.1,50.2,26.241,542
2023-08-01T00:00:00.000Z,6.9,69.9,46.65,27.5,51,15.727,624
2023-08-02T00:00:00.000Z,5.5,95,43.3,30.9,46.4,13.741,657
2023-08-03T00:00:00.000Z,10.6,147.5,46.9,39,56.8,19.76,666
2023-08-04T00:00:00.000Z,8,156.9,53.3,44.6,66.6,21.864,647
2023-08-05T00:00:00.000Z,34.4,131.7,56.3,50.35,65.2,12.026,652
2023-08-06T00:00:00.000Z,9,109,65.7,30.6,81.9,25.485,643
2023-08-07T00:00:00.000Z,13.6,64.7,40,32.6,44.7,9.102,647
2023-08-08T00:00:00.000Z,13.2,127.3,52.8,42.1,64.9,21.475,626
2023-08-09T00:00:00.000Z,40.8,322.3,79.4,66.75,91.55,35.531,656
2023-08-10T00:00:00.000Z,1.4,85.5,15.45,5.25,36.95,21.187,636
2023-08-11T00:00:00.000Z,4.5,66.2,22.05,13.4,31.4,11.387,670
2023-08-12T00:00:00.000Z,3.4,57.5,32,21.4,36.4,11.47,642
2023-08-13T00:00:00.000Z,2.1,65.2,37.2,21.4,44,14.842,647
2023-08-14T00:00:00.000Z,6.6,100.7,24.4,16.2,31.45,10.766,672
2023-08-15T00:00:00.000Z,25,50.7,39.54,34.4,42.4,5.035,636
2023-08-16T00:00:00.000Z,13.1,53.9,37.4,34.9,40.6,5.23,624
2023-08-17T00:00:00.000Z,2.4,118.1,29.6,11.7,42.3,19.724,646
2023-08-18T00:00:00.000Z,17.9,112.6,33.79,28.5,43,13.508,627
2023-08-19T00:00:00.000Z,1.4,142.6,15.4,8.3,47.7,32.479,631
2023-08-20T00:00:00.000Z,0,21.6,5.7,1.8,8.4,4.451,622
2023-08-21T00:00:00.000Z,0.4,45.2,4.95,1.8,9.5,7.426,574
2023-08-22T00:00:00.000Z,0,18,2.4,1,3.9,3.093,596
2023-08-23T00:00:00.000Z,0,37.8,8.3,3.6,14.45,7.116,637
2023-08-24T00:00:00.000Z,3.7,89.2,13.6,8.8,20.3,10.925,616
2023-08-25T00:00:00.000Z,4.6,46.3,16.1,12.1,19.3,6.557,637
2023-08-26T00:00:00.000Z,4.9,93.5,30.35,14.5,37,14.184,642
2023-08-27T00:00:00.000Z,6.7,54.6,19.5,14.95,27.1,8.906,641
2023-08-28T00:00:00.000Z,4.9,61,28.6,20.45,36.85,11.56,645
2023-08-29T00:00:00.000Z,3.9,103.1,19.89,9.19,36.5,16.247,629
2023-08-30T00:00:00.000Z,3.7,96.2,13.65,8.5,25.5,12.144,586
2023-08-31T00:00:00.000Z,4.6,105.3,19.8,14.2,28,10.606,632
2023-09-01T00:00:00.000Z,11.7,67.2,36.79,33,40.15,5.837,621
2023-09-02T00:00:00.000Z,2.3,77.2,41.6,23.6,46.8,15.851,639
2023-09-03T00:00:00.000Z,18.3,65.4,36.9,29.9,42.3,8.324,642
2023-09-04T00:00:00.000Z,2.9,49.9,30.2,9.94,35.95,13.503,648
2023-09-05T00:00:00.000Z,12.9,85.9,44.1,39.85,48.45,8.826,629
2023-09-06T00:00:00.000Z,1.6,62.8,12.1,4.65,46.4,20.428,648
2023-09-07T00:00:00.000Z,10.4,79.4,29.3,18.6,37.4,12.673,679
2023-09-08T00:00:00.000Z,10.7,51.6,25.8,20.75,30.45,7.4,636
2023-09-09T00:00:00.000Z,10.3,82,37.65,31.4,47,13.461,648
2023-09-10T00:00:00.000Z,10.6,98.1,41.7,34.1,50.8,15.002,650
2023-09-18T00:00:00.000Z,8,91.3,20,15.1,28.2,13.207,641
2023-09-19T00:00:00.000Z,21.4,112.8,36.95,32.4,48.7,13.99,678
2023-09-20T00:00:00.000Z,20.2,187.1,61.2,34.25,82.15,34.414,600
2023-09-21T00:00:00.000Z,7.6,60.4,38.85,28.45,44.7,11.967,648
2023-09-22T00:00:00.000Z,6,57.9,27.1,13.9,35.5,11.733,667
2023-09-23T00:00:00.000Z,27.4,79.1,47.8,44,51.8,7.512,631
2023-09-24T00:00:00.000Z,9.1,45.3,23.4,16.25,32.2,9.289,604
2023-09-25T00:00:00.000Z,1.4,46.8,18.8,12.5,25.4,9.883,651
2023-09-26T00:00:00.000Z,0.5,23.2,4.9,2.6,7.4,3.651,609
2023-09-27T00:00:00.000Z,4.8,93.2,16.6,12.5,22.5,9.232,626
2023-09-28T00:00:00.000Z,9.7,45.4,24.6,19,30.5,7.19,649
2023-09-29T00:00:00.000Z,8.7,114.5,26,15.8,36.29,14.742,644
2023-09-30T00:00:00.000Z,7,32.5,12.7,11,16.89,5.113,632
2023-10-01T00:00:00.000Z,14.5,99.1,34.7,31.2,38.75,7.037,605
2023-10-02T00:00:00.000Z,9.6,34,22.7,18.8,25.6,5.075,669
2023-10-03T00:00:00.000Z,9.5,82.7,19.2,16,22.9,8.144,665
2023-10-04T00:00:00.000Z,7.8,37.8,15.25,11.8,19.7,6.197,634
2023-10-05T00:00:00.000Z,6.6,34.8,18.1,15.2,20.85,5.026,649
2023-10-06T00:00:00.000Z,6.6,172.1,17.39,11.1,24.6,16.919,645
2023-10-07T00:00:00.000Z,3,53.7,14.7,7,20.8,9.784,652
2023-10-08T00:00:00.000Z,2.6,28.5,10.19,7,17.5,6.162,625
2023-10-09T00:00:00.000Z,4.6,35.2,10.7,7.4,14.5,5.75,646
2023-10-10T00:00:00.000Z,6.8,38.8,15.6,12,18.1,5.115,611
2023-10-11T00:00:00.000Z,8.4,32.4,15,12.3,18.4,5.428,647
2023-10-12T00:00:00.000Z,5.4,36.3,15,10.45,17.4,5.497,649
2023-10-13T00:00:00.000Z,7.3,58,12.5,10.5,16.4,7.133,637
2023-10-14T00:00:00.000Z,4.7,39.4,14.8,11.2,20.2,6.92,624
2023-10-15T00:00:00.000Z,4.6,32.1,9.6,7,12.2,4.388,616
2023-10-16T00:00:00.000Z,3.8,21,9,6.9,10.6,3.033,638
2023-10-17T00:00:00.000Z,6.6,30.8,11.8,9.7,16.6,5.571,662
2023-10-18T00:00:00.000Z,5.1,32.1,12,9.6,15.2,5.054,648
2023-10-19T00:00:00.000Z,4.3,39.4,16.2,9.6,21.65,7.717,641
2023-10-20T00:00:00.000Z,12.8,33.6,23.3,15.9,28.4,6.147,655
2023-10-21T00:00:00.000Z,24.7,54.1,38,34.4,41.4,5.139,654
2023-10-22T00:00:00.000Z,37.6,276.8,44.2,42.8,46.5,19.469,663
2023-10-23T00:00:00.000Z,18.5,57.9,34.5,30.3,41.85,7.824,636
2023-10-24T00:00:00.000Z,7.9,37,23.5,17.6,27,6.716,637
2023-10-25T00:00:00.000Z,10.3,51.4,16.75,14.8,22.8,5.82,640
2023-10-26T00:00:00.000Z,7.5,44.7,16.7,13.8,24.75,7.81,657
2023-10-27T00:00:00.000Z,7.8,37,19,12.6,25.6,6.861,659
2023-10-28T00:00:00.000Z,3.6,57.9,24.1,12.3,36.2,12.391,632
2023-10-29T00:00:00.000Z,0.6,23.1,4.7,3.2,6,3.087,639
2023-10-30T00:00:00.000Z,2.2,26.3,12.1,8.2,18.6,5.994,647
2023-10-31T00:00:00.000Z,5.4,36.3,23.5,13.5,27.9,8.276,637
2023-11-01T00:00:00.000Z,2.2,30.2,9.1,6.6,12.2,5.542,651
2023-11-02T00:00:00.000Z,0.2,98.5,11.45,4.1,15.5,9.477,658
2023-11-03T00:00:00.000Z,1.8,83.7,5.6,3.3,9.4,6.895,642
2023-11-04T00:00:00.000Z,4.3,49.5,12.6,11.2,16.6,6.055,627
2023-11-05T00:00:00.000Z,7.5,54.2,15.9,11.9,22.9,7.153,639
2023-11-06T00:00:00.000Z,3.6,49.5,26.3,13.9,32,10.58,621
2023-11-07T00:00:00.000Z,1.2,20.3,5.4,3.75,9.5,3.816,600
2023-11-08T00:00:00.000Z,1.6,131,4.5,3.3,7.2,11.227,611
2023-11-09T00:00:00.000Z,4.1,26.1,8.2,6.4,10,2.903,603
2023-11-10T00:00:00.000Z,1,32.8,11.6,5.6,16.14,7.689,641
2023-11-11T00:00:00.000Z,5.5,50.5,26.9,19.2,32.6,9.111,624
2023-11-12T00:00:00.000Z,6.7,34.4,16.5,14.1,20.25,5.47,380
2023-11-13T00:00:00.000Z,2,24.1,9.3,5.6,14,4.774,654
2023-11-14T00:00:00.000Z,3.4,24.9,8.3,6.75,11,3.217,612
2023-11-15T00:00:00.000Z,2.9,36.1,6.6,4.9,8.6,4.049,355