# Sensor s10_CFA, Rancagua, Chile (Purple Air/158165)
# https://aqicn.org/station/@368305/
# Daily pm25
date,min,max,median,q1,q3,stdev,count
2023-01-12T00:00:00.000Z,2.9,5.7,4.2,3.8,4.6,0.598,170
2023-01-13T00:00:00.000Z,2.7,20.8,6.9,4.8,10,3.655,605
2023-01-14T00:00:00.000Z,1.9,24,5.7,4.6,6.9,2.211,618
2023-01-15T00:00:00.000Z,4.5,19.1,9.3,8.4,10.1,1.935,622
2023-01-16T00:00:00.000Z,10,32.4,24.8,17.95,27.85,6.186,649
2023-01-17T00:00:00.000Z,8.4,22.2,11.9,10.19,15.1,3.097,640
2023-01-18T00:00:00.000Z,6.1,25.9,10.4,8.5,14.05,3.59,561
2023-01-19T00:00:00.000Z,12.2,33.9,21.2,16.2,26.5,5.575,666
2023-01-20T00:00:00.000Z,15,39.2,21.8,19.5,27.7,5.302,665
2023-01-21T00:00:00.000Z,10.1,45.6,16.5,14.3,20,4.327,677
2023-01-22T00:00:00.000Z,6.3,103.8,17.6,13.9,20.6,12.108,654
2023-01-23T00:00:00.000Z,6.2,32.6,11.6,9.2,17.3,6.275,323
2023-01-30T00:00:00.000Z,5.3,9.4,7.4,6.9,8,0.809,225
2023-01-31T00:00:00.000Z,5.8,32.8,8.4,7.2,10,3.356,627
2023-02-01T00:00:00.000Z,5.8,19.7,10.4,8.4,13.1,2.864,638
2023-02-02T00:00:00.000Z,5.9,28.9,11,9.1,12.9,3.327,654
2023-02-03T00:00:00.000Z,7.8,40.3,13,10.2,18.5,6.9,304
2023-08-09T00:00:00.000Z,53.6,386.4,94.85,85.9,101.2,37.961,282
2023-08-10T00:00:00.000Z,1.4,96.1,21.4,4.4,42.45,22.99,649
2023-08-11T00:00:00.000Z,5.4,124.3,26.6,16.8,34,17.431,679
2023-08-12T00:00:00.000Z,3.9,65.9,34.7,27,41,12.871,680
2023-08-13T00:00:00.000Z,2.8,183,44.1,23.6,51.4,19.918,660
2023-08-14T00:00:00.000Z,7.2,77.5,37.2,23.25,44.6,14.01,672
2023-08-15T00:00:00.000Z,24.9,60.6,40.15,35.45,42.65,5.601,640
2023-08-16T00:00:00.000Z,15,59.9,38.29,36,41.5,5.076,620
2023-08-17T00:00:00.000Z,3.4,90.2,32.4,17,47.4,21.006,655
2023-08-18T00:00:00.000Z,20.5,149.7,39.2,33.95,55.1,23.985,653
2023-08-19T00:00:00.000Z,1.2,160.5,13.7,7.7,52.8,36.945,628
2023-08-20T00:00:00.000Z,0,23,5.3,1.75,7.8,3.584,609
2023-08-21T00:00:00.000Z,0.6,77.8,5.3,2.5,9.4,10.927,626
2023-08-22T00:00:00.000Z,0,29.2,2.7,1.2,4.2,4.374,603
2023-08-23T00:00:00.000Z,0,48.4,10.3,5.05,15.25,9.42,640
2023-08-24T00:00:00.000Z,4.2,60.7,15.8,9.4,27.4,13.873,643
2023-08-25T00:00:00.000Z,5.1,46.9,18.35,13.5,27.2,9.615,618
2023-08-26T00:00:00.000Z,6.9,72.7,34.9,16.1,43.4,15.558,627
2023-08-27T00:00:00.000Z,9.5,96.4,31.4,20.3,46.45,17.033,649
2023-08-28T00:00:00.000Z,16.3,71.3,39,29.8,45.15,11.571,457
2023-08-29T00:00:00.000Z,4.3,22.4,9.1,8,12.7,4.001,203
2023-08-30T00:00:00.000Z,4.3,81.9,16.89,9.8,27.95,12.43,625
2023-08-31T00:00:00.000Z,6.4,50.9,22.15,15.3,32.2,10.893,618
2023-09-01T00:00:00.000Z,14.4,71.7,39,34.9,41.6,5.82,631
2023-09-02T00:00:00.000Z,4.3,89.6,44.9,28.1,49,14.63,671
2023-09-03T00:00:00.000Z,21.3,56.6,38.1,30.3,42.15,7.918,641
2023-09-04T00:00:00.000Z,3.1,54,32,15.5,37.4,12.998,658
2023-09-05T00:00:00.000Z,32.5,99.5,51.7,46.2,59.9,10.013,622
2023-09-06T00:00:00.000Z,2,71.6,24.35,6.6,48.4,20.939,652
2023-09-07T00:00:00.000Z,12.9,106.4,34.2,21.3,45.6,15.972,671
2023-09-08T00:00:00.000Z,11.3,60.2,28.4,23.55,34.4,8.841,656
2023-09-09T00:00:00.000Z,10.9,91.6,39.7,32.79,50.9,17.244,653
2023-09-10T00:00:00.000Z,21.4,107,46.8,39.29,54,16.263,650
2023-09-18T00:00:00.000Z,7.4,113.7,22.8,16.8,33.75,17.413,644
2023-09-19T00:00:00.000Z,25.4,178.5,40.6,35.79,51.95,20.523,677
2023-09-20T00:00:00.000Z,26.8,225.6,76,35.79,105.75,48.111,624
2023-09-21T00:00:00.000Z,9.6,95.4,42.3,29.75,48.75,14.157,657
2023-09-22T00:00:00.000Z,7.1,62.4,28.5,14.75,36.95,12.555,653
2023-09-23T00:00:00.000Z,33,78.6,49.25,44.9,53.7,8.658,640
2023-09-24T00:00:00.000Z,9.8,46.4,26,17.6,31.6,8.818,632
2023-09-25T00:00:00.000Z,1.9,68.5,22.7,13.7,30.4,11.627,638
2023-09-26T00:00:00.000Z,0.9,21.7,5.5,3.4,8.1,3.344,609
2023-09-27T00:00:00.000Z,6.9,42.9,17.39,13.9,22,6.962,618
2023-09-28T00:00:00.000Z,12.5,53.6,26.65,19.45,32.1,8.541,640
2023-09-29T00:00:00.000Z,10.1,93.5,30.9,16.75,44.1,15.254,640
2023-09-30T00:00:00.000Z,8.2,42.9,15.4,12.7,21.5,7.486,639
2023-10-01T00:00:00.000Z,15.4,45.7,33.85,31.2,37.8,5.238,622
2023-10-02T00:00:00.000Z,9.3,33.7,22.4,19.4,25.25,4.753,644
2023-10-03T00:00:00.000Z,9.2,80.7,19.9,16,24.8,8.003,647
2023-10-04T00:00:00.000Z,8.2,42.6,17.2,13.9,22.05,6.798,597
2023-10-05T00:00:00.000Z,7.8,42.5,18.5,15.6,22,6.005,659
2023-10-06T00:00:00.000Z,6.7,82.1,15.6,10.7,23.5,9.321,635
2023-10-07T00:00:00.000Z,3.2,52.8,15.7,7.8,22.9,11.285,618
2023-10-08T00:00:00.000Z,3.2,30.6,11.2,7.3,17.8,6.569,642
2023-10-09T00:00:00.000Z,5.3,30.6,10.8,8.6,14.7,5.378,663
2023-10-10T00:00:00.000Z,7.1,32,16.3,13.2,21,5.914,636
2023-10-11T00:00:00.000Z,8.2,38.3,16.89,14.7,22.75,6.212,501
2023-10-12T00:00:00.000Z,7.3,34.8,16.75,14.8,22.1,5.051,394
2023-10-13T00:00:00.000Z,7.3,50.7,13,11.45,16.1,6.591,645
2023-10-14T00:00:00.000Z,5.2,35.2,15.5,12.4,19.5,6.207,667
2023-10-15T00:00:00.000Z,5.4,34.4,9.9,8.1,12.15,4.586,628
2023-10-16T00:00:00.000Z,4.5,17.5,9.8,7.9,11.1,2.476,647
2023-10-17T00:00:00.000Z,7.8,56.8,13,10.8,19.1,7.485,627
2023-10-18T00:00:00.000Z,8.8,28.2,14.75,12.6,16.7,3.548,404
2023-10-19T00:00:00.000Z,5,39.4,15.8,10.9,21.4,7.124,665
2023-10-20T00:00:00.000Z,13.6,67.4,25.7,17.4,30.2,7.365,647
2023-10-21T00:00:00.000Z,27.4,50.9,37.5,33.8,41.6,4.975,641
2023-10-22T00:00:00.000Z,39.5,54.3,44.3,42.7,45.8,2.257,627
2023-10-23T00:00:00.000Z,19.7,50.6,35.25,30.3,41.7,7.168,626
2023-10-24T00:00:00.000Z,9.2,35.5,23.3,18.1,26.5,5.661,626
2023-10-25T00:00:00.000Z,11.5,43.7,18.7,16.2,24.2,6.153,622
2023-10-26T00:00:00.000Z,9.7,37.7,17,14.9,23.1,6.176,563
2023-10-27T00:00:00.000Z,9.5,32.6,17.5,12.5,25.7,6.864,635
2023-10-28T00:00:00.000Z,4.9,51.6,24.4,13.4,36.3,11.489,659
2023-10-29T00:00:00.000Z,1,16.2,5.09,3.5,6.2,2.312,617
2023-10-30T00:00:00.000Z,3.7,26.1,11.8,8.25,18.3,5.612,620
2023-10-31T00:00:00.000Z,6.4,36.5,24.9,16,29.8,8.432,627
2023-11-01T00:00:00.000Z,3.1,30.3,10.3,7.7,13.6,5.79,640
2023-11-02T00:00:00.000Z,0.5,43.9,10.9,5.4,15.6,8.48,629
2023-11-03T00:00:00.000Z,2.3,65.4,6.1,3.8,10.6,9.417,625
2023-11-04T00:00:00.000Z,4.6,42.9,14.2,13,17,6.487,663
2023-11-05T00:00:00.000Z,11.1,13.6,12.1,11.6,12.55,0.657,33
2023-11-07T00:00:00.000Z,1.7,3.9,2.8,2.5,3.1,0.563,15
2023-11-08T00:00:00.000Z,2.4,19.5,5.09,4,7.4,2.576,630
2023-11-09T00:00:00.000Z,4.7,21.4,8.6,7.1,10.7,2.661,602
2023-11-10T00:00:00.000Z,1.1,30.8,12.3,6.15,16.2,6.652,633
2023-11-11T00:00:00.000Z,7.5,48.2,28.25,19.39,34,9.239,636
2023-11-12T00:00:00.000Z,7.1,36.4,16.39,13.5,19.9,5.126,395
2023-11-13T00:00:00.000Z,2.2,29,10.5,5.9,14.35,4.776,545
2023-11-14T00:00:00.000Z,4.9,16.3,8.5,7,10.8,2.726,604
2023-11-15T00:00:00.000Z,3.6,55.4,6.9,5.4,10.2,5.968,352