# Sensor s13_CA, Rancagua, Chile (Purple Air/47245)
# https://aqicn.org/station/@371527/
# Daily pm25
date,min,max,median,q1,q3,stdev,count
2023-02-14T00:00:00.000Z,2.8,23.1,8,5.2,15.4,5.577,230
2023-02-15T00:00:00.000Z,2.5,37.2,20.4,14.25,24.6,8.351,625
2023-02-16T00:00:00.000Z,2.2,24.1,5,3.6,16,7.06,610
2023-02-17T00:00:00.000Z,2.3,23.5,11.1,6.8,16.9,5.831,638
2023-02-18T00:00:00.000Z,4,48.8,12.7,8.1,15.4,7.322,654
2023-02-19T00:00:00.000Z,2.8,14,7.1,5.6,9.6,2.41,634
2023-02-20T00:00:00.000Z,4.8,17.2,11.6,8,13,3.008,223
2023-02-22T00:00:00.000Z,14.9,38.2,31.2,20.45,36,7.567,205
2023-02-23T00:00:00.000Z,11,56.3,19.6,14.5,35.6,10.583,659
2023-02-24T00:00:00.000Z,10.1,36,29.15,18.39,33,8.164,666
2023-02-25T00:00:00.000Z,7.4,34.3,16.8,14.05,20.6,4.999,648
2023-02-26T00:00:00.000Z,1.7,15.2,8,4.59,10.5,3.772,643
2023-02-27T00:00:00.000Z,2,17.5,9.05,5.5,15,4.658,630
2023-02-28T00:00:00.000Z,5,34.1,8.5,7.2,10.5,4.408,631
2023-03-01T00:00:00.000Z,0.9,25.1,10.45,5.75,12.1,4.269,632
2023-03-02T00:00:00.000Z,2.7,11.4,5.6,4.8,6.4,1.196,615
2023-03-03T00:00:00.000Z,2.7,26,9.8,7.1,11.9,4.051,627
2023-03-04T00:00:00.000Z,2.5,33.8,6.7,5.5,9,3.553,623
2023-03-05T00:00:00.000Z,6,44.3,22.5,12.2,34.95,12.085,629
2023-03-06T00:00:00.000Z,3.2,25,15.55,7.3,19.2,6.214,624
2023-03-07T00:00:00.000Z,1.9,24.4,5.3,3.5,8.1,3.503,607
2023-03-08T00:00:00.000Z,0.5,50.3,3.6,2.3,7.3,6.397,608
2023-03-09T00:00:00.000Z,0.4,51.3,6.3,3,14.7,11.289,600
2023-03-10T00:00:00.000Z,0.3,17,2.4,1.6,4.5,2.363,601
2023-03-11T00:00:00.000Z,1.1,27.8,6.05,3.3,8,4.145,626
2023-03-12T00:00:00.000Z,2.4,49.3,7.65,5,13,7.041,634
2023-03-13T00:00:00.000Z,2.9,89.5,5.4,4.5,7.2,4.491,621
2023-03-14T00:00:00.000Z,0,37.3,4.3,3.8,5.09,3.515,596
2023-03-15T00:00:00.000Z,0,305,1.6,0.6,8.3,33.159,602
2023-03-16T00:00:00.000Z,0.1,29.2,3.5,1.2,7.05,5.17,612
2023-03-17T00:00:00.000Z,0.2,59.5,3,2.3,4.3,7.958,640
2023-03-18T00:00:00.000Z,0.8,15.7,5.1,3.4,7.9,2.894,636
2023-03-19T00:00:00.000Z,2.3,23.1,5.8,4,10.6,5.134,622
2023-03-20T00:00:00.000Z,3.3,14.6,6.6,5.35,8.4,2.078,613
2023-03-21T00:00:00.000Z,5.6,37.2,15.2,8.6,19.3,5.721,647
2023-03-22T00:00:00.000Z,11.5,53.5,21.45,17.8,37.3,11.833,662
2023-03-23T00:00:00.000Z,19,100.5,42.9,35.29,50,21.214,671
2023-03-24T00:00:00.000Z,14.1,38.7,32.35,28.3,34.8,6.468,418
2023-08-10T00:00:00.000Z,16.9,38.9,30.3,24.8,33.79,5.479,107
2023-08-11T00:00:00.000Z,5.3,92.4,27.7,19.6,34,15.481,671
2023-08-12T00:00:00.000Z,4.6,57,32.9,22.4,36.79,11.164,659
2023-08-13T00:00:00.000Z,4.8,73.8,43.3,27.1,48.85,17.409,641
2023-08-14T00:00:00.000Z,9.4,124.8,47.7,31.55,74.34,27.041,573
2023-08-15T00:00:00.000Z,26.1,55.8,40.2,36.75,42.35,4.836,636
2023-08-16T00:00:00.000Z,24.3,73.8,38.79,36.29,41,6.166,650
2023-08-17T00:00:00.000Z,2,103.6,32.4,15.3,44.75,19.141,661
2023-08-18T00:00:00.000Z,17.4,134.8,38.1,32,50.6,20.775,638
2023-08-19T00:00:00.000Z,2.3,95.9,22.05,7.55,50.45,24.156,620
2023-08-20T00:00:00.000Z,0,28.7,4.3,1.2,7.8,6.116,622
2023-08-21T00:00:00.000Z,0.7,33.9,4.4,2.6,8.9,7.442,409
2023-08-22T00:00:00.000Z,0,29.9,2.7,1.35,4.84,5.668,509
2023-08-23T00:00:00.000Z,0.1,42.6,9.9,6.5,17,7.311,609
2023-08-24T00:00:00.000Z,4.3,115.5,16.39,9.69,29.7,18.032,635
2023-08-25T00:00:00.000Z,4.8,107.2,18.5,14.7,34.4,17.324,608
2023-08-26T00:00:00.000Z,6,111.5,29.65,18.55,38.6,17.896,624
2023-08-27T00:00:00.000Z,12.2,202.3,46.6,26.2,55.7,31.029,644
2023-08-28T00:00:00.000Z,6.5,111.1,35.29,21.7,44.75,18.278,629
2023-08-29T00:00:00.000Z,5,130.4,41.7,16.8,64.8,28.515,651
2023-08-30T00:00:00.000Z,5.2,44.6,14.6,9.9,26.6,10.357,659
2023-08-31T00:00:00.000Z,7.8,51.9,20.8,15,29.4,9.673,591
2023-09-01T00:00:00.000Z,22.5,76.7,38.25,33.6,41.8,7.518,662
2023-09-02T00:00:00.000Z,2.9,60.1,42.3,30.7,47.4,13.899,622
2023-09-03T00:00:00.000Z,20,63.6,38.35,31.85,42,7.761,624
2023-09-04T00:00:00.000Z,3.3,61.6,32.95,15.2,37.79,12.9,666
2023-09-05T00:00:00.000Z,16.3,128.7,48.45,39.5,56.3,15.756,652
2023-09-06T00:00:00.000Z,0.5,64.2,21,5.35,46.55,19.604,640
2023-09-07T00:00:00.000Z,10.8,94.8,27.6,19.39,36.7,14.79,663
2023-09-08T00:00:00.000Z,10.6,64.7,26.55,21.15,33.5,9.132,652
2023-09-09T00:00:00.000Z,8.6,121,41.8,30.95,49.55,17.86,668
2023-09-10T00:00:00.000Z,24.2,85.2,45.7,38.7,50.5,10.711,643
2023-09-18T00:00:00.000Z,9.6,73.5,21.2,17.1,32.6,12.358,646
2023-09-19T00:00:00.000Z,23.3,101.1,33.5,30.2,43.65,14.137,649
2023-09-20T00:00:00.000Z,20.8,154.8,65.9,36.6,88.05,29.01,632
2023-09-21T00:00:00.000Z,7.2,63.3,36.3,24.1,46,13.305,643
2023-09-22T00:00:00.000Z,6.9,54.5,20.8,13.4,30.9,10.447,602
2023-09-23T00:00:00.000Z,29.8,182.3,45.1,42,49.7,15.724,634
2023-09-24T00:00:00.000Z,9.1,62.5,23.4,16.7,29.9,8.224,661
2023-09-25T00:00:00.000Z,0.8,60,25.8,11.7,37.2,14.437,635
2023-09-26T00:00:00.000Z,0.1,25.9,4.8,2.8,7.8,3.685,646
2023-09-27T00:00:00.000Z,7.5,42.6,14.6,12.5,20.39,6.337,620
2023-09-28T00:00:00.000Z,11.1,66.4,24.2,19,30.9,8.039,655
2023-09-29T00:00:00.000Z,9.2,111.2,34.65,25.85,46.8,18.308,644
2023-09-30T00:00:00.000Z,11.1,102.1,28.6,14.6,38.7,14.911,649
2023-10-01T00:00:00.000Z,17.6,50.8,32.4,29.7,35.75,4.896,616
2023-10-02T00:00:00.000Z,13.1,41.4,21.2,18.2,26.1,5.825,669
2023-10-03T00:00:00.000Z,9.5,55.3,20.35,16.39,25.55,7.745,652
2023-10-04T00:00:00.000Z,8.2,48.9,19.1,13.5,27.1,9.031,650
2023-10-05T00:00:00.000Z,8.4,49.4,23.95,16.7,34.1,10.266,606
2023-10-06T00:00:00.000Z,5.2,46.2,14.3,9.69,21.6,8.156,651
2023-10-07T00:00:00.000Z,4.5,73.1,13.8,9.75,19.95,13.05,665
2023-10-08T00:00:00.000Z,3.9,30.4,12.9,8.5,16.7,5.064,666
2023-10-09T00:00:00.000Z,6,29.9,11.6,8.9,20.5,6.469,610
2023-10-10T00:00:00.000Z,8.1,42.2,17.2,13.8,21.85,6.26,649
2023-10-11T00:00:00.000Z,9.9,43.5,13.85,11.8,17.7,4.472,638
2023-10-12T00:00:00.000Z,7.2,39.3,16.8,12.1,22.8,7.441,654
2023-10-13T00:00:00.000Z,8.3,40.7,12,10.6,22,7.597,420
2023-10-14T00:00:00.000Z,6,42.4,16.1,12.4,24,8.348,645
2023-10-15T00:00:00.000Z,5.5,43.3,11.3,8.2,17.6,7.066,634
2023-10-16T00:00:00.000Z,4.5,54.6,10.1,8,12.4,6.828,627
2023-10-17T00:00:00.000Z,7.7,38.4,13.4,10.5,20.85,5.84,640
2023-10-18T00:00:00.000Z,6.8,30.9,12.1,10.3,16.3,4.13,616
2023-10-19T00:00:00.000Z,7.6,42.5,15.3,11.6,20.3,6.967,631
2023-10-20T00:00:00.000Z,12.6,38.3,25.7,21.5,28.5,5.359,641
2023-10-21T00:00:00.000Z,26.1,48.1,33.5,31.4,39.79,4.733,640
2023-10-22T00:00:00.000Z,39.1,51.3,44.4,43.1,45.4,1.749,652
2023-10-23T00:00:00.000Z,22.7,53.7,34.2,29.7,37.2,5.965,634
2023-10-24T00:00:00.000Z,11.2,40.2,23.8,17.6,28.6,6.422,631
2023-10-25T00:00:00.000Z,12.1,58,20.05,17.1,28.5,7.639,630
2023-10-26T00:00:00.000Z,9.6,60.5,19,15.6,25.3,7.44,638
2023-10-27T00:00:00.000Z,9.3,37.1,17.89,12.45,26.4,7.478,645
2023-10-28T00:00:00.000Z,1.3,72.4,27.5,14.75,36.75,12.926,624
2023-10-29T00:00:00.000Z,0.4,9.4,4.84,3.2,6.4,2.072,274
2023-10-30T00:00:00.000Z,3.8,30.3,12.2,8.8,21.1,6.637,623
2023-10-31T00:00:00.000Z,5.9,35.2,24.1,12.75,27.9,8.389,621
2023-11-01T00:00:00.000Z,2.8,55.4,9.5,6.7,14.6,8.245,643
2023-11-02T00:00:00.000Z,1,49.5,11.9,5.45,14.5,8.379,640
2023-11-03T00:00:00.000Z,2.4,45,8.15,4.09,24.7,12.787,624
2023-11-04T00:00:00.000Z,8.8,77.4,15.5,13.4,30.5,12.773,628
2023-11-05T00:00:00.000Z,9.2,30.5,14.7,12.4,23.5,6.34,638
2023-11-06T00:00:00.000Z,4.4,46.8,30.2,13.8,32.9,10.836,612
2023-11-07T00:00:00.000Z,1.7,17.9,4.7,3.3,7.9,3.22,600
2023-11-08T00:00:00.000Z,1.8,19.1,4.7,3.5,6.2,2.144,603
2023-11-09T00:00:00.000Z,4.4,24.3,8.3,6.6,11.2,3.587,608
2023-11-10T00:00:00.000Z,0.1,39.3,9.69,5.3,16.4,8,619
2023-11-11T00:00:00.000Z,2.9,55.3,27.65,15.4,31.6,10.298,624
2023-11-12T00:00:00.000Z,7,31.7,14.2,11.75,16.1,4.663,392
2023-11-13T00:00:00.000Z,1.6,27.1,10.3,5.6,13.8,5.569,590
2023-11-14T00:00:00.000Z,4.5,36,10.3,7,12.4,4.196,602
2023-11-15T00:00:00.000Z,3.4,22.6,6.3,4.8,8.4,3.308,331