# Sensor S6_LOCZ, Rancagua, Chile (Purple Air/158177)
# https://aqicn.org/station/@368284/
# Daily pm25
date,min,max,median,q1,q3,stdev,count
2023-01-12T00:00:00.000Z,2.7,5.7,4.3,3.8,4.7,0.603,197
2023-01-13T00:00:00.000Z,2.9,21.4,6.8,4.7,9.55,3.764,601
2023-01-14T00:00:00.000Z,1.6,26.2,5.6,4.6,6.7,2.275,604
2023-01-15T00:00:00.000Z,4.4,19.1,9.2,8.1,9.9,1.98,645
2023-01-16T00:00:00.000Z,10.4,32.5,24.8,18.1,27.8,6.065,655
2023-01-17T00:00:00.000Z,8.5,21.3,12.5,10.7,15.3,2.989,645
2023-01-18T00:00:00.000Z,4.5,18.5,9.1,7.6,11.25,2.901,556
2023-01-19T00:00:00.000Z,7.1,30.7,15.3,11.1,22.8,6.472,663
2023-01-20T00:00:00.000Z,8.8,35.4,15.9,12.9,21.9,6.906,682
2023-01-21T00:00:00.000Z,5.9,42.6,11,9.2,17.39,5.635,658
2023-01-22T00:00:00.000Z,3.8,101.4,13,9.1,19.8,12.527,675
2023-01-23T00:00:00.000Z,4.6,33.1,10.8,8.1,16.2,6.602,326
2023-01-30T00:00:00.000Z,5.2,8.8,7,6.6,7.5,0.772,202
2023-01-31T00:00:00.000Z,5.4,31.1,8,7,9.55,3.234,620
2023-02-01T00:00:00.000Z,5.4,18.6,10.2,8.2,12.8,2.834,633
2023-02-02T00:00:00.000Z,5.9,28.2,10.5,8.7,12.2,2.971,616
2023-02-03T00:00:00.000Z,7.6,40.2,13.3,10.1,17.35,6.624,297
2023-07-25T00:00:00.000Z,15,62.4,44,23.6,47.9,13.135,226
2023-07-26T00:00:00.000Z,26.5,175.7,43.85,39.6,51,17.345,610
2023-07-27T00:00:00.000Z,10.5,151.2,57,41.7,73.5,24.295,643
2023-07-28T00:00:00.000Z,18.5,350.3,48.6,37.5,57.4,28.484,671
2023-07-29T00:00:00.000Z,20,153.1,54.7,45.4,72.25,22.875,661
2023-07-30T00:00:00.000Z,32.3,170.8,59.2,52.4,79.59,21.723,647
2023-07-31T00:00:00.000Z,2.5,149.3,41.8,28,51.35,28.302,672
2023-08-01T00:00:00.000Z,9.2,88.5,50.85,24.5,58.2,17.937,642
2023-08-02T00:00:00.000Z,8.7,98.2,46.2,37,49.7,13.818,646
2023-08-03T00:00:00.000Z,15.1,288.2,53,43.1,62.05,21.223,656
2023-08-04T00:00:00.000Z,10.4,134.8,68.09,50.4,92.2,27.609,646
2023-08-05T00:00:00.000Z,47.5,372,63.8,57.3,72.4,17.729,648
2023-08-06T00:00:00.000Z,24.4,147.1,71,35.5,84.9,26.196,643
2023-08-07T00:00:00.000Z,12.3,148,44.35,33.8,50.8,16.026,646
2023-08-08T00:00:00.000Z,18.9,137.1,55.9,46.6,75.95,23.011,629
2023-08-09T00:00:00.000Z,43.5,138,88.05,69.3,99.2,18.792,662
2023-08-10T00:00:00.000Z,1.4,111.6,19.89,7,40.6,22.941,649
2023-08-11T00:00:00.000Z,6,248.9,27.3,17.4,37.79,22.054,656
2023-08-12T00:00:00.000Z,4.4,99.5,38.7,26.4,44,15.232,641
2023-08-13T00:00:00.000Z,2.8,152.9,45.9,26.1,52.15,21.136,661
2023-08-14T00:00:00.000Z,12.8,67.5,30.9,22.1,40.65,11.345,641
2023-08-15T00:00:00.000Z,29.8,67.4,43.1,37.5,47.3,6.47,629
2023-08-16T00:00:00.000Z,17.5,213.6,41.2,38.1,43.9,8.41,673
2023-08-17T00:00:00.000Z,2.5,99.6,33.7,18.25,46.35,21.01,660
2023-08-18T00:00:00.000Z,20.8,100.9,40.3,34.2,53.45,15.854,665
2023-08-19T00:00:00.000Z,0.8,116.5,19,9.6,52.2,29.026,634
2023-08-20T00:00:00.000Z,0,36.4,7.4,1.4,11.8,6.934,635
2023-08-21T00:00:00.000Z,1,46,6,2.85,12.3,9.501,585
2023-08-22T00:00:00.000Z,0,32.8,3.4,1.2,7.2,5.713,622
2023-08-23T00:00:00.000Z,0,67.4,11.2,3.8,20.7,11.569,653
2023-08-24T00:00:00.000Z,4.6,71.4,20.1,11.75,27.7,12.197,629
2023-08-25T00:00:00.000Z,7.3,57.6,20.1,15.9,25.25,8.677,632
2023-08-26T00:00:00.000Z,5.1,117.1,38.6,17.3,46.15,16.152,636
2023-08-27T00:00:00.000Z,6.2,69,22.4,12.5,27.7,10.523,651
2023-08-28T00:00:00.000Z,5.6,50.9,32.1,23.8,40.6,10.759,611
2023-08-29T00:00:00.000Z,4.6,76.2,20.55,10,33.6,15.954,622
2023-08-30T00:00:00.000Z,4.6,55.2,16.2,10.19,31.15,13.138,621
2023-08-31T00:00:00.000Z,7.6,116.4,25.05,18.95,31.95,9.683,660
2023-09-01T00:00:00.000Z,16.7,78.1,41.8,38.5,45.5,6.023,628
2023-09-02T00:00:00.000Z,2.7,74,48.3,25.85,53.9,18.252,653
2023-09-03T00:00:00.000Z,22,72.4,42.2,31.9,46.7,9.202,645
2023-09-04T00:00:00.000Z,3.3,56.3,32.79,13.5,38.54,14.089,640
2023-09-05T00:00:00.000Z,4.5,88.4,45.8,40.4,55.7,12.93,682
2023-09-06T00:00:00.000Z,2.1,88.6,26.7,8.8,50.3,21.108,650
2023-09-07T00:00:00.000Z,14.4,70.2,32.95,23,39.29,12.637,634
2023-09-08T00:00:00.000Z,14.6,97.5,31,26.65,37.15,9.648,661
2023-09-09T00:00:00.000Z,11.4,95.8,41.65,36.2,50.05,13.383,668
2023-09-10T00:00:00.000Z,12.4,134.6,47.2,37.6,56.1,19.317,651
2023-09-18T00:00:00.000Z,10.7,103.4,29,21.1,36.7,16.77,659
2023-09-19T00:00:00.000Z,28,90.4,43,37.79,51.8,14.334,659
2023-09-20T00:00:00.000Z,24.3,166,60.95,38,89.3,32.601,570
2023-09-21T00:00:00.000Z,10.3,64.6,43.8,30.9,49.3,12.672,647
2023-09-22T00:00:00.000Z,7,106.9,31.7,16.5,41.6,14.488,668
2023-09-23T00:00:00.000Z,32.1,118.4,53.1,49.85,58.55,9.46,632
2023-09-24T00:00:00.000Z,9.7,56.8,29,20.85,36.9,10.275,609
2023-09-25T00:00:00.000Z,1.9,52,21.5,15.75,30,10.476,657
2023-09-26T00:00:00.000Z,0.7,36.5,5.9,2.8,8.9,4.629,626
2023-09-27T00:00:00.000Z,6.9,45.1,18.3,14.4,22,6.886,631
2023-09-28T00:00:00.000Z,13.5,51.7,28.5,21.6,34.8,8.042,652
2023-09-29T00:00:00.000Z,11.2,100.3,27.8,19.39,38.8,13.728,646
2023-09-30T00:00:00.000Z,6.8,36.7,14.95,12,20,6.06,670
2023-10-01T00:00:00.000Z,16.8,70.5,37.79,34.65,40.9,5.939,649
2023-10-02T00:00:00.000Z,11.2,43.9,24.6,21.65,28.9,5.401,660
2023-10-03T00:00:00.000Z,11.8,48,23.5,17.8,27.6,6.49,624
2023-10-04T00:00:00.000Z,9.3,71.2,18.6,14.9,24.5,8.489,641
2023-10-05T00:00:00.000Z,8.1,39.7,19.64,16.1,24.7,6.166,640
2023-10-06T00:00:00.000Z,6.4,39.9,16,10.8,26.7,8.918,647
2023-10-07T00:00:00.000Z,3.3,49.1,18.2,10.85,31.1,11.41,644
2023-10-08T00:00:00.000Z,3.5,36.5,11.3,8,18,7.224,654
2023-10-09T00:00:00.000Z,5.8,38.5,11.9,8.7,15.3,5.301,663
2023-10-10T00:00:00.000Z,7.5,43.8,15.9,12.9,20.2,5.684,666
2023-10-11T00:00:00.000Z,9.3,38.1,17.64,14,22,6.618,654
2023-10-12T00:00:00.000Z,6.8,39.9,16.39,12.6,19.4,5.958,649
2023-10-13T00:00:00.000Z,8.6,53.2,13.45,11.7,16.6,6.466,646
2023-10-14T00:00:00.000Z,5.9,44.9,15.9,12.9,21.8,8.068,660
2023-10-15T00:00:00.000Z,5.6,46.4,10.9,8.8,13.1,5.662,639
2023-10-16T00:00:00.000Z,4.5,24,10.3,7.9,12.9,3.408,659
2023-10-17T00:00:00.000Z,6.9,38.7,12.5,11,20.3,6.771,675
2023-10-18T00:00:00.000Z,6.5,40.2,13.5,10.7,19.6,6.589,649
2023-10-19T00:00:00.000Z,5.6,38.1,17.3,11.6,23.5,7.759,658
2023-10-20T00:00:00.000Z,13,61.8,27.4,20,31.1,7.049,654
2023-10-21T00:00:00.000Z,29.3,62.2,39.79,36.5,43.5,5.163,664
2023-10-22T00:00:00.000Z,41.4,57.3,46.65,45.5,48.45,2.391,652
2023-10-23T00:00:00.000Z,21,68.3,36.6,32.54,44,7.483,633
2023-10-24T00:00:00.000Z,9.4,50.7,24.7,19.39,29.3,6.925,639
2023-10-25T00:00:00.000Z,11.3,42.2,18.4,16.45,23.75,6.129,640
2023-10-26T00:00:00.000Z,10.7,45.6,20.4,16,27.8,8.336,654
2023-10-27T00:00:00.000Z,10.7,36.2,20.9,14.4,29.1,7.469,653
2023-10-28T00:00:00.000Z,5.4,122.4,26.9,15.85,39.6,16.359,648
2023-10-29T00:00:00.000Z,1.1,20.2,5.2,3.8,7,3.327,641
2023-10-30T00:00:00.000Z,2.8,37.5,13.9,8,20.65,6.804,665
2023-10-31T00:00:00.000Z,6.5,41.8,26.7,14.9,32.2,9.61,671
2023-11-01T00:00:00.000Z,3.6,32.8,9.5,6.5,13.3,6.247,633
2023-11-02T00:00:00.000Z,0.5,53.1,12.4,5,16.55,8.828,688
2023-11-03T00:00:00.000Z,2.6,37.3,5.8,4.3,9.4,6.386,663
2023-11-04T00:00:00.000Z,3.3,49.6,15,10.9,18.1,8.494,654
2023-11-05T00:00:00.000Z,8.8,36,15.65,13.3,24.8,7.295,658
2023-11-06T00:00:00.000Z,4.8,50.8,27.95,17,35.35,11.193,636
2023-11-07T00:00:00.000Z,1.7,32.9,5.09,3.8,10.6,4.981,623
2023-11-08T00:00:00.000Z,2.5,18.8,5.4,4.1,8.19,2.967,633
2023-11-09T00:00:00.000Z,4,33.7,9.69,8.1,12.5,3.86,618
2023-11-10T00:00:00.000Z,2.8,56.4,13,8.3,19.64,7.9,636
2023-11-11T00:00:00.000Z,7.6,53.2,30.6,21.6,36.5,9.864,620
2023-11-12T00:00:00.000Z,7.5,51.4,18.2,15.8,21.85,6.064,389
2023-11-13T00:00:00.000Z,1.9,27.1,11,6.1,16.5,5.96,594
2023-11-14T00:00:00.000Z,4.3,29.8,9.85,7.9,12.85,3.463,624
2023-11-15T00:00:00.000Z,3.5,18.6,6.9,5.4,10,3.133,347