# Sensor FAV-CholChol, Chile (Purple Air/132041)
# https://aqicn.org/station/@252472/
# Daily pm25
date,min,max,median,q1,q3,stdev,count
2022-03-28T00:00:00.000Z,0.7,1.3,0.8,0.7,1.1,0.245,4
2022-03-29T00:00:00.000Z,0.5,191.5,10.75,4.7,22.9,24.271,130
2022-03-30T00:00:00.000Z,0.3,180.8,23.9,7,36.79,22.29,599
2022-03-31T00:00:00.000Z,0.3,157.9,19.05,7.3,30.65,19.22,596
2022-04-01T00:00:00.000Z,0,181.8,16.75,6.8,26.75,30.643,564
2022-04-02T00:00:00.000Z,0,60.9,16.3,3.6,30.15,13.703,524
2022-04-03T00:00:00.000Z,0,129.8,9.19,2.7,26.4,18.37,579
2022-04-04T00:00:00.000Z,0,122.9,24.35,6.1,35.79,19.232,558
2022-04-05T00:00:00.000Z,0.9,357.7,28.5,14.9,38.1,41.875,617
2022-04-06T00:00:00.000Z,0.1,167.2,20.2,7.1,32.1,22.647,614
2022-04-07T00:00:00.000Z,0,163.3,29.9,9.65,36.29,16.37,537
2022-04-08T00:00:00.000Z,0.1,75.8,13.3,5.2,20.7,11.472,611
2022-04-09T00:00:00.000Z,0,365.1,21.75,10.9,32.35,45.234,580
2022-04-10T00:00:00.000Z,0,462.4,25.8,9.5,47.3,51.535,601
2022-04-11T00:00:00.000Z,2.3,298.6,40.9,23.5,78.05,54.124,617
2022-04-12T00:00:00.000Z,0,130.2,11.5,2.4,33.6,24.917,543
2022-04-13T00:00:00.000Z,1.5,220.6,34.1,12.7,48.1,27.914,598
2022-04-14T00:00:00.000Z,3.6,221.8,44.75,29.5,58.7,28.962,610
2022-04-15T00:00:00.000Z,1.8,80.9,29.55,22,39,14.704,594
2022-04-16T00:00:00.000Z,2.8,72.9,17.39,9.69,33,14.869,613
2022-04-17T00:00:00.000Z,7.6,197.4,37.5,29.55,53.15,35.035,613
2022-04-18T00:00:00.000Z,0.5,355,30.4,21.85,44.45,66.235,609
2022-04-19T00:00:00.000Z,16.4,344.2,45.15,34.5,62.35,40.558,604
2022-04-20T00:00:00.000Z,0,144.3,17.5,5.5,31,25.99,579
2022-04-21T00:00:00.000Z,0.7,320.7,30.45,17.89,56.7,58.821,604
2022-04-22T00:00:00.000Z,0,275.2,26.1,12.1,40.04,41.027,613
2022-04-23T00:00:00.000Z,0,141.1,7.15,2.5,16.89,14.494,494
2022-04-24T00:00:00.000Z,0,253.2,13.8,3.4,30.8,30.94,537
2022-04-25T00:00:00.000Z,0,214.5,18.35,8.1,32.79,35.265,622
2022-04-26T00:00:00.000Z,0,148.7,10.4,4,19.3,14.702,598
2022-04-27T00:00:00.000Z,0,181.7,20.9,6.7,42.2,34.538,507
2022-04-28T00:00:00.000Z,1,246.1,35.2,18.8,67.59,44.13,611
2022-04-29T00:00:00.000Z,1.9,225.4,40.1,17.1,75.4,44.335,615
2022-04-30T00:00:00.000Z,5.6,291.8,45.05,33.7,91.15,51.11,604
2022-05-01T00:00:00.000Z,4.1,300.6,52.25,32.6,99.65,56.894,608
2022-05-02T00:00:00.000Z,0.4,172.1,31.2,15.6,48.6,26.554,607
2022-05-03T00:00:00.000Z,2,411.3,39.65,29.6,49.9,47.54,626
2022-05-04T00:00:00.000Z,2.4,340.8,49.2,29.9,93.8,71.599,615
2022-05-05T00:00:00.000Z,2.5,321.9,39.04,26.5,62.4,47.923,614
2022-05-06T00:00:00.000Z,6.2,325.8,34.25,23.3,53.45,45.806,612
2022-05-07T00:00:00.000Z,2.4,532.5,37,26.65,49.75,101.433,593
2022-05-08T00:00:00.000Z,10.9,352.4,52.2,33.29,80.5,64.431,599
2022-05-09T00:00:00.000Z,8.9,157.7,36.7,31.3,47.5,20.28,611
2022-05-10T00:00:00.000Z,2.7,250.3,15.1,6.8,48.5,46.732,592
2022-05-11T00:00:00.000Z,31,354.4,49,41.8,77.1,65.479,607
2022-05-12T00:00:00.000Z,7.2,322.4,42.05,33,50.9,40.925,598
2022-05-13T00:00:00.000Z,0.1,202,31.6,18.1,52.9,43.406,606
2022-05-14T00:00:00.000Z,0.7,583.7,44.65,18.8,88.5,101.011,602
2022-05-15T00:00:00.000Z,5.6,552.1,106.2,41.85,285.7,133.982,421
2022-05-16T00:00:00.000Z,17,582.6,103.7,48.25,261.05,135.785,593
2022-05-17T00:00:00.000Z,20.4,553.8,98.6,58.6,281,137.715,599
2022-05-18T00:00:00.000Z,41.9,550.3,84.45,67.5,153.94,101.977,612
2022-05-19T00:00:00.000Z,13.8,147.3,42.7,32.6,50.3,22.504,611
2022-05-20T00:00:00.000Z,0,142.7,21.3,8.1,30.9,19.101,583
2022-05-21T00:00:00.000Z,3.8,117.8,30.2,20.5,42,16.197,606
2022-05-22T00:00:00.000Z,0.2,400.6,19.39,5.7,29.7,74.767,599
2022-05-23T00:00:00.000Z,1.2,410.8,47,28.7,92.6,76.6,615
2022-05-24T00:00:00.000Z,0,403.1,31.55,18,48.1,57.797,582
2022-05-25T00:00:00.000Z,1.7,446.5,35.79,21.1,98.5,77.218,623
2022-05-26T00:00:00.000Z,3.4,509.3,84.3,31.3,135.6,91.96,618
2022-05-27T00:00:00.000Z,127.4,570.9,277.55,239.4,366.4,105.008,86
2022-05-28T00:00:00.000Z,1.5,532.9,57.6,18.5,100.5,80.664,475
2022-05-29T00:00:00.000Z,8.7,452,52.6,33.4,108.5,77.82,660
2022-05-30T00:00:00.000Z,19.6,437.2,52.4,39.95,107.75,57.252,649
2022-05-31T00:00:00.000Z,22.9,481.9,71.09,42.95,187.45,109.535,653
2022-06-01T00:00:00.000Z,29.6,225.9,44.85,37.5,62.1,32.794,594
2022-06-02T00:00:00.000Z,34.8,534.2,80.5,56.25,139.85,69.467,589
2022-06-03T00:00:00.000Z,2.2,537.7,41.75,19.5,108.1,116.661,654
2022-06-04T00:00:00.000Z,0,232.5,47.85,29.7,64.9,33.119,614
2022-06-05T00:00:00.000Z,0.1,252.3,49.6,29.35,82.7,47.073,644
2022-06-06T00:00:00.000Z,0,226.9,31.1,20.2,41.3,21.821,539
2022-06-07T00:00:00.000Z,0,248.1,20.5,6.1,34.79,31.63,627
2022-06-08T00:00:00.000Z,0,342.4,35.8,21.75,73.25,52.228,648
2022-06-09T00:00:00.000Z,7.6,547.1,45.9,35.29,71.4,100.897,646
2022-06-10T00:00:00.000Z,17.2,696.2,53.8,37.2,335.7,187.125,647
2022-06-11T00:00:00.000Z,24,554.9,64.3,44.3,217.3,139.197,654
2022-06-12T00:00:00.000Z,21.1,535.1,54.1,45.4,91.2,92.44,655
2022-06-13T00:00:00.000Z,32.1,115,54.3,44.5,66.3,15.855,644
2022-06-14T00:00:00.000Z,12.1,272.3,48.6,38,58.9,32.741,650
2022-06-15T00:00:00.000Z,8.3,596,54.8,38.6,100.3,72.932,659
2022-06-16T00:00:00.000Z,4,513.1,52.25,30.4,108.8,91.26,654
2022-06-17T00:00:00.000Z,3.4,260,30.1,16.4,52,52.749,573
2022-06-18T00:00:00.000Z,10.6,386.8,41.75,31.2,85.6,66.532,658
2022-06-19T00:00:00.000Z,11.7,160.2,39.5,29.1,57.5,24.671,631
2022-06-20T00:00:00.000Z,16.8,269.9,50,35.79,78.59,40.314,646
2022-06-21T00:00:00.000Z,13,251.9,50.4,37.54,85.45,49.15,653
2022-06-22T00:00:00.000Z,20.8,467.4,83.9,46.3,149.85,84.028,649
2022-06-23T00:00:00.000Z,11.1,263.5,61.65,44.2,94.4,46.819,636
2022-06-24T00:00:00.000Z,0,263.4,46.3,20.6,65,39.106,625
2022-06-25T00:00:00.000Z,8.2,472.8,49.5,35.6,96.3,80.498,644
2022-06-26T00:00:00.000Z,21.4,497.5,73.05,46.2,144.9,115.405,654
2022-06-27T00:00:00.000Z,28,664.5,66.65,47.7,106.65,124.7,648
2022-06-28T00:00:00.000Z,0.5,145,21,8.69,32.2,24.548,635
2022-06-29T00:00:00.000Z,0,351.3,32,11.3,57.6,48.218,639
2022-06-30T00:00:00.000Z,4.1,399.8,46.45,36.5,69.59,60.398,652
2022-07-01T00:00:00.000Z,0,261,34.79,21.2,64,44.566,631
2022-07-02T00:00:00.000Z,0.9,357.6,27,17.2,45.1,62.387,643
2022-07-03T00:00:00.000Z,2.3,288.1,31.6,17.14,53.5,55.553,649
2022-07-04T00:00:00.000Z,2.3,218.4,31.7,24.5,43.2,21.99,642
2022-07-05T00:00:00.000Z,0,233.3,33.29,6.8,48.9,28,635
2022-07-06T00:00:00.000Z,0,342.3,25.1,9.6,38.9,35.482,629
2022-07-07T00:00:00.000Z,2.3,143,28.25,18.4,37.5,21.24,434
2022-07-08T00:00:00.000Z,12.1,621.9,37.7,29.6,90.5,111.533,611
2022-07-09T00:00:00.000Z,0,157.3,16.7,3.4,33.5,26.491,635
2022-07-10T00:00:00.000Z,1.5,205,29.75,21.2,43.5,25.92,622
2022-07-11T00:00:00.000Z,5.6,696.3,37.7,27.75,50.95,57.463,645
2022-07-12T00:00:00.000Z,0,297.8,37.9,16.5,67.5,53.975,563
2022-07-13T00:00:00.000Z,0,461.9,49.65,30.4,85.3,59.006,652
2022-07-14T00:00:00.000Z,1.7,403.6,32.29,20.8,45.4,52.28,588
2022-07-15T00:00:00.000Z,12.4,512.2,48.05,39.1,74.3,94.658,638
2022-07-16T00:00:00.000Z,17.1,572.2,53.85,38.79,120.4,107.045,646
2022-07-17T00:00:00.000Z,0,286.7,16.8,3.6,31.8,31.087,603
2022-07-18T00:00:00.000Z,0.1,436.9,49.75,27.3,141.9,93.067,642
2022-07-19T00:00:00.000Z,16.3,466.3,44.3,30.55,107.5,89.504,661
2022-07-20T00:00:00.000Z,0,409.3,41.8,24.15,156.69,97.977,656
2022-07-21T00:00:00.000Z,9.5,252.1,43.7,33.29,61.5,37.753,663
2022-07-22T00:00:00.000Z,0.6,48.8,20.8,7.1,29.45,12.153,633
2022-07-23T00:00:00.000Z,0,270.8,21.3,7,37.1,50.349,641
2022-07-24T00:00:00.000Z,2.4,306.5,62.85,38,122.15,65.495,660
2022-07-25T00:00:00.000Z,4.2,302.9,42.95,23.2,65.09,55.453,654
2022-07-26T00:00:00.000Z,0,295.6,13.6,4.8,25.65,33.336,636
2022-07-27T00:00:00.000Z,0.2,372.3,50.7,30.1,122.9,82.315,655
2022-07-28T00:00:00.000Z,13.6,390.2,50.6,38.85,104.95,76.04,657
2022-07-29T00:00:00.000Z,11.5,321.8,39.2,31.15,59.25,62.048,665
2022-07-30T00:00:00.000Z,7.8,298,44.6,31.7,65.4,39.688,662
2022-07-31T00:00:00.000Z,22,186.4,47,38,59.7,26.925,652
2022-08-01T00:00:00.000Z,0.6,411.2,54.7,39.95,92.55,56.144,601
2022-08-02T00:00:00.000Z,18,643.2,56.9,36.9,131.8,127.892,635
2022-08-03T00:00:00.000Z,0.1,316.6,51.7,34.25,99.85,59.272,641
2022-08-04T00:00:00.000Z,4.2,198.8,37.65,31.7,43.55,25.19,668
2022-08-05T00:00:00.000Z,12.2,367.4,35.6,31.3,52.3,42.389,671
2022-08-06T00:00:00.000Z,6.1,209.8,49.1,36.1,73.4,37.029,655
2022-08-07T00:00:00.000Z,0.1,187.6,26.3,8.3,39.9,27.677,667
2022-08-08T00:00:00.000Z,0,568.8,23.3,8.35,44.7,68.035,637
2022-08-09T00:00:00.000Z,6.8,424.7,47.95,34.2,107.2,79.245,646
2022-08-10T00:00:00.000Z,0.4,399.5,48.8,29.2,107.25,77.72,672
2022-08-11T00:00:00.000Z,16.2,299.3,58.8,41.2,103.9,53.85,666
2022-08-12T00:00:00.000Z,1.9,280.6,31.2,17.5,43.65,34.527,660
2022-08-13T00:00:00.000Z,0,210.1,14.5,4.8,25.3,27.898,639
2022-08-14T00:00:00.000Z,0,358.9,15.6,5.2,42.25,44.46,653
2022-08-15T00:00:00.000Z,0,166.8,25.8,12.4,36.5,24.056,635
2022-08-16T00:00:00.000Z,0.1,189.5,27,14.5,40.29,29.154,647
2022-08-17T00:00:00.000Z,0,228.4,22.35,8.5,46.1,39.716,646
2022-08-18T00:00:00.000Z,0.1,384.5,35.7,19.2,69.9,79.184,647
2022-08-19T00:00:00.000Z,2.7,585.5,40.29,20.85,118.55,137.267,661
2022-08-20T00:00:00.000Z,0,125.9,21.15,10.19,33,20.456,642
2022-08-21T00:00:00.000Z,0.1,412.4,36.65,10.9,62.7,82.305,658
2022-08-22T00:00:00.000Z,4.8,392.7,38.2,24.9,72.3,68.999,659
2022-08-23T00:00:00.000Z,0,78.3,19.2,10.4,29.15,14.426,661
2022-08-24T00:00:00.000Z,0,98.9,21.6,10.8,31.1,13.795,639
2022-08-25T00:00:00.000Z,0,284.7,32.25,11,62.65,50.086,640
2022-08-26T00:00:00.000Z,4.2,308.7,47.8,34.95,73.25,47.327,669
2022-08-27T00:00:00.000Z,0,366.2,25.5,7.1,45.7,60.933,655
2022-08-28T00:00:00.000Z,0.2,462.8,39,14.95,143.69,117.623,653
2022-08-29T00:00:00.000Z,4.9,539.6,50.4,30.8,128.5,120.534,654
2022-08-30T00:00:00.000Z,17.1,444,35.15,27.15,53.3,52.363,652
2022-08-31T00:00:00.000Z,0.2,170,35.1,14.8,56.4,27.909,650
2022-09-01T00:00:00.000Z,0,155,12.4,4.59,24.8,15.673,634
2022-09-02T00:00:00.000Z,3,240.2,28.4,13.7,47.3,47.227,661
2022-09-03T00:00:00.000Z,0.8,217,23.2,9.1,41.4,35.372,644
2022-09-04T00:00:00.000Z,0.4,299.6,14.1,6.15,28.85,33.872,637
2022-09-05T00:00:00.000Z,6.3,346.6,35.1,25.45,50.4,51.333,660
2022-09-06T00:00:00.000Z,0.1,351.2,43.1,15.5,73.3,63.764,659
2022-09-07T00:00:00.000Z,0,303.4,4.8,1.6,16.25,24.539,549
2022-09-08T00:00:00.000Z,0.1,352.1,32.9,15.95,52.8,57.123,632
2022-09-09T00:00:00.000Z,0,317.1,31.8,17.3,47.3,39.324,657
2022-09-10T00:00:00.000Z,0,155.4,36.6,15.55,50.15,26.422,633
2022-09-11T00:00:00.000Z,0.8,220.4,24.4,11.2,47.45,40.46,644
2022-09-12T00:00:00.000Z,8.2,156.6,32.2,24,40.95,17.03,569
2022-09-13T00:00:00.000Z,6.2,275.4,37.6,19.7,68,42.145,646
2022-09-14T00:00:00.000Z,6.1,270.2,42.85,27.4,59.5,34.849,650
2022-09-15T00:00:00.000Z,0,186.6,27.7,16.64,38.35,21.667,645
2022-09-16T00:00:00.000Z,0,104.3,20.7,5.5,33.6,17.644,614
2022-09-17T00:00:00.000Z,0,127.3,14.9,6.15,26,14.744,589
2022-09-18T00:00:00.000Z,0,137.3,18.95,4.09,38.79,25.619,582
2022-09-19T00:00:00.000Z,0,404.9,29.6,9.9,46.55,68.069,625
2022-09-20T00:00:00.000Z,0,152,30.6,16.75,46.2,27.295,648
2022-09-21T00:00:00.000Z,0,388.4,25.7,9.65,43.6,50.479,641
2022-09-22T00:00:00.000Z,0,92.8,16,4.7,25,14.323,642
2022-09-23T00:00:00.000Z,0.2,94.2,18.8,5.75,32,16.315,649
2022-09-24T00:00:00.000Z,0,107.5,19.2,6.55,32.6,17.267,649
2022-09-25T00:00:00.000Z,0.1,170.3,31.15,11.6,43.15,24.462,640
2022-09-26T00:00:00.000Z,0,242.6,22.6,5.85,31.15,22.149,649
2022-09-27T00:00:00.000Z,0,238.5,15.5,3.6,40.4,33.509,633
2022-09-28T00:00:00.000Z,0.3,314.4,25,5.2,47,60.695,651
2022-09-29T00:00:00.000Z,1,134.9,18.75,7.8,31.75,21.701,652
2022-09-30T00:00:00.000Z,0,61.7,18.3,8.4,24.5,11.063,638
2022-10-01T00:00:00.000Z,0.5,90.3,18.14,5.3,31.5,15.993,662
2022-10-02T00:00:00.000Z,4.9,174.2,31.3,22.7,40.25,26.305,672
2022-10-03T00:00:00.000Z,1.1,98,18.64,12.4,32.4,17.561,654
2022-10-04T00:00:00.000Z,0.4,70.1,20.05,13.6,26.9,10.927,636
2022-10-05T00:00:00.000Z,0,157.6,17.3,3.3,35.25,37.068,608
2022-10-06T00:00:00.000Z,0,118.3,8.1,1.4,19.89,13.793,618
2022-10-07T00:00:00.000Z,0,73.1,10.15,3.2,24,12.57,522
2022-10-08T00:00:00.000Z,0,208.1,16.6,5.4,32.9,36.085,647
2022-10-09T00:00:00.000Z,0,296.9,8.35,2.8,39.6,52.813,644
2022-10-10T00:00:00.000Z,0,57.4,3.5,1.2,9.6,8.808,599
2022-10-11T00:00:00.000Z,0,169,10.7,5,26.6,21.194,621
2022-10-12T00:00:00.000Z,0,87.9,6.5,1.2,16.9,12.369,521
2022-10-13T00:00:00.000Z,0,88.1,15.2,4.6,33.5,19.841,645
2022-10-14T00:00:00.000Z,0,115.2,14,3.2,28,16.67,609
2022-10-15T00:00:00.000Z,0,123.1,16.1,2.6,40,23.114,631
2022-10-16T00:00:00.000Z,0,36.8,3.3,1.1,9.4,8.867,514
2022-10-17T00:00:00.000Z,0,167.2,13.5,5.9,26.35,17.96,569
2022-10-18T00:00:00.000Z,10.1,128.7,30.5,22.6,38,14.379,471
2022-10-21T00:00:00.000Z,0,102.4,3.8,0.6,11.65,14.229,573
2022-10-22T00:00:00.000Z,0,85.1,18.3,2.5,34.9,19.607,633
2022-10-23T00:00:00.000Z,0,81,15.7,6.8,25.1,14.554,635
2022-10-24T00:00:00.000Z,0,68.6,7.2,3.6,18.7,11.679,599
2022-10-25T00:00:00.000Z,0,90.8,12.7,7.9,20.35,10.34,629
2022-10-26T00:00:00.000Z,0,63.3,2.4,0.2,10.9,11.603,475
2022-10-27T00:00:00.000Z,0,98.2,8.1,2.29,20.6,13.483,567
2022-10-28T00:00:00.000Z,0,93.5,8.9,2.35,18.1,13.657,560
2022-10-29T00:00:00.000Z,0,143.7,4,0.9,9.9,16.89,465
2022-10-30T00:00:00.000Z,0,51.9,2.2,0.5,9.9,12.783,589
2022-10-31T00:00:00.000Z,0,134.3,18.5,1.9,36.4,25.155,579
2022-11-01T00:00:00.000Z,0,175.1,15.6,2.9,44.2,34.205,539
2022-11-02T00:00:00.000Z,0,84.3,7.6,4.2,20.55,15.3,632
2022-11-03T00:00:00.000Z,3.8,34.2,13.7,8.4,19,6.192,594
2022-11-04T00:00:00.000Z,3.2,69.2,18.9,9.55,25.25,10.622,649
2022-11-05T00:00:00.000Z,6.6,43.2,23.5,13.6,27.7,8.494,661
2022-11-06T00:00:00.000Z,1.6,66.5,6.5,5,9.3,6.588,637
2022-11-07T00:00:00.000Z,0.4,52.5,5.4,3.6,8,7.034,624
2022-11-08T00:00:00.000Z,0,42.3,3.4,1,6.9,7.004,615
2022-11-09T00:00:00.000Z,2.5,43.9,8.2,5.6,14.8,7.403,649
2022-11-10T00:00:00.000Z,0,40.1,4.6,1.7,8.7,7.649,632
2022-11-11T00:00:00.000Z,0,43.4,8.1,4.8,14.8,7.692,625
2022-11-12T00:00:00.000Z,0,81.4,6.2,1.6,16.8,11.366,570
2022-11-13T00:00:00.000Z,0,89.8,7.1,2.4,19.9,18.298,461
2022-11-14T00:00:00.000Z,0,46.4,5,0.6,17.6,10.684,467
2022-11-15T00:00:00.000Z,0,71.6,6.45,2.9,17.89,11.295,616
2022-11-16T00:00:00.000Z,0,31.5,2.75,0.7,6.2,6.291,576
2022-11-17T00:00:00.000Z,0,60.8,1.8,0.2,5,7.99,441
2022-11-18T00:00:00.000Z,0,34.8,0.7,0.2,1.7,3.43,467
2022-11-19T00:00:00.000Z,0,50,0.6,0.1,3.35,8.028,428
2022-11-20T00:00:00.000Z,0,33.3,1.4,0.3,4.65,5.511,421
2022-11-21T00:00:00.000Z,0,31.7,2.2,0.6,4.8,5.419,525
2022-11-22T00:00:00.000Z,0,27.2,1.6,0.2,4.95,4.819,381
2022-11-23T00:00:00.000Z,0,23,0.2,0,1.35,3.982,176
2022-11-24T00:00:00.000Z,0,33,0.4,0.1,1.9,5.129,305
2022-11-25T00:00:00.000Z,0,46,1.7,0.3,5.2,7.412,443
2022-11-26T00:00:00.000Z,0,32.3,0.8,0.2,3,3.388,527
2022-11-27T00:00:00.000Z,0,152.1,3.6,1.7,5,16.446,520
2022-11-28T00:00:00.000Z,0,25.7,1.8,0.6,4.9,4.361,582
2022-11-29T00:00:00.000Z,0,37.8,0.4,0.1,1.6,4.963,324
2022-11-30T00:00:00.000Z,0,14.8,0.1,0,0.5,1.713,194
2022-12-01T00:00:00.000Z,0,35.5,0.9,0.1,3.35,4.158,301
2022-12-02T00:00:00.000Z,0,32.6,3.2,0.3,6.8,6.612,384
2022-12-03T00:00:00.000Z,0,31.2,3.4,0.9,5.5,4.587,511
2022-12-04T00:00:00.000Z,0,38.1,2.5,1.2,3.5,4.611,428
2022-12-05T00:00:00.000Z,0,29.2,2.4,0.3,6.35,4.526,405
2022-12-06T00:00:00.000Z,0,147.4,6.5,1.9,13.65,17.194,464
2022-12-07T00:00:00.000Z,0,66,9.1,4,20.2,11.352,629
2022-12-08T00:00:00.000Z,0,26.7,1.6,0.5,3.3,3.351,500
2022-12-09T00:00:00.000Z,0,11.3,0.3,0.1,1.3,1.629,418
2022-12-10T00:00:00.000Z,0,113,4.09,2.1,6.5,8.59,446
2022-12-11T00:00:00.000Z,0,80.4,4.15,0.8,7.6,8.684,428
2022-12-12T00:00:00.000Z,0,22.9,0.8,0.1,3.05,5.096,233
2022-12-13T00:00:00.000Z,0,79.9,2.7,0.6,7.7,11.408,241
2022-12-14T00:00:00.000Z,0,131.3,0.6,0.1,3.55,10.543,301
2022-12-15T00:00:00.000Z,0,11.2,0.7,0.1,2,1.598,417
2022-12-16T00:00:00.000Z,0,32.4,0.3,0.1,0.8,4.54,336
2022-12-17T00:00:00.000Z,0,1.1,0.1,0,0.2,0.251,80
2022-12-18T00:00:00.000Z,0,41.3,1.3,0.2,8.15,10.88,393
2022-12-19T00:00:00.000Z,0,24.9,3.3,2,5.8,3.837,527
2022-12-20T00:00:00.000Z,0,37.6,2.8,1.5,4.2,4.412,500
2022-12-21T00:00:00.000Z,0,123.3,5,3.6,8.44,15.601,364
2022-12-22T00:00:00.000Z,0,52.8,1.85,0.4,5.7,6.937,350
2022-12-23T00:00:00.000Z,0,44.6,0.8,0.2,4.59,7.701,283
2022-12-24T00:00:00.000Z,0,25.1,0.6,0.1,3.2,3.653,133
2022-12-25T00:00:00.000Z,0,1810.6,0.8,0.1,4,232.785,117
2022-12-26T00:00:00.000Z,0,77.8,7.4,2.3,22.3,13.765,602
2022-12-27T00:00:00.000Z,0,5.6,1.1,0.3,2.2,1.384,459
2022-12-28T00:00:00.000Z,0,18.5,0.8,0.2,2.3,2.262,356
2022-12-29T00:00:00.000Z,0,21.3,1,0.2,1.9,2.041,509
2022-12-30T00:00:00.000Z,0,43.9,5.7,2.2,15.7,10.451,579
2022-12-31T00:00:00.000Z,0,78.1,4.7,2.2,9.8,15.539,471
2023-01-01T00:00:00.000Z,0,37.4,2.4,1,6.4,5.572,437
2023-01-02T00:00:00.000Z,0,60.1,0.4,0.1,2.4,6.479,282
2023-01-03T00:00:00.000Z,0,45,1.9,0.8,3.9,6.084,403
2023-01-04T00:00:00.000Z,0,69.3,0.5,0.1,14.85,14.454,373
2023-01-05T00:00:00.000Z,0,52.5,2,0.9,4.05,5.568,500
2023-01-06T00:00:00.000Z,2.1,30.3,5.4,4.5,6.4,3.107,613
2023-01-07T00:00:00.000Z,2.9,38,7,6.2,8.1,3.697,641
2023-01-08T00:00:00.000Z,0,20.5,4.5,2.5,6,3.27,554
2023-01-09T00:00:00.000Z,0,17.8,0.2,0,1.75,2.602,73
2023-01-10T00:00:00.000Z,0,8,0.1,0,0.2,1.3,57
2023-01-11T00:00:00.000Z,0,45.9,0.7,0.1,4.09,7.48,165
2023-01-12T00:00:00.000Z,0,42,0.3,0.1,1,3.606,242
2023-01-13T00:00:00.000Z,0,45.8,1.3,0.3,5.3,7.562,391
2023-01-14T00:00:00.000Z,0,20.5,0.5,0.1,2,2.728,187
2023-01-15T00:00:00.000Z,0,119.6,0.35,0.1,1.85,13.916,276
2023-01-16T00:00:00.000Z,0,28.7,0.6,0.1,3.8,4.767,362
2023-01-17T00:00:00.000Z,0,85.5,2.85,0.9,5.75,10.447,300
2023-01-18T00:00:00.000Z,0,49,0.6,0.2,2.9,8.705,506
2023-01-19T00:00:00.000Z,0,29.4,1,0.35,2.29,3.08,533
2023-01-20T00:00:00.000Z,0,26.7,5.4,2.4,8.9,5.647,505
2023-01-21T00:00:00.000Z,0,30.5,0.4,0.1,1.4,3.136,452
2023-01-22T00:00:00.000Z,0,3.7,0.2,0,0.5,0.806,58
2023-01-23T00:00:00.000Z,0,16.2,1.1,0.2,2.95,1.868,312
2023-01-24T00:00:00.000Z,0,11.4,0.15,0,0.65,2.3,72
2023-01-25T00:00:00.000Z,0,50.2,2,0.3,5.95,7.49,241
2023-01-26T00:00:00.000Z,0,51.3,2.04,0.3,4.3,6.523,314
2023-01-27T00:00:00.000Z,0,45.7,2.29,0.4,7.15,8.8,333
2023-01-28T00:00:00.000Z,0,28.1,4.5,1.85,8.15,7.138,356
2023-01-29T00:00:00.000Z,0,7.4,0.1,0,0.35,0.976,217
2023-01-30T00:00:00.000Z,0,16.2,0.1,0,0.25,2.103,100
2023-01-31T00:00:00.000Z,0,28,0.3,0.1,1.2,2.728,374
2023-02-01T00:00:00.000Z,0,79.8,1.6,0.3,4.95,7.828,437
2023-02-02T00:00:00.000Z,0,45.3,1.4,0.5,3.2,5.153,472
2023-02-03T00:00:00.000Z,0,87.9,1.1,0.2,3.4,7.672,429
2023-02-04T00:00:00.000Z,0,1844,5.4,2.7,26.2,588.4,591
2023-02-05T00:00:00.000Z,0,1729.7,44.9,29.75,55.4,564.639,577
2023-02-06T00:00:00.000Z,0,81.4,3.3,1.3,24.8,14.747,489
2023-02-07T00:00:00.000Z,0,61.8,22.35,7.4,37.5,16.344,562
2023-02-08T00:00:00.000Z,0,39.2,9,0.6,26.4,12.671,459
2023-02-09T00:00:00.000Z,0,5.4,0.1,0,0.4,0.763,137
2023-02-10T00:00:00.000Z,0,26,2.15,0.8,18.1,8.675,340
2023-02-11T00:00:00.000Z,0,18.6,3.4,0.2,5.8,3.382,322
2023-02-12T00:00:00.000Z,0,14.1,1,0.4,2,2.678,279
2023-02-13T00:00:00.000Z,0,35.2,0.6,0.1,2.8,6.968,137
2023-02-14T00:00:00.000Z,0,42.4,2,0.7,5.05,9.871,460
2023-02-15T00:00:00.000Z,0,28.7,0.3,0.1,0.8,3.415,239
2023-02-16T00:00:00.000Z,0,9.2,0.1,0,0.8,1.294,99
2023-02-17T00:00:00.000Z,0,42.4,0.4,0.1,14.9,9.899,167
2023-02-18T00:00:00.000Z,0,37.4,9.3,6.5,17.89,7.879,549
2023-02-19T00:00:00.000Z,0,25.7,0.3,0.1,3.45,4.497,229
2023-02-20T00:00:00.000Z,0,47.8,7.7,1.8,15.25,8.442,329
2023-02-21T00:00:00.000Z,0,43.6,0.7,0.2,2.9,6.278,321
2023-02-22T00:00:00.000Z,0,42.6,1.55,0.3,6.9,6.558,334
2023-02-23T00:00:00.000Z,0,38.2,0.3,0.1,4.15,7.502,121
2023-02-24T00:00:00.000Z,0,43.1,4.9,1.3,28.8,13.824,358
2023-02-25T00:00:00.000Z,0,42.1,1.4,0.2,3.6,4.754,266
2023-02-26T00:00:00.000Z,0,36.9,0.3,0.1,1.4,4.758,446
2023-02-27T00:00:00.000Z,0,40.7,0.7,0.1,3.6,6.602,298
2023-02-28T00:00:00.000Z,0,49.5,1.8,0.5,4.8,5.996,292
2023-03-01T00:00:00.000Z,0,25.6,0.6,0.2,1.3,3.6,287
2023-03-02T00:00:00.000Z,0,35.3,1,0.2,3.1,5.047,189
2023-03-03T00:00:00.000Z,0,6.9,0.3,0.1,1.65,1.39,76
2023-03-04T00:00:00.000Z,0,35.2,0.5,0.1,3.2,6.474,291
2023-03-05T00:00:00.000Z,0,68.8,2.45,0.3,14,11.194,262
2023-03-06T00:00:00.000Z,0,86.1,1.2,0.3,3,6.584,343
2023-03-07T00:00:00.000Z,0,36.6,8.5,2.65,11.3,5.8,445
2023-03-08T00:00:00.000Z,0,37.4,3,1.1,12.9,10.043,570
2023-03-09T00:00:00.000Z,0,144.3,4,1.8,9.19,10.996,626
2023-03-10T00:00:00.000Z,0,51.7,18.7,12.5,27.05,10.296,633
2023-03-11T00:00:00.000Z,0,58.3,8.55,4.45,19.2,11.512,568
2023-03-12T00:00:00.000Z,0,44.1,7.5,1.2,25.8,12.93,539
2023-03-13T00:00:00.000Z,0,52.1,2.95,0.4,5.25,8.067,276
2023-03-14T00:00:00.000Z,0,60.4,7.9,5.4,18.2,12.261,380
2023-03-15T00:00:00.000Z,0,23.2,3.5,1.9,5.5,4.206,504
2023-03-16T00:00:00.000Z,0,33.3,6.1,3.2,9.19,5.726,597
2023-03-17T00:00:00.000Z,0,59.3,6.5,1.1,18.8,11.829,595
2023-03-18T00:00:00.000Z,0,39,6.7,4.5,12.05,7.086,592
2023-03-19T00:00:00.000Z,0,41.2,3.5,1.1,11.65,7.967,525
2023-03-20T00:00:00.000Z,0,35.4,2.4,0.6,5.2,5.311,527
2023-03-21T00:00:00.000Z,0,91.7,5.65,1.6,19.1,14.456,564
2023-03-22T00:00:00.000Z,0,87.8,3.5,2.1,7.35,11.785,636
2023-03-23T00:00:00.000Z,0,45,5.3,1.8,17.6,10.436,641
2023-03-24T00:00:00.000Z,0,69.2,9.5,3.6,20.9,11.625,535
2023-03-25T00:00:00.000Z,0,77.3,7.7,3.4,20.1,12.468,630
2023-03-26T00:00:00.000Z,0,47.6,17,4.9,25.1,11.944,639
2023-03-27T00:00:00.000Z,0,71.9,20.3,9.6,27,13.13,659
2023-03-28T00:00:00.000Z,0,109,23.05,3.6,39.4,21.343,578
2023-03-29T00:00:00.000Z,0,1802.6,7.7,3.7,17,102.251,615
2023-03-30T00:00:00.000Z,0,114.9,29.45,16.8,40.25,20.061,652
2023-03-31T00:00:00.000Z,0.2,1770.1,37.6,24.8,47.7,229.827,647
2023-04-01T00:00:00.000Z,6.2,1729.7,32.79,27.3,40.79,66.757,663
2023-04-02T00:00:00.000Z,0,105.8,5.7,2.8,13.6,11.397,619
2023-04-03T00:00:00.000Z,0,77.1,8.1,2.8,20.39,12.899,606
2023-04-04T00:00:00.000Z,0,80.3,22.2,12.1,30.5,14.009,648
2023-04-05T00:00:00.000Z,4.2,1722,34.1,26.85,42.2,114.284,664
2023-04-06T00:00:00.000Z,0,1719.5,8.19,1.2,43.3,77.454,523
2023-04-07T00:00:00.000Z,0.6,76.2,18.3,5.95,32.45,14.913,661
2023-04-08T00:00:00.000Z,3.7,1725.5,25.8,18.1,39.5,207.729,656
2023-04-09T00:00:00.000Z,2.1,1748.9,35.04,22.05,45.75,378.329,660
2023-04-10T00:00:00.000Z,0,1730.6,41.8,30.8,47.65,163.181,637
2023-04-11T00:00:00.000Z,0,73.6,4.8,1.5,25.9,14.559,607
2023-04-12T00:00:00.000Z,0.2,1730.6,10.5,4.5,29.6,70.001,659
2023-04-13T00:00:00.000Z,3.3,94.2,29,22.7,34.79,10.306,666
2023-04-14T00:00:00.000Z,0.5,81.2,21.9,9.65,32.2,14.596,648
2023-04-15T00:00:00.000Z,2,1734.3,28.4,20.5,44.6,200.904,563
2023-04-16T00:00:00.000Z,0,1744.3,14.4,3.9,42.1,309.017,639
2023-04-17T00:00:00.000Z,0,1755.7,25.1,11.55,37.25,567.918,668
2023-04-18T00:00:00.000Z,0,1790.9,21.7,9.1,41,341.79,667
2023-04-19T00:00:00.000Z,1.4,1731.1,31.15,22.35,38.4,243.631,660
2023-04-20T00:00:00.000Z,5.4,1786.2,31.7,20.05,43.75,578.999,657
2023-04-21T00:00:00.000Z,0,1805.1,14.1,4.5,30.7,355.291,625
2023-04-22T00:00:00.000Z,0.3,1728.6,8.25,4.4,22.6,236.265,664
2023-04-23T00:00:00.000Z,5.6,1745.5,28.95,19.75,41.8,266.315,668
2023-04-24T00:00:00.000Z,2.6,95.6,24.9,16.55,35.54,17.347,637
2023-04-25T00:00:00.000Z,17.5,1745,39.85,31.1,49.8,381.721,658
2023-04-26T00:00:00.000Z,5.4,1782.3,48.7,29.05,1692.35,746.589,653
2023-04-27T00:00:00.000Z,8.5,1759.5,35,18.89,41.9,187.366,650
2023-04-28T00:00:00.000Z,0,63.3,9.3,5.6,17.3,10.786,629
2023-04-29T00:00:00.000Z,0,83.4,7.4,2.5,19.6,11.669,622
2023-04-30T00:00:00.000Z,0,1781.3,9.1,1.7,24.3,261.538,599
2023-05-01T00:00:00.000Z,1,1798.6,34.5,18.05,58.2,702.588,649
2023-05-02T00:00:00.000Z,0,1872.1,35.9,15.4,1687.2,827.039,668
2023-05-03T00:00:00.000Z,0.5,1761.6,30,13.95,52.8,664.229,645
2023-05-04T00:00:00.000Z,0.3,1743.3,39.3,20.39,51.4,420.487,654
2023-05-05T00:00:00.000Z,0,77.5,10.5,5.3,22.2,14.305,638
2023-05-06T00:00:00.000Z,2.2,1806.2,40.4,19.3,1699.9,788.765,667
2023-05-07T00:00:00.000Z,0,1716,5.3,1.25,22.8,72.109,596
2023-05-08T00:00:00.000Z,6.5,1809.5,31.6,24,70.3,700.359,649
2023-05-09T00:00:00.000Z,9.1,1723.7,37.8,25,50.2,243.498,650
2023-05-10T00:00:00.000Z,17.6,1747.1,39.7,31.65,47.3,309.492,653
2023-05-11T00:00:00.000Z,2.7,1902.1,43.3,27.4,1686.5,741.472,678
2023-05-12T00:00:00.000Z,20.2,1895.4,54,39.9,1695.3,838.751,647
2023-05-13T00:00:00.000Z,0,1846.3,11.2,4.7,39.79,508.874,663
2023-05-14T00:00:00.000Z,20.9,1883.4,51.2,35.54,1712.05,845.592,657
2023-05-15T00:00:00.000Z,5.8,1777.8,40.4,29.8,1709.6,833.25,659
2023-05-16T00:00:00.000Z,0,1740.7,27.2,11.4,47.9,429.991,631
2023-05-17T00:00:00.000Z,0,1729.7,17.3,6.4,36.4,198.171,654
2023-05-18T00:00:00.000Z,0,1756.8,32.2,13.9,47.7,510.791,638
2023-05-19T00:00:00.000Z,0,1906.2,29.5,7,58.7,670.29,646
2023-05-20T00:00:00.000Z,8.7,1849.4,42.7,31,1690.55,806.768,645
2023-05-21T00:00:00.000Z,1.8,1709.4,23.2,14.15,32.5,94.287,652
2023-05-22T00:00:00.000Z,2.7,1793.9,42.6,24.2,1688.8,743.189,645
2023-05-23T00:00:00.000Z,0,1772,16.95,7.1,34,422.321,640
2023-05-24T00:00:00.000Z,0,1742,12.15,5.5,25.65,178.936,636
2023-05-25T00:00:00.000Z,0.9,1758,30.8,21.85,42.2,268.481,657
2023-05-26T00:00:00.000Z,0,1844,23.2,7.2,40.2,434.164,638
2023-05-27T00:00:00.000Z,0.6,1910.9,40,17.2,1688.6,824.269,651
2023-05-28T00:00:00.000Z,19.1,1890.5,1593.35,38.4,1689.3,800.662,666
2023-05-29T00:00:00.000Z,22.1,1903.1,1612.95,37.1,1738.8,837.237,666
2023-05-30T00:00:00.000Z,35.2,1855.8,1689.7,1670,1703.55,643.831,661
2023-05-31T00:00:00.000Z,19.6,1765.4,49.3,45.1,1695.7,816.837,634
2023-06-01T00:00:00.000Z,2.9,1867.6,29.2,19.2,53.85,739.655,656
2023-06-02T00:00:00.000Z,0.2,1821.9,34.29,15.3,50.6,605.366,664
2023-06-03T00:00:00.000Z,0,1797.1,9.5,2.15,23.2,437.399,564
2023-06-04T00:00:00.000Z,0,1835.5,45.8,26.6,1715.3,848.472,643
2023-06-05T00:00:00.000Z,19.9,1818.6,57,37.79,1700.5,834.564,620
2023-06-06T00:00:00.000Z,0,1823.8,32.04,15.5,42.8,483.701,618
2023-06-07T00:00:00.000Z,2.8,1859.3,42.4,31.5,1681.4,778.189,642
2023-06-08T00:00:00.000Z,0,1721.5,13.6,4.45,27.8,190.512,628
2023-06-09T00:00:00.000Z,0.1,1765,27.3,17,43.5,534.878,622
2023-06-10T00:00:00.000Z,0,1859.1,31.5,16.89,50.85,579.942,660
2023-06-11T00:00:00.000Z,1.1,1824.5,65.4,24.3,1675.75,820.888,661
2023-06-12T00:00:00.000Z,0.8,1865.2,1667,66.5,1718.1,729.201,654
2023-06-13T00:00:00.000Z,22.3,1915.2,1591.35,1537,1717.4,662.85,650
2023-06-14T00:00:00.000Z,23,1870,1682.55,1638.2,1703.1,390.338,642
2023-06-15T00:00:00.000Z,18.1,1844.6,1707.4,1687.55,1722.9,567.868,645
2023-06-16T00:00:00.000Z,1.8,1916.8,27.8,16.7,50.2,729.24,630
2023-06-17T00:00:00.000Z,11,1917,1683.2,1595.25,1775.85,357.98,673
2023-06-18T00:00:00.000Z,1536.2,1964.4,1673.6,1585.2,1735.7,99.207,647
2023-06-19T00:00:00.000Z,1556.4,2042.4,1690.3,1605.2,1730.95,87.165,584
2023-06-20T00:00:00.000Z,1677.7,1861.8,1705,1690.2,1743.6,39.046,643
2023-06-21T00:00:00.000Z,12.4,1785,1687.4,27.25,1691.8,814.696,660
2023-06-22T00:00:00.000Z,0,75,16.3,5.15,26.05,13.42,548
2023-06-23T00:00:00.000Z,0,1775.4,29.8,13.15,51.75,679.306,596
2023-06-24T00:00:00.000Z,0,1817.7,47.7,13.2,1709.75,844.84,652
2023-06-25T00:00:00.000Z,0,1724,18.3,1.6,45.7,573.226,571
2023-06-26T00:00:00.000Z,0,1740.8,27.8,15.6,39.2,222.191,631
2023-06-27T00:00:00.000Z,0,1834.2,37.65,14.5,1690.75,752.995,656
2023-06-28T00:00:00.000Z,0,1819.6,49.6,20.8,1713.9,847.273,656
2023-06-29T00:00:00.000Z,5.7,1873.4,37.7,24.8,49.7,647.944,655
2023-06-30T00:00:00.000Z,25,1826.3,53.2,36.1,1719.4,843.329,655
2023-07-01T00:00:00.000Z,7.7,1818.4,56.1,40.7,1693.4,833.423,670
2023-07-02T00:00:00.000Z,0,1762.7,12.8,4,28,317.896,610
2023-07-03T00:00:00.000Z,0.1,1775.3,31.3,13.7,51.75,659.785,656
2023-07-04T00:00:00.000Z,0,1805,18.8,3.9,39.7,515.09,650
2023-07-05T00:00:00.000Z,0.1,1822.5,37.1,21.2,1693.2,802.662,659
2023-07-06T00:00:00.000Z,1.3,1873,43.5,30.7,1699.1,805.268,667
2023-07-07T00:00:00.000Z,3.1,1861.5,53.1,28.9,1697.7,838.101,655
2023-07-08T00:00:00.000Z,0,1764.6,16.2,6.6,28.7,262.021,618
2023-07-09T00:00:00.000Z,0,1874.6,41.35,17.5,1698,827.308,638
2023-07-10T00:00:00.000Z,6.2,1958.9,46.9,28.8,1649.8,837.546,638
2023-07-11T00:00:00.000Z,28.2,1846.4,1656.3,1585.7,1709,118.281,666
2023-07-12T00:00:00.000Z,0.1,1792.2,1687.2,32.1,1703.6,822.822,639
2023-07-13T00:00:00.000Z,3.6,1854.4,1674.65,38,1701.35,784.722,652
2023-07-14T00:00:00.000Z,0.1,1912.6,1640.6,36.7,1668.1,825.105,659
2023-07-15T00:00:00.000Z,0.1,1821.8,1577.3,29.1,1692.2,829.156,647
2023-07-16T00:00:00.000Z,0.4,1922,43.4,19.8,1679,837.802,651
2023-07-17T00:00:00.000Z,9.8,1937.8,1607.8,1526.4,1732.55,643.954,640
2023-07-18T00:00:00.000Z,1585,1891.6,1692.1,1657.6,1707.65,56.689,628
2023-07-19T00:00:00.000Z,27.4,1753.7,1689.75,1687.6,1695.8,403.186,650
2023-07-20T00:00:00.000Z,3,1767.3,27.25,21.2,39.85,627.498,684
2023-07-21T00:00:00.000Z,0,1720.2,19.7,8.15,36.6,312.437,616
2023-07-22T00:00:00.000Z,0,1824.6,22.7,6,56.1,695.608,657
2023-07-23T00:00:00.000Z,2.1,1788.5,39.1,25.1,1692.8,754.693,650
2023-07-24T00:00:00.000Z,19,1822,45.5,36.79,1694,812.817,602
2023-07-25T00:00:00.000Z,0,1805.4,28.5,18.2,38.2,507.727,674
2023-07-26T00:00:00.000Z,0,1834.6,47.45,23.65,1706.75,838.288,604
2023-07-27T00:00:00.000Z,19.5,1884.2,1685.4,37.79,1706.3,841.446,639
2023-07-28T00:00:00.000Z,27.8,1891.7,1688.7,43.1,1719.2,780.852,647
2023-07-29T00:00:00.000Z,3.5,1901.9,25.5,17.39,36.95,621.45,641
2023-07-30T00:00:00.000Z,0,1841.8,30.25,16.89,57.9,721.438,638
2023-07-31T00:00:00.000Z,1.4,1807.9,35.3,23.2,1694.7,800.899,619
2023-08-01T00:00:00.000Z,0.1,1729.8,36,23.2,49.4,433.348,650
2023-08-02T00:00:00.000Z,0,1736.4,30.7,19.14,41.7,504.689,672
2023-08-03T00:00:00.000Z,0,1771.2,16.3,7.55,36.25,392.424,625
2023-08-04T00:00:00.000Z,4.3,1918.9,1623.1,32.29,1713.9,807.65,647
2023-08-05T00:00:00.000Z,11.7,1894.2,1657.9,65.7,1709.1,725.987,663
2023-08-06T00:00:00.000Z,33.8,1938.6,1698.6,1689.2,1722.7,553.684,646
2023-08-07T00:00:00.000Z,18.3,1954.3,1687.1,1663.6,1710.9,554.061,646
2023-08-08T00:00:00.000Z,29,1832.9,1690.45,1678.75,1731.2,658.832,608
2023-08-09T00:00:00.000Z,24.6,1799.7,1690,42.5,1699.2,786.484,639
2023-08-10T00:00:00.000Z,0,1774.3,22.8,10.4,38.9,480.419,640
2023-08-11T00:00:00.000Z,0.4,1932.6,45.85,26.3,1700.9,825.265,634
2023-08-12T00:00:00.000Z,0.1,1867.4,37,22.85,1676.65,814.006,668
2023-08-13T00:00:00.000Z,0,1837.2,1684.3,44.5,1724.1,757.293,646
2023-08-14T00:00:00.000Z,2.3,1879.5,1688.05,40.5,1713.15,798.599,656
2023-08-15T00:00:00.000Z,1.3,1731.8,37.1,28,44.75,367.867,633
2023-08-16T00:00:00.000Z,0,1754.6,31.3,17.8,43.45,538.136,673
2023-08-17T00:00:00.000Z,0,1809.7,23.7,9.44,45.7,642.954,641
2023-08-18T00:00:00.000Z,1.7,1806.3,36,23.2,1681.2,734.076,638
2023-08-19T00:00:00.000Z,0,1728.4,13.4,3.6,30.9,263.402,557
2023-08-20T00:00:00.000Z,0,1737,31.05,19.6,42.8,409.472,618
2023-08-21T00:00:00.000Z,0,1822.7,11.2,3.4,37.4,493.581,579
2023-08-22T00:00:00.000Z,0,1779.9,21.5,10.35,54.6,677.789,657
2023-08-23T00:00:00.000Z,0,1856.5,31.1,10.7,54.1,640.604,653
2023-08-24T00:00:00.000Z,0,1746.3,29.75,12.9,53.3,585.423,660
2023-08-25T00:00:00.000Z,0,1901.5,56.3,28.1,1678.1,828.969,613
2023-08-26T00:00:00.000Z,4.4,1930.7,61.2,27.5,1680.6,835.086,639
2023-08-27T00:00:00.000Z,2.5,1905,1605.8,29,1694.1,809.583,647
2023-08-28T00:00:00.000Z,0.4,1838.6,28.05,16.05,46.3,594.897,600
2023-08-29T00:00:00.000Z,1,1858.1,42.9,29.1,1685.8,789.438,631
2023-08-30T00:00:00.000Z,0,1802.3,20.3,5.9,33.9,292.966,644
2023-08-31T00:00:00.000Z,6.6,1847.4,51.1,38,1682.3,811.519,630
2023-09-01T00:00:00.000Z,0,1768.9,18.89,10.19,31.7,325.519,634
2023-09-02T00:00:00.000Z,0,1827.2,26.1,15.4,1665.4,803.612,651
2023-09-03T00:00:00.000Z,0,1815.5,40.5,14.3,1642.4,773.25,626
2023-09-04T00:00:00.000Z,0.3,1896.2,45.3,23.3,1695.9,800.293,644
2023-09-05T00:00:00.000Z,4.9,1790.9,33.15,22.5,56.85,707.222,652
2023-09-06T00:00:00.000Z,0,1738.8,25.1,14.45,40.45,256.329,641
2023-09-07T00:00:00.000Z,0,1750.9,20.05,6.75,35.4,166.618,632
2023-09-08T00:00:00.000Z,0,1798.3,31.8,8.6,52.6,634.227,662
2023-09-09T00:00:00.000Z,0,1880,8.3,2.6,30.8,590.898,645
2023-09-10T00:00:00.000Z,0,1764.8,15.75,6,30,476.583,686
2023-09-11T00:00:00.000Z,0,1751.1,11.6,4.84,32.9,175.116,573
2023-09-12T00:00:00.000Z,0,1819.4,40.9,19.89,1678.45,764.569,673
2023-09-13T00:00:00.000Z,0.4,1790.2,28.9,20.9,42.4,694.07,674
2023-09-14T00:00:00.000Z,0,50.3,18.5,6.05,26.8,12.081,573
2023-09-15T00:00:00.000Z,0,1740.1,22.85,6.1,37.2,228.84,598
2023-09-16T00:00:00.000Z,0,1736.1,12.4,4.75,23.5,151.552,637
2023-09-17T00:00:00.000Z,0,1759.6,18.64,5.2,42,497.282,642
2023-09-18T00:00:00.000Z,0,1863.6,23.65,7.6,1637,766.656,634
2023-09-19T00:00:00.000Z,0,1756.5,26.4,6.25,47,504.088,644
2023-09-20T00:00:00.000Z,3.9,1743,29.45,17.7,46,199.819,642
2023-09-21T00:00:00.000Z,0.3,1772.3,45.6,25.5,68,678.181,691
2023-09-22T00:00:00.000Z,0,1776.6,28.9,10,47.8,546.339,632
2023-09-23T00:00:00.000Z,0,1747.4,32.2,5.6,54.3,583.328,663
2023-09-24T00:00:00.000Z,0,1722.8,15,3.8,32.7,120.513,609
2023-09-25T00:00:00.000Z,0,1741,33.5,19.05,49.9,337.391,620
2023-09-26T00:00:00.000Z,0,1754.3,13.55,3.8,34.65,176.056,656
2023-09-27T00:00:00.000Z,0,1831.2,38.7,23.5,1690,747.988,647
2023-09-28T00:00:00.000Z,0,1751.8,11.05,3.5,42.2,382.394,650
2023-09-29T00:00:00.000Z,0,1767.5,27,4,49.7,654.363,599
2023-09-30T00:00:00.000Z,0,1756.7,31.7,15.15,50.3,569.063,660
2023-10-01T00:00:00.000Z,0,87.9,9,4.3,20.2,11.143,615
2023-10-02T00:00:00.000Z,1.1,74.7,26.6,14.2,35,14.133,679
2023-10-03T00:00:00.000Z,0,126,7.2,2,24.7,16.962,574
2023-10-04T00:00:00.000Z,0,1732.1,25.3,5.7,39.8,133.801,655
2023-10-05T00:00:00.000Z,0,1727.7,19.6,5.1,32.8,69.862,633
2023-10-06T00:00:00.000Z,0,1762.3,14.1,4.4,31.8,409.043,671
2023-10-07T00:00:00.000Z,0,1835.3,22.15,2.9,41,662.022,658
2023-10-08T00:00:00.000Z,0,1818.1,27.4,7.2,45.5,559.874,684
2023-10-09T00:00:00.000Z,0,1761.5,18.39,4.2,35.4,236.783,618
2023-10-10T00:00:00.000Z,0,108,18.2,5.45,30.6,16.518,653
2023-10-11T00:00:00.000Z,0,1718.6,23.5,1.5,44.15,71.751,633
2023-10-12T00:00:00.000Z,0,86.7,11.35,3.25,29.95,16.752,660
2023-10-13T00:00:00.000Z,0,61.4,8.15,2.5,25.7,14.959,644
2023-10-14T00:00:00.000Z,0,1736.1,12.5,3.5,32.9,222.683,639
2023-10-15T00:00:00.000Z,0,43.3,6.8,3.1,15.85,9.133,593
2023-10-16T00:00:00.000Z,0,108,19.9,3,33.6,19.226,614
2023-10-17T00:00:00.000Z,0,1756.1,11.3,4.1,27.15,366.761,661
2023-10-18T00:00:00.000Z,2.1,125.5,14.7,7.4,27.2,14.551,659
2023-10-19T00:00:00.000Z,0.7,68,11.5,5.7,23.6,12.154,655
2023-10-20T00:00:00.000Z,0,53.7,3.8,1.8,6.9,7.105,620
2023-10-21T00:00:00.000Z,0,57.4,5.5,1.9,15.1,10.835,639
2023-10-22T00:00:00.000Z,0,78.6,14.4,2.6,29.35,15.371,644
2023-10-23T00:00:00.000Z,0.3,43.9,7.4,4.5,14.8,8.125,642
2023-10-24T00:00:00.000Z,0,41.8,4.5,2.7,8.4,6.844,586
2023-10-25T00:00:00.000Z,0,1716.2,5.95,1.7,16.5,71.419,590
2023-10-26T00:00:00.000Z,0,58.2,4.5,1.4,10.3,9.557,579
2023-10-27T00:00:00.000Z,0.4,78.7,23.2,16.3,30.7,12.066,674
2023-10-28T00:00:00.000Z,0,73.9,2.8,0.4,7.85,10.83,392
2023-10-29T00:00:00.000Z,0,1752.6,5.05,0.5,17,338.566,466
2023-10-30T00:00:00.000Z,0,80.2,6.1,2,16.05,12.642,649
2023-10-31T00:00:00.000Z,0,1823.1,17.7,3.3,50.7,636.452,603
2023-11-01T00:00:00.000Z,0,52.2,5.6,2.2,17,10.796,631
2023-11-02T00:00:00.000Z,0,1723,19.8,2.7,34.7,207.188,667
2023-11-03T00:00:00.000Z,0,46.2,9.8,3.3,23.85,11.975,629
2023-11-04T00:00:00.000Z,0,40.1,4.7,0.8,13.5,8.856,535
2023-11-05T00:00:00.000Z,0,113.2,10.95,3,27.8,16.187,652
2023-11-06T00:00:00.000Z,4.9,54.3,24.65,16.14,32.2,11.169,652
2023-11-07T00:00:00.000Z,0,78.7,4.59,1.2,14.45,14.11,552
2023-11-08T00:00:00.000Z,0,1727,5.6,1.7,18.7,141.857,589
2023-11-09T00:00:00.000Z,0,158.7,4,1.4,10.1,12.528,574
2023-11-10T00:00:00.000Z,0,36.4,3.8,1.5,6.8,5.804,587
2023-11-11T00:00:00.000Z,0,59.1,1.7,0.25,8.4,9.372,476
2023-11-12T00:00:00.000Z,0,35.4,2.7,0.8,6.6,6.449,358
2023-11-13T00:00:00.000Z,0,79.7,11.7,3.8,25.6,16.494,563
2023-11-14T00:00:00.000Z,0,70.8,3.8,0.9,18.9,13.702,542
2023-11-15T00:00:00.000Z,0,1755.2,13.35,3.9,35.35,404.466,504