# Sensor Playa 2, Ñuñoa, Chile (Citizen Science project sensor.community/35271)
# https://aqicn.org/station/@81766/
# Daily pm25
date,min,max,median,q1,q3,stdev,count
2019-12-10T00:00:00.000Z,1.14,2.15,1.6,1.4,1.72,0.239,38
2019-12-11T00:00:00.000Z,0.2,51.98,1.83,1.12,2.74,3.876,428
2019-12-12T00:00:00.000Z,0,19.47,0.9,0.25,1.53,1.752,480
2019-12-13T00:00:00.000Z,0.04,4.86,1.38,0.25,2.23,1.139,545
2019-12-14T00:00:00.000Z,0.1,3.45,0.86,0.56,1.21,0.553,397
2019-12-15T00:00:00.000Z,0.15,3.76,1.27,0.8,1.7,0.621,568
2019-12-16T00:00:00.000Z,0.05,1.72,0.24,0.15,0.62,0.402,285
2019-12-17T00:00:00.000Z,0.05,4.55,1.85,1.31,2.25,0.981,286
2019-12-18T00:00:00.000Z,0.1,6.72,1.01,0.47,2.45,1.231,463
2019-12-19T00:00:00.000Z,0.09,3.58,0.81,0.56,1.38,0.64,549
2019-12-20T00:00:00.000Z,0,3.65,1.14,0.55,1.67,0.772,585
2019-12-21T00:00:00.000Z,0.1,3.75,0.8,0.5,1.06,0.444,567
2019-12-22T00:00:00.000Z,0.02,2.78,0.94,0.3,1.29,0.577,581
2019-12-23T00:00:00.000Z,0.06,2.5,0.81,0.26,1.26,0.554,579
2019-12-24T00:00:00.000Z,0.12,3.16,1.13,0.69,1.46,0.558,580
2019-12-25T00:00:00.000Z,0.14,12.79,1.35,0.95,1.82,1.04,576
2019-12-26T00:00:00.000Z,0.05,84.59,0.95,0.51,1.66,4.594,576
2019-12-27T00:00:00.000Z,0.05,5.26,1.2,0.46,1.79,0.765,581
2019-12-28T00:00:00.000Z,0.13,4.11,1,0.46,1.52,0.752,583
2019-12-29T00:00:00.000Z,0.12,5.16,0.56,0.35,0.84,0.703,264
2020-01-20T00:00:00.000Z,3.03,4.78,3.84,3.47,4.13,0.412,49
2020-01-21T00:00:00.000Z,0.18,6.76,2.69,1.2,4.46,1.796,456
2020-01-22T00:00:00.000Z,1.4,3.18,2.16,1.72,2.83,0.608,16
2020-01-23T00:00:00.000Z,1.75,4.24,2.86,2.5,3.25,0.507,83
2020-01-24T00:00:00.000Z,0.45,4.93,1.5,0.95,2.67,1.096,263
2020-01-25T00:00:00.000Z,0.16,5.56,1.69,0.67,3.37,1.55,300
2020-01-26T00:00:00.000Z,0.25,4.62,1.85,1.05,2.85,1.024,303
2020-01-27T00:00:00.000Z,0.2,4.78,1.27,0.51,2.24,1.067,251
2020-01-28T00:00:00.000Z,0.18,4.79,1.49,0.65,3.01,1.302,269
2020-01-29T00:00:00.000Z,0.09,4.78,1.5,0.98,2.17,0.964,305
2020-01-30T00:00:00.000Z,0.12,5.09,1.48,0.62,2.54,1.111,290
2020-01-31T00:00:00.000Z,0.09,5.08,1.74,0.74,2.78,1.186,286
2020-02-01T00:00:00.000Z,0.1,9.98,1.65,0.65,2.41,1.145,326
2020-02-02T00:00:00.000Z,0.15,4.8,1.92,0.75,2.86,1.176,319
2020-02-03T00:00:00.000Z,0,3.88,0.57,0.22,1.12,0.581,307
2020-02-04T00:00:00.000Z,0.05,2.46,0.67,0.38,1.12,0.47,254
2020-02-05T00:00:00.000Z,0.04,2.52,1.2,0.52,1.7,0.681,224
2020-02-06T00:00:00.000Z,0,3.48,0.7,0.3,1.33,0.711,233
2020-02-07T00:00:00.000Z,0.04,2.48,0.56,0.25,1.29,0.606,211
2020-02-08T00:00:00.000Z,0.18,3.99,1.38,0.79,1.81,0.757,191
2020-02-09T00:00:00.000Z,0.1,7.96,1.25,0.49,2.21,1.055,348
2020-02-10T00:00:00.000Z,0.08,6.43,1.44,0.43,3.78,1.783,342
2020-02-11T00:00:00.000Z,0.13,25.01,2.2,0.79,7.35,5.12,353
2020-02-12T00:00:00.000Z,0.68,16.29,4.09,2.11,9.55,4.237,385
2020-02-13T00:00:00.000Z,0.1,7.41,2.47,0.75,4.42,2.062,373
2020-02-14T00:00:00.000Z,0.25,16.69,1.4,0.62,3.76,3.685,381
2020-02-15T00:00:00.000Z,0.56,7.9,2.06,1.22,3.99,1.812,321
2020-02-16T00:00:00.000Z,0.28,5.54,1.88,0.9,3.03,1.296,373
2020-02-17T00:00:00.000Z,0.28,9.93,1.85,1.12,2.52,1.513,342
2020-02-18T00:00:00.000Z,0.08,5.71,1,0.3,2.58,1.242,303
2020-02-19T00:00:00.000Z,0.2,6.98,1.48,0.6,3.02,1.417,448
2020-02-20T00:00:00.000Z,0.08,8.18,1.6,0.45,4.69,2.252,494
2020-02-21T00:00:00.000Z,0.62,11.66,2.98,1.56,6.18,2.772,407
2020-02-23T00:00:00.000Z,2.36,4.73,3.26,2.89,3.69,0.56,56
2020-02-24T00:00:00.000Z,0.5,21.05,4.37,2.94,6.14,3.672,518
2020-02-25T00:00:00.000Z,0.6,12.75,2.78,1.97,4.19,2.362,441
2020-02-26T00:00:00.000Z,0.24,12.43,1.34,0.85,2.04,1.052,395
2020-02-27T00:00:00.000Z,0.15,12.68,2.24,0.59,3.26,1.561,549
2020-02-28T00:00:00.000Z,0.15,8.44,1.24,0.47,4.26,2.36,472
2020-04-12T00:00:00.000Z,0.65,15.63,2.62,1.35,4.94,3.159,221
2020-04-13T00:00:00.000Z,0.22,3.56,1.21,0.85,1.88,0.686,579
2020-04-14T00:00:00.000Z,0.28,4.24,0.94,0.68,1.42,0.754,569
2020-04-15T00:00:00.000Z,0.34,3.35,0.85,0.62,1.58,0.626,525
2020-04-16T00:00:00.000Z,0.38,6.15,2.14,1.56,2.94,1.109,524
2020-04-17T00:00:00.000Z,0.45,6.42,2.09,1.52,2.94,1.169,572
2020-04-18T00:00:00.000Z,0.16,3.92,1.3,0.92,1.94,0.764,578
2020-04-19T00:00:00.000Z,0.33,5.14,1.27,0.88,1.97,0.906,568
2020-04-20T00:00:00.000Z,0,1.8,0.66,0.48,0.95,0.351,515
2020-04-21T00:00:00.000Z,0.03,1.4,0.43,0.3,0.6,0.257,384
2020-04-22T00:00:00.000Z,0.12,2.38,0.4,0.28,0.61,0.341,419
2020-04-23T00:00:00.000Z,0.15,5.66,1,0.52,1.57,0.784,476
2020-04-24T00:00:00.000Z,0.1,4.63,1.46,0.91,2,0.801,549
2020-04-25T00:00:00.000Z,0.08,5.94,1.5,0.94,2,0.809,510
2020-04-26T00:00:00.000Z,0.04,2.72,0.73,0.48,1.13,0.582,562
2020-04-27T00:00:00.000Z,0.02,1.51,0.25,0.18,0.31,0.171,538
2020-04-28T00:00:00.000Z,0,1.71,0.3,0.2,0.45,0.205,407
2020-04-29T00:00:00.000Z,0.1,2.77,0.56,0.35,0.97,0.512,517
2020-04-30T00:00:00.000Z,0.25,4.55,0.95,0.65,1.65,0.829,540
2020-05-01T00:00:00.000Z,0.37,5.99,1.9,1.49,2.58,0.937,558
2020-05-02T00:00:00.000Z,0.28,8.55,2.27,1.36,3.16,1.175,543
2020-05-03T00:00:00.000Z,0.21,11.9,1.66,1.22,2.36,1.557,570
2020-05-04T00:00:00.000Z,0.1,19.69,1.08,0.75,1.7,1.974,531
2020-05-05T00:00:00.000Z,0.1,6.42,1.06,0.7,1.65,0.807,491
2020-05-06T00:00:00.000Z,0.34,6.5,1.18,0.79,1.84,0.862,578
2020-05-07T00:00:00.000Z,0.42,4.71,1.44,1.04,2.04,0.839,391
2020-05-08T00:00:00.000Z,0.7,7.57,2.15,1.3,3.3,1.38,346
2020-05-09T00:00:00.000Z,0.2,10.82,2.65,1.95,3.34,1.76,337
2020-05-10T00:00:00.000Z,0.52,3.62,1.2,0.92,1.8,0.656,244
2020-05-11T00:00:00.000Z,0.15,4.75,1.45,1.1,1.95,0.762,350
2020-05-12T00:00:00.000Z,0.4,9.38,1,0.73,1.47,1.088,458
2020-05-13T00:00:00.000Z,0.35,6.62,2.25,1.58,2.9,1.113,466
2020-05-14T00:00:00.000Z,0.28,5.04,1.66,1.1,2.59,1.053,453
2020-05-15T00:00:00.000Z,0.25,6.25,1.74,1.2,2.48,0.889,519
2020-05-16T00:00:00.000Z,0.36,4.3,1.21,0.75,1.78,0.783,336
2020-05-17T00:00:00.000Z,0.25,3.75,1.04,0.71,1.6,0.702,546
2020-05-18T00:00:00.000Z,0.3,3.54,0.99,0.75,1.65,0.638,465
2020-05-19T00:00:00.000Z,0.88,6.18,2.65,1.96,3.34,0.911,536
2020-05-20T00:00:00.000Z,0.1,9.84,2.19,1.62,2.87,1.546,552
2020-05-21T00:00:00.000Z,0.22,6.56,1.06,0.71,1.98,1.342,520
2020-05-22T00:00:00.000Z,0.7,7.5,2.62,1.86,3.62,1.318,539
2020-05-23T00:00:00.000Z,0.52,15.27,2.72,1.6,4.8,2.431,507
2020-05-24T00:00:00.000Z,0.3,13.05,2.15,1.2,3.59,2.305,540
2020-05-25T00:00:00.000Z,0.2,8.77,1.82,1.2,2.78,1.259,544
2020-05-26T00:00:00.000Z,0.2,6.28,1.23,0.7,2.22,1.193,501
2020-05-27T00:00:00.000Z,0.35,14.55,2.12,1.08,3.78,2.626,532
2020-05-28T00:00:00.000Z,0.85,19.8,3.49,2.4,6.02,3.759,548
2020-05-29T00:00:00.000Z,0.5,15.07,3.72,2.4,6.27,2.705,548
2020-05-30T00:00:00.000Z,0.7,19.48,2.4,1.45,4.93,3.11,567
2020-05-31T00:00:00.000Z,2.62,25.08,12.45,8.21,14.82,5.203,109
2020-06-12T00:00:00.000Z,0,7.05,0.5,0.2,0.9,0.962,404
2020-06-13T00:00:00.000Z,0.1,13.85,1.2,0.7,2.08,2.065,551
2020-06-14T00:00:00.000Z,0.22,14.57,1.5,0.77,3.29,2.962,341
2020-06-15T00:00:00.000Z,0.65,16.48,2.52,1.62,4.22,2.622,566
2020-06-16T00:00:00.000Z,0.22,9.05,2.29,1.3,4.4,1.92,567
2020-06-17T00:00:00.000Z,0,28.5,2.25,0.7,7.95,5.82,551
2020-06-18T00:00:00.000Z,0.1,6.8,0.9,0.5,1.62,0.925,507
2020-06-19T00:00:00.000Z,0.1,8.77,0.9,0.55,1.42,1.084,490
2020-06-20T00:00:00.000Z,0.3,13.13,2.2,1.37,3.62,2.041,587
2020-06-21T00:00:00.000Z,0.4,22.33,1.8,1.3,2.65,2.659,583
2020-06-22T00:00:00.000Z,0.52,28.48,5.4,3.3,9.65,5.557,558
2020-06-23T00:00:00.000Z,0,5.55,0.65,0.2,1.2,1.046,574
2020-06-24T00:00:00.000Z,0,3.97,0.3,0.1,0.8,0.598,590
2020-06-25T00:00:00.000Z,0.3,6.43,1,0.68,1.5,0.884,574
2020-06-26T00:00:00.000Z,0.1,10.3,1.92,1,3.72,2.056,565
2020-06-27T00:00:00.000Z,0.3,12.18,1.58,0.9,2.47,1.664,523
2020-06-28T00:00:00.000Z,0.1,10.5,1.2,0.8,2.52,2.353,354
2020-06-29T00:00:00.000Z,0.1,13.35,3.28,1.75,5.22,2.629,279
2020-06-30T00:00:00.000Z,0.1,12.13,0.9,0.6,1.64,1.539,365
2020-07-01T00:00:00.000Z,0,11.63,0.93,0.4,1.98,1.601,459
2020-07-02T00:00:00.000Z,0.44,7.7,2,1.3,2.67,1.225,447
2020-07-03T00:00:00.000Z,0.56,12.05,3.22,1.75,5.8,2.55,466
2020-07-04T00:00:00.000Z,0.1,9.35,1.58,0.82,2.76,1.685,381
2020-07-21T00:00:00.000Z,0.82,1.75,1.25,0.85,1.48,0.316,11
2020-09-08T00:00:00.000Z,1.5,1.67,1.59,1.5,1.67,0.085,2