# Sensor Los Tordos, Las Condes, Chile (Citizen Science project sensor.community/50884)
# https://aqicn.org/station/@172660/
# Daily pm25
date,min,max,median,q1,q3,stdev,count
2020-10-20T00:00:00.000Z,5.3,15.52,9.86,7.68,13.45,3.238,26
2020-10-21T00:00:00.000Z,2.65,11.35,4.4,3.65,5.68,1.88,378
2020-10-22T00:00:00.000Z,4.68,22.13,5.9,5.46,6.8,2.74,404
2020-10-23T00:00:00.000Z,4.93,65.81,7.88,6.9,11.82,5.107,403
2020-10-24T00:00:00.000Z,2.4,42.4,8.78,6.78,10.5,4.058,422
2020-10-25T00:00:00.000Z,2.5,23.38,4.34,3.28,6.93,2.785,432
2020-10-26T00:00:00.000Z,3.1,20.42,6.38,5.28,7.92,4.486,425
2020-10-27T00:00:00.000Z,2.27,25.38,3.9,3.41,5.78,2.047,441
2020-10-28T00:00:00.000Z,2.83,22.3,6.21,4.5,12.94,5.307,460
2020-10-29T00:00:00.000Z,2.22,18.57,3.85,3.47,4.59,2.912,450
2020-10-30T00:00:00.000Z,2.63,11,3.7,3.35,4.63,1.703,469
2020-10-31T00:00:00.000Z,3.38,30.63,5.5,4.69,6.7,3.778,485
2020-11-01T00:00:00.000Z,4.75,33.67,10.31,8.23,12.98,3.711,464
2020-11-02T00:00:00.000Z,4.47,50.28,6.63,5.85,7.9,3.857,395
2020-11-03T00:00:00.000Z,3.4,51.67,8.57,7.25,10.18,5.438,443
2020-11-04T00:00:00.000Z,5.35,35.97,11.89,8.64,15.15,7.22,336
2020-11-05T00:00:00.000Z,2,25.63,7.43,5.5,9.57,5.202,286
2020-11-06T00:00:00.000Z,1.67,24.1,2.9,2.4,3.58,2.541,319
2020-11-07T00:00:00.000Z,1.75,8.15,2.7,2.39,3.21,1.232,384
2020-11-08T00:00:00.000Z,1.9,11.52,3.37,2.83,4.12,1.173,352
2020-11-09T00:00:00.000Z,2.33,11.32,3.5,2.96,4.87,1.45,281
2020-11-10T00:00:00.000Z,1.9,7.28,2.9,2.63,3.8,1.118,330
2020-11-11T00:00:00.000Z,1.88,16.89,4.13,2.6,6.7,3.578,340
2020-11-12T00:00:00.000Z,1.95,9.82,3.95,2.7,6.32,2.164,292
2020-11-13T00:00:00.000Z,3.1,19.7,7.34,4.5,10.32,3.847,310
2020-11-14T00:00:00.000Z,2.29,14.1,5.32,4.63,8.74,2.915,340
2020-11-15T00:00:00.000Z,1.63,5.5,3,2.7,3.7,0.724,289
2020-11-16T00:00:00.000Z,1.14,7.63,2.17,1.77,2.7,1.045,281
2020-11-17T00:00:00.000Z,1.77,13.32,4.7,2.45,7.65,2.961,314
2020-11-18T00:00:00.000Z,2.29,14.85,5.17,4,8.15,3.213,368
2020-11-19T00:00:00.000Z,2.15,16.8,5.94,3.1,9.02,3.6,366
2020-11-20T00:00:00.000Z,2.15,15.2,6.28,5.43,7.75,2.696,367
2020-11-21T00:00:00.000Z,1.65,10.19,3.17,2.29,5.22,1.897,311
2020-11-22T00:00:00.000Z,1.3,6.82,2.15,1.88,2.5,0.78,302
2020-11-23T00:00:00.000Z,1.1,10.57,2.1,1.7,2.83,1.157,273
2020-11-24T00:00:00.000Z,1,4.38,1.8,1.52,2.2,0.722,286
2020-11-25T00:00:00.000Z,0.7,5.22,1.58,1.27,2,0.769,294
2020-11-26T00:00:00.000Z,1,15.65,2.04,1.6,2.58,1.346,287
2020-11-27T00:00:00.000Z,1.55,8.4,2.83,2.38,4.84,1.61,272
2020-11-28T00:00:00.000Z,1.7,7.7,2.8,2.42,3.51,0.859,281
2020-11-29T00:00:00.000Z,1.3,5.9,2.15,1.8,2.63,0.602,284
2020-11-30T00:00:00.000Z,1.1,5.85,2,1.8,2.29,0.513,257
2020-12-01T00:00:00.000Z,1.12,5.6,2.1,1.88,2.4,0.478,223
2020-12-02T00:00:00.000Z,1.75,10.43,2.85,2.5,3.6,1.175,225
2020-12-03T00:00:00.000Z,1.23,5.95,2.35,2,2.78,0.616,229
2020-12-04T00:00:00.000Z,1.2,7.1,2.2,1.9,2.7,1.148,263
2020-12-05T00:00:00.000Z,1.6,5.2,2.4,2,3,0.699,239
2020-12-06T00:00:00.000Z,2.1,11.95,3.25,2.72,3.6,0.808,339
2020-12-07T00:00:00.000Z,1.92,9.55,2.7,2.29,3.38,0.857,291
2020-12-08T00:00:00.000Z,1.67,7.47,3,2.64,4.2,1.203,280
2020-12-09T00:00:00.000Z,1.47,9.93,2.29,1.98,2.89,1.154,249
2020-12-10T00:00:00.000Z,1.2,9.44,2.33,2,3.42,1.047,261
2020-12-11T00:00:00.000Z,1.1,6.15,2.35,1.63,3.47,1.088,309
2020-12-12T00:00:00.000Z,1.2,6.9,2.4,2.02,2.91,0.769,308
2020-12-13T00:00:00.000Z,0.85,21.23,2,1.67,2.35,1.395,303
2020-12-14T00:00:00.000Z,0.85,5.93,1.6,1.39,2,0.681,284
2020-12-15T00:00:00.000Z,1.17,7.78,1.9,1.63,2.2,0.751,307
2020-12-16T00:00:00.000Z,1.2,4.84,2.17,1.9,2.8,0.617,303
2020-12-17T00:00:00.000Z,1.1,7.22,2.4,1.75,3.4,1.343,279
2020-12-18T00:00:00.000Z,1.8,13.6,5.15,4.09,6.4,2.458,303
2020-12-19T00:00:00.000Z,1.6,15.35,2.29,2,2.83,1.076,285
2020-12-20T00:00:00.000Z,1.1,14.7,2.08,1.8,2.54,1.253,299
2020-12-21T00:00:00.000Z,1.2,11.43,1.92,1.65,2.29,0.933,297
2020-12-22T00:00:00.000Z,1.3,8.55,2.24,1.85,2.63,0.757,286
2020-12-23T00:00:00.000Z,1.77,11.15,3.05,2.58,4.05,1.02,303
2020-12-24T00:00:00.000Z,2.17,18.67,2.9,2.7,3.5,1.442,277
2020-12-25T00:00:00.000Z,1.8,9.69,3.22,2.7,4.15,1.043,307
2020-12-26T00:00:00.000Z,1.65,6.9,2.8,2.42,3.17,0.656,295
2020-12-27T00:00:00.000Z,2.17,10.48,3.72,2.67,4.97,1.48,300
2020-12-28T00:00:00.000Z,2.08,7.2,3.42,2.72,4.28,1.196,295
2020-12-29T00:00:00.000Z,1.9,9.25,3.1,2.4,4.03,1.495,288
2020-12-30T00:00:00.000Z,1.3,7.05,2.2,1.95,3.07,1.215,292
2020-12-31T00:00:00.000Z,1.23,6.6,2.2,1.77,2.5,0.596,306
2021-01-01T00:00:00.000Z,2.02,11.5,4.18,3.37,6.97,2.371,289
2021-01-02T00:00:00.000Z,1.8,13.52,2.8,2.29,4.28,1.292,266
2021-01-03T00:00:00.000Z,1.83,5.45,3.1,2.72,3.55,0.633,259
2021-01-04T00:00:00.000Z,1.83,10.6,2.42,2.25,3.1,0.874,233
2021-01-05T00:00:00.000Z,1,10.18,2.29,1.48,2.76,0.932,237
2021-01-06T00:00:00.000Z,1.65,7,2.45,2.08,3.13,0.779,226
2021-01-07T00:00:00.000Z,1.7,4.57,2.5,2.1,2.88,0.566,262
2021-01-08T00:00:00.000Z,1.4,8.19,2.31,1.95,3.03,0.897,280
2021-01-09T00:00:00.000Z,2.13,8.9,3.1,2.6,5.01,1.426,284
2021-01-10T00:00:00.000Z,1.2,8.48,1.9,1.7,2.21,0.603,277
2021-01-11T00:00:00.000Z,0.6,6.45,1.38,1,1.88,0.986,256
2021-01-12T00:00:00.000Z,0.85,5.43,1.63,1.35,2.23,0.794,273
2021-01-13T00:00:00.000Z,0.82,7.9,1.9,1.3,2.25,0.828,255
2021-01-14T00:00:00.000Z,1.23,6.6,2.27,1.98,2.6,0.598,256
2021-01-15T00:00:00.000Z,1.4,11.77,2.4,2.08,3.08,1.521,276
2021-01-16T00:00:00.000Z,1.2,6.82,2.04,1.7,2.64,1.118,261
2021-01-17T00:00:00.000Z,1.3,9.48,2.4,2,3.41,1.758,236
2021-01-18T00:00:00.000Z,1.6,6.95,4.43,3.3,4.95,1.192,234
2021-01-19T00:00:00.000Z,1.95,15.02,4.3,3.25,6.1,2.322,210
2021-01-20T00:00:00.000Z,3.6,11.6,4.95,4.26,7.89,2.021,264
2021-01-21T00:00:00.000Z,3.92,14.75,5.67,4.93,7.68,2.021,246
2021-01-22T00:00:00.000Z,5.22,16.67,6.9,6.1,8.94,2.199,259
2021-01-23T00:00:00.000Z,3.67,15.55,6.55,5.56,8.48,1.828,240
2021-01-24T00:00:00.000Z,3.5,9.25,4.63,4.05,5.78,1.175,274
2021-01-25T00:00:00.000Z,3.03,17.77,5.16,4.22,6.7,1.722,230
2021-01-26T00:00:00.000Z,2.15,8.13,3.32,2.7,4.37,1.074,252
2021-01-27T00:00:00.000Z,1.9,5.32,2.95,2.4,3.5,0.823,223
2021-01-28T00:00:00.000Z,1.73,9.44,2.7,2.4,3.38,0.813,274
2021-01-29T00:00:00.000Z,0.82,5.88,2.02,1.4,3.32,1.258,209
2021-01-30T00:00:00.000Z,0.4,7.35,2.75,2.1,3.3,1.147,155
2021-01-31T00:00:00.000Z,1.67,8.85,2.97,2.54,3.63,1.132,167
2021-02-01T00:00:00.000Z,0.7,14.1,3.75,1.21,5.46,2.442,217
2021-02-02T00:00:00.000Z,1.6,16.35,4.3,3,9.49,3.84,233
2021-02-03T00:00:00.000Z,1.77,10.88,3.53,2.6,4.4,1.74,152
2021-02-04T00:00:00.000Z,1.9,11.52,3.19,2.6,5.35,2.112,206
2021-02-05T00:00:00.000Z,3.6,18.38,7.93,4.99,10.44,3.602,197
2021-02-06T00:00:00.000Z,4.63,25.67,7.25,5.95,11.65,5.467,219
2021-02-07T00:00:00.000Z,5.63,27.83,10.35,8.1,13.95,5.341,219
2021-02-08T00:00:00.000Z,2.54,16.89,4.9,4.43,8.4,2.978,215
2021-02-09T00:00:00.000Z,2.2,7.97,3.51,3.15,4.38,1.383,198
2021-02-10T00:00:00.000Z,2.54,13.3,3.93,3.47,5.75,2.191,234
2021-02-11T00:00:00.000Z,3.58,16.48,6.8,4.8,10.65,3.452,217
2021-02-12T00:00:00.000Z,3.65,27.13,9.02,7.3,14.59,5.643,253
2021-02-13T00:00:00.000Z,3.2,24.4,5.65,4.93,11.55,5.234,253
2021-02-14T00:00:00.000Z,2.04,17.14,4.46,3.88,6.63,3.773,238
2021-02-15T00:00:00.000Z,1.9,16.02,4.7,3.75,8.81,3.91,236
2021-02-16T00:00:00.000Z,4.68,18.8,6.4,5.81,9.68,2.919,233
2021-02-17T00:00:00.000Z,2.8,20.05,6.13,4.93,8.23,3.997,214
2021-02-18T00:00:00.000Z,1.2,11.8,2.35,2.1,3.95,2.146,262
2021-02-19T00:00:00.000Z,0.7,6.93,2.19,1.48,2.88,1.324,216
2021-02-20T00:00:00.000Z,1.6,4.34,2.6,2.13,3.1,0.59,216
2021-02-21T00:00:00.000Z,1.45,4.55,2.65,2.35,2.92,0.502,234
2021-02-22T00:00:00.000Z,1.1,5.7,1.9,1.62,2.49,0.853,217
2021-02-23T00:00:00.000Z,1.2,5.68,1.98,1.63,2.38,0.652,222
2021-02-24T00:00:00.000Z,1.2,9.35,2.5,2,3.05,1.093,235
2021-02-25T00:00:00.000Z,1.63,7.8,3.37,2.7,4,1.274,226
2021-02-26T00:00:00.000Z,2.1,22.95,3.8,2.9,4.63,2.294,224
2021-02-27T00:00:00.000Z,2.67,252.73,4.98,3.92,6.46,22.648,260
2021-02-28T00:00:00.000Z,1.63,8.98,4.4,3.62,5.01,1.194,261
2021-03-01T00:00:00.000Z,1.3,643.65,2.5,2.08,3.1,131.903,231
2021-03-02T00:00:00.000Z,2.02,649.54,4.18,2.87,98.73,167.764,245
2021-03-03T00:00:00.000Z,1.67,787.67,4.09,3.3,6.55,243.837,224
2021-03-04T00:00:00.000Z,1.7,844.88,3.9,2.88,83.95,296.552,230
2021-03-05T00:00:00.000Z,1.67,634.54,5.5,3.1,7.97,144.929,251
2021-03-06T00:00:00.000Z,2.17,14.18,3.41,2.85,5.85,1.932,244
2021-03-07T00:00:00.000Z,1.5,725.33,5.03,3.23,245.49,215.317,265
2021-03-08T00:00:00.000Z,1.95,6.18,3.38,2.8,3.9,0.805,243
2021-03-09T00:00:00.000Z,1.58,8.23,2.9,2.13,3.79,1.142,248
2021-03-10T00:00:00.000Z,1.73,8.9,3.66,2.59,4.5,1.443,232
2021-03-11T00:00:00.000Z,1.55,8.9,3.6,2.47,5.22,1.689,234
2021-03-12T00:00:00.000Z,1.77,8.55,2.9,2.5,4.09,1.154,248
2021-03-13T00:00:00.000Z,1.58,5.43,2.66,2.25,3.5,0.866,246
2021-03-14T00:00:00.000Z,2.08,7.03,3.4,2.67,4.84,1.194,236
2021-03-15T00:00:00.000Z,2.33,11.18,3.9,2.9,5.97,2.152,217
2021-03-16T00:00:00.000Z,2.17,206.05,4,3.29,6.88,25.945,224
2021-03-17T00:00:00.000Z,0.7,382.33,89.93,4.42,128.22,92.546,248
2021-03-18T00:00:00.000Z,1.4,209.82,5.65,4.13,8.8,50.252,235
2021-03-19T00:00:00.000Z,1.1,10.48,2.5,2.1,4.88,2.291,224
2021-03-20T00:00:00.000Z,0.75,8.1,1.98,1.3,2.7,1.166,227
2021-03-21T00:00:00.000Z,0.82,5.7,2.1,1.63,2.47,0.613,212
2021-03-22T00:00:00.000Z,0.55,5.82,1.75,0.9,2.29,1,227
2021-03-23T00:00:00.000Z,1.48,8.32,2.9,2.15,4.2,1.244,289
2021-03-24T00:00:00.000Z,2.8,10.13,5.09,4.13,6.28,1.584,179
2021-03-25T00:00:00.000Z,1.8,19.05,3.67,2.96,6.25,3.744,208
2021-03-26T00:00:00.000Z,1.2,5.85,2.35,1.82,3.2,0.966,161
2021-03-27T00:00:00.000Z,1.1,6.5,2.27,1.9,2.83,0.943,142
2021-03-28T00:00:00.000Z,1.55,8.35,3.47,2.9,4.03,1.213,104
2021-03-29T00:00:00.000Z,2,10.95,4.55,3.07,5.84,1.956,193
2021-03-30T00:00:00.000Z,3.08,16.98,5.85,4.65,8.8,3.048,213
2021-03-31T00:00:00.000Z,2.75,17.8,4.88,3.67,7.93,3.075,194
2021-04-01T00:00:00.000Z,3,24.75,8.07,4.88,12.8,4.855,173
2021-04-02T00:00:00.000Z,4.32,26.35,8.71,6.36,12.8,4.011,204
2021-04-03T00:00:00.000Z,3.6,17.35,8.74,6.64,10.87,3.16,212
2021-04-04T00:00:00.000Z,3.45,11.35,6.5,5.03,7.82,1.882,195
2021-04-05T00:00:00.000Z,2.5,18.5,6.5,5.09,11.13,3.71,139
2021-04-06T00:00:00.000Z,1.52,26.67,3.28,2.5,6.07,2.838,235
2021-04-07T00:00:00.000Z,1.3,9.77,3.04,2.2,4.48,1.713,164
2021-04-08T00:00:00.000Z,1.4,9.6,2.4,1.9,3.2,1.167,187
2021-04-09T00:00:00.000Z,0.85,7.65,2.4,1.58,3.37,1.394,184
2021-04-10T00:00:00.000Z,0.98,8.4,1.82,1.48,2.9,1.078,166
2021-04-11T00:00:00.000Z,1.6,5.93,2.72,2.25,3.3,0.923,95
2021-04-12T00:00:00.000Z,1.4,4.72,2.75,2.16,3.39,0.859,76
2021-04-13T00:00:00.000Z,1.25,5.07,2.75,2.25,3.35,0.799,114
2021-04-14T00:00:00.000Z,1.6,13.73,3.15,2.7,3.97,2.561,127
2021-04-15T00:00:00.000Z,2.95,17.92,5.93,4.82,7.95,2.757,95
2021-04-16T00:00:00.000Z,2.47,13.5,6.04,4.53,8.3,2.537,130
2021-04-17T00:00:00.000Z,2.63,17.45,4.94,3.58,7.95,2.997,150
2021-04-18T00:00:00.000Z,2.75,20.48,5.6,4.09,9.8,3.997,136
2021-04-19T00:00:00.000Z,2.95,18.73,7.66,4.55,11.29,4.003,128
2021-04-20T00:00:00.000Z,1.9,17.7,6.6,4.38,9.76,3.267,112
2021-04-21T00:00:00.000Z,0.5,4.5,1.4,0.9,1.9,0.776,119
2021-04-22T00:00:00.000Z,0.7,7.82,1.9,1.52,2.63,1.362,117
2021-04-23T00:00:00.000Z,1.98,10.5,4.38,3.6,5.43,1.535,110
2021-04-24T00:00:00.000Z,4.47,20.8,6.34,5.13,8.52,2.888,126
2021-04-25T00:00:00.000Z,2.72,20.7,8.13,6.32,11.68,4.217,162
2021-04-26T00:00:00.000Z,3.22,19.07,5.6,4.4,9.38,3.277,138
2021-04-27T00:00:00.000Z,3.3,22.83,7.82,6.25,9.8,3.164,129
2021-04-28T00:00:00.000Z,3.38,23.4,9.32,7.97,12.02,3.866,123
2021-04-29T00:00:00.000Z,4.03,21.5,9.82,7.1,12.35,3.812,114
2021-04-30T00:00:00.000Z,4.9,32,9.4,6.32,13.65,5.487,103
2021-05-01T00:00:00.000Z,6.2,34.92,15.91,11.61,21.72,7.376,128
2021-05-02T00:00:00.000Z,4.59,22.88,9.78,8.23,11.85,3.276,134
2021-05-03T00:00:00.000Z,1.65,15.4,6,4.7,8.05,2.786,123
2021-05-04T00:00:00.000Z,2.08,11.43,4.09,2.7,6.5,2.347,114
2021-05-05T00:00:00.000Z,2.67,15.9,6.63,4.9,10.48,3.235,123
2021-05-06T00:00:00.000Z,1.3,12.98,4.03,2.89,5.01,1.938,112
2021-05-07T00:00:00.000Z,2,8.98,3.39,3,5.77,1.747,124
2021-05-08T00:00:00.000Z,2.29,12.93,5.6,4.05,7.51,2.537,124
2021-05-09T00:00:00.000Z,4.3,26.42,10.83,8.48,16.21,5.023,140
2021-05-10T00:00:00.000Z,2.85,19.64,7.25,5.84,9.92,3.911,129
2021-05-11T00:00:00.000Z,2.88,18.5,7.72,5.58,10.26,3.101,117
2021-05-12T00:00:00.000Z,3,22.27,7.35,5,10.25,3.448,115
2021-05-13T00:00:00.000Z,3.8,22.55,8.94,7.35,11.05,3.368,143
2021-05-14T00:00:00.000Z,3,35.72,10.15,7.75,17.95,7.851,129
2021-05-15T00:00:00.000Z,7.88,35.78,16.2,12.74,19.96,6.102,144
2021-05-16T00:00:00.000Z,7.8,46.75,16.62,12.1,22.35,8.119,146
2021-05-17T00:00:00.000Z,1.55,26.05,10.75,4.8,12.52,5.252,130
2021-05-18T00:00:00.000Z,3.47,24.45,11.63,8.57,14.19,4.144,113
2021-05-19T00:00:00.000Z,5.68,21.3,11.13,8.93,13.9,3.597,143
2021-05-20T00:00:00.000Z,0.9,27.15,8.66,6.9,10.61,4.761,152
2021-05-21T00:00:00.000Z,0.45,8.94,1.52,0.8,3.03,1.621,143
2021-05-22T00:00:00.000Z,1.4,17.38,3.6,2.42,6.38,2.941,121
2021-05-23T00:00:00.000Z,2.04,22.48,7.05,5.79,11.27,3.647,165
2021-05-24T00:00:00.000Z,2.77,18.77,9.26,5.47,11.97,3.75,144
2021-05-25T00:00:00.000Z,2.29,21.7,8.18,6.21,11.98,4.916,165
2021-05-26T00:00:00.000Z,2.4,33.95,9.1,5.7,14.2,5.625,159
2021-05-27T00:00:00.000Z,1.52,29.05,8.98,6.1,13.64,6.527,141
2021-05-28T00:00:00.000Z,2.88,21.95,10.25,7.82,13.38,4.216,155
2021-05-29T00:00:00.000Z,3.1,32.83,12.69,7.48,16.45,6.773,128
2021-05-30T00:00:00.000Z,2.45,44.55,16.02,10.07,23.52,9.535,159
2021-05-31T00:00:00.000Z,2.6,21.58,11.1,9.23,13.22,3.404,133
2021-06-01T00:00:00.000Z,3.65,15.52,7.3,5.52,9.91,2.794,165
2021-06-02T00:00:00.000Z,2,19.07,7.07,4.8,12.25,4.231,133
2021-06-03T00:00:00.000Z,3.17,15.77,5.6,4.72,8.27,2.543,143
2021-06-04T00:00:00.000Z,3.65,18.5,8.49,6.4,10.38,3.129,148
2021-06-05T00:00:00.000Z,5.75,24.8,10.63,8.13,14.99,4.513,153
2021-06-06T00:00:00.000Z,4.38,27.17,12.3,9.99,15.8,4.364,184
2021-06-07T00:00:00.000Z,6.13,27.48,11.02,8.94,14.8,4.279,317
2021-06-08T00:00:00.000Z,2.1,22.52,8.23,6.17,10.78,4.125,233
2021-06-09T00:00:00.000Z,2.1,18.07,7.87,6.1,10.38,3.596,254
2021-06-10T00:00:00.000Z,3.4,25.65,8.05,6.6,10.38,4.972,162
2021-06-11T00:00:00.000Z,1.95,33.25,12.18,7.8,18.17,7.069,170
2021-06-12T00:00:00.000Z,0.77,27.92,5.72,3.6,7.65,4.62,159
2021-06-13T00:00:00.000Z,2.8,22.58,9.3,7.69,11.71,3.893,161
2021-06-14T00:00:00.000Z,2.5,27.77,13.1,10.47,16.1,4.748,197
2021-06-15T00:00:00.000Z,3.8,36.54,13.92,8.5,20.5,7.28,176
2021-06-16T00:00:00.000Z,2.95,25.27,9.02,6.5,11.75,4.346,167
2021-06-17T00:00:00.000Z,6.28,26.1,14.06,10.15,17.64,4.88,230
2021-06-18T00:00:00.000Z,6.22,45.42,17.23,11.65,23.05,7.025,242
2021-06-19T00:00:00.000Z,8.35,61.17,16.25,12.37,24.76,8.082,277
2021-06-20T00:00:00.000Z,11.4,64.4,23.39,18.82,30.52,10.512,302
2021-06-21T00:00:00.000Z,7.28,44.5,20.83,10.95,27.5,9.051,264
2021-06-22T00:00:00.000Z,1.98,21.05,8.43,5.43,11.32,4.422,226
2021-06-23T00:00:00.000Z,2.1,12.23,6.04,4.84,7.2,1.826,282
2021-06-24T00:00:00.000Z,0.9,15.32,2.13,1.55,5.74,2.93,252
2021-06-25T00:00:00.000Z,1,22.67,4.43,2.9,5.89,3.638,292
2021-06-26T00:00:00.000Z,1.65,11,4.7,3.45,5.55,1.484,303
2021-06-27T00:00:00.000Z,2.7,23.35,6.15,5.03,7.95,3.688,302
2021-06-28T00:00:00.000Z,0.55,16.32,2.8,1.51,3.91,2.947,265
2021-06-29T00:00:00.000Z,0.4,7.47,1.9,1,3.6,1.551,296
2021-06-30T00:00:00.000Z,0.4,28.35,2.25,1,8.02,7.321,287
2021-07-01T00:00:00.000Z,3.9,33.63,9.68,7,17.52,7.123,258
2021-07-02T00:00:00.000Z,7.45,34.79,13.52,10.35,18.5,5.769,238
2021-07-03T00:00:00.000Z,3.22,33.1,12.23,5.77,19.79,7.737,324
2021-07-04T00:00:00.000Z,1.48,36.78,12.07,5.32,20.7,9.354,315
2021-07-05T00:00:00.000Z,2.33,30.7,8.13,4.43,17.8,7.413,257
2021-07-06T00:00:00.000Z,6.88,34.28,12.75,10.19,14.73,3.751,298
2021-07-07T00:00:00.000Z,1.9,22.1,9.44,6.44,13.8,4.657,264
2021-07-08T00:00:00.000Z,1.48,21.05,10.24,3.35,13.9,5.681,282
2021-07-09T00:00:00.000Z,6.1,23.92,12.4,10.67,14.96,3.553,321
2021-07-10T00:00:00.000Z,5.8,40.95,13.7,11.07,17.73,6.848,326
2021-07-11T00:00:00.000Z,1.6,28.13,7.78,4.34,12.68,5.286,347
2021-07-12T00:00:00.000Z,4.9,28.8,13.98,8.69,17.17,5.166,261
2021-07-13T00:00:00.000Z,11.93,40.78,22.98,18.98,28.54,6.078,228
2021-07-14T00:00:00.000Z,14.18,62.2,28.3,21.94,37.14,10.972,260
2021-07-15T00:00:00.000Z,3.95,63.5,20.41,12.82,31.75,13.859,298
2021-07-16T00:00:00.000Z,5.25,43.33,13.2,10.32,19.14,6.221,267
2021-07-17T00:00:00.000Z,7.8,41.13,17.82,14.2,23.4,8.306,319
2021-07-18T00:00:00.000Z,0.7,37.63,5.5,1.77,9.02,6.342,273
2021-07-19T00:00:00.000Z,0.88,16.67,5.6,3.03,7.28,2.676,243
2021-07-20T00:00:00.000Z,0.9,24.6,3.5,1.83,5.8,3.527,260
2021-07-21T00:00:00.000Z,0.75,37.22,3.86,1.6,9.6,7.327,286
2021-07-22T00:00:00.000Z,1.6,47.08,13.77,7.47,21.02,10.983,242
2021-07-23T00:00:00.000Z,2.2,41.75,17.75,9.02,24.3,10.162,295
2021-07-24T00:00:00.000Z,4.43,22.2,11.2,7.38,13.35,3.933,283
2021-07-25T00:00:00.000Z,2.25,16.45,6.45,4.28,9.05,3.369,307
2021-07-26T00:00:00.000Z,1.1,8,3.1,2.46,3.57,1.053,325
2021-07-27T00:00:00.000Z,2.9,15.1,6.92,5.18,8.5,2.553,342
2021-07-28T00:00:00.000Z,1.42,13.15,4,3.1,5.22,1.772,340
2021-07-29T00:00:00.000Z,0.93,21.4,4.8,3.1,8.8,4.07,300
2021-07-30T00:00:00.000Z,1.8,44.6,5.68,3.8,13.4,7.327,243
2021-07-31T00:00:00.000Z,3.58,41.53,12.15,8.34,18.5,7.292,264
2021-08-01T00:00:00.000Z,1.85,39.29,14.02,9.03,21.41,7.414,249
2021-08-02T00:00:00.000Z,1.1,15.88,5.44,3.73,7.24,2.977,244
2021-08-03T00:00:00.000Z,2.54,35.72,7.82,5.95,11.02,6.013,251
2021-08-04T00:00:00.000Z,2.5,46.17,13.55,10.5,19.82,9.555,219
2021-08-05T00:00:00.000Z,6.35,42.05,16.98,12.65,23.25,6.9,251
2021-08-06T00:00:00.000Z,3.03,49.97,19,12.55,24.9,8.185,314
2021-08-07T00:00:00.000Z,7.45,30.48,11.68,9.55,16.05,5.269,322
2021-08-08T00:00:00.000Z,5.9,24.42,10.5,8.98,12.38,2.9,290
2021-08-09T00:00:00.000Z,4.3,29.7,12.27,9.34,16.04,4.829,229
2021-08-10T00:00:00.000Z,5.07,31.65,12.63,9.27,17.89,6.013,295
2021-08-11T00:00:00.000Z,5.95,26.73,11.93,9.78,17.82,4.942,229
2021-08-12T00:00:00.000Z,4.25,39.83,12.82,10.7,23.83,8.715,285
2021-08-13T00:00:00.000Z,8.4,52.38,16.14,12.02,25.52,8.819,526
2021-08-14T00:00:00.000Z,2.52,50.38,20.36,11.85,29.45,10.975,444
2021-08-15T00:00:00.000Z,12.75,65.43,28.9,21.57,35.15,9.126,465
2021-08-16T00:00:00.000Z,5.7,49.63,21.23,16.05,27.08,8.672,523
2021-08-17T00:00:00.000Z,2.2,24.4,8.43,6.52,10.85,3.762,544
2021-08-18T00:00:00.000Z,0.7,9.23,2.75,1.9,3.83,1.356,458
2021-08-19T00:00:00.000Z,0.5,13.1,2.27,1.58,3.55,1.371,556
2021-08-20T00:00:00.000Z,1.08,12.88,2.4,1.58,4.13,2.43,483
2021-08-21T00:00:00.000Z,0.6,27.63,2.6,1.7,3.69,2.41,541
2021-08-22T00:00:00.000Z,1.23,6.15,2.29,1.9,2.95,0.894,514
2021-08-23T00:00:00.000Z,0.6,10.05,2.4,1.9,4.15,1.727,551
2021-08-24T00:00:00.000Z,1.88,9.6,3.8,2.67,5.81,1.896,489
2021-08-25T00:00:00.000Z,0.8,10.8,3.06,2.35,4.95,1.631,530
2021-08-26T00:00:00.000Z,1.5,12.85,5.57,3.6,7.9,2.77,375
2021-08-27T00:00:00.000Z,4.09,22.88,9,7.28,12.64,3.728,421
2021-08-28T00:00:00.000Z,6.13,25.4,12.63,9.68,14.97,3.603,245
2021-10-28T00:00:00.000Z,1.6,3,2.2,1.9,2.5,0.357,50
2021-10-29T00:00:00.000Z,1.67,9.32,2.83,2.4,3.51,1.222,548
2021-10-30T00:00:00.000Z,1.6,10.65,3.1,2.7,3.85,0.983,567
2021-10-31T00:00:00.000Z,1.48,9.05,3,2.3,3.5,0.779,547
2021-11-01T00:00:00.000Z,2.4,8.38,4.15,3.7,5.3,1.143,538
2021-11-02T00:00:00.000Z,1.85,9,3.4,2.85,4.57,1.244,503
2021-11-03T00:00:00.000Z,1.1,9.48,2.4,2.04,3.55,1.29,514
2021-11-04T00:00:00.000Z,0.82,8.69,2.7,1.6,4.2,1.563,550
2021-11-05T00:00:00.000Z,1,11.52,2.4,1.98,3,1.478,553
2021-11-06T00:00:00.000Z,1.2,5.57,2.02,1.7,2.6,0.787,543
2021-11-07T00:00:00.000Z,1.17,5.35,2.31,2,2.7,0.605,532
2021-11-08T00:00:00.000Z,1.38,5.9,2.5,2.1,3.03,0.665,450
2021-11-09T00:00:00.000Z,1.4,6.35,2.83,2.2,3.35,0.813,543
2021-11-10T00:00:00.000Z,1.3,12.15,2.4,1.9,4.03,2.305,534
2021-11-11T00:00:00.000Z,1.63,7.8,3.08,2.4,3.76,1.094,508
2021-11-12T00:00:00.000Z,1.2,11.23,2.7,2.29,4.07,1.752,476
2021-11-13T00:00:00.000Z,0.55,3.8,1.33,1.08,2,0.658,547
2021-11-14T00:00:00.000Z,0.9,5.53,1.9,1.5,2.4,0.75,543
2021-11-15T00:00:00.000Z,0.88,3.3,1.65,1.4,2.02,0.476,537
2021-11-16T00:00:00.000Z,0.7,6.22,1.5,1.23,1.92,0.69,524
2021-11-17T00:00:00.000Z,1.1,8.1,2.1,1.8,2.52,1.012,402
2021-11-18T00:00:00.000Z,1.05,6.88,2.1,1.7,2.58,0.775,494
2021-11-19T00:00:00.000Z,0.8,3.65,2.04,1.51,2.7,0.657,464
2021-11-20T00:00:00.000Z,1.8,9.4,2.7,2.4,3.22,1.153,511
2021-11-21T00:00:00.000Z,1.58,5.97,2.8,2.4,3.39,0.724,517
2021-11-22T00:00:00.000Z,1.1,4.45,2.6,2.2,3.05,0.659,554
2021-11-23T00:00:00.000Z,1,9.23,2.71,1.8,3.63,1.514,542
2021-11-24T00:00:00.000Z,1.7,25.98,4.53,2.33,9.07,4.639,550
2021-11-25T00:00:00.000Z,1.3,7.53,2.88,2.33,3.6,1.056,541
2021-11-26T00:00:00.000Z,1.6,5.65,2.85,2.29,3.44,0.733,565
2021-11-27T00:00:00.000Z,1.5,13.77,2.88,2.04,6.04,2.782,541
2021-11-28T00:00:00.000Z,0.98,4.82,1.77,1.5,2.1,0.449,542
2021-11-29T00:00:00.000Z,0.8,5.65,2,1.6,2.4,0.732,540
2021-11-30T00:00:00.000Z,0.5,4.25,1.33,0.85,2.04,0.797,529
2021-12-01T00:00:00.000Z,0.7,9.73,2.1,1.38,3.2,1.539,521
2021-12-02T00:00:00.000Z,1.12,6.82,2.25,1.77,2.8,0.801,527
2021-12-03T00:00:00.000Z,1.4,3.7,2.08,1.8,2.5,0.494,234
2021-12-04T00:00:00.000Z,1.2,10.43,2.4,1.9,3.03,1.495,520
2021-12-05T00:00:00.000Z,1.08,6.32,2.67,2.22,3.09,0.769,516
2021-12-06T00:00:00.000Z,1.42,7.65,2.82,2.1,4.17,1.271,536
2021-12-07T00:00:00.000Z,1.38,14.38,2.9,2,6.09,2.969,532
2021-12-08T00:00:00.000Z,1.67,6.68,2.6,2.2,3.3,0.853,529
2021-12-09T00:00:00.000Z,1.67,6.43,2.78,2.35,3.55,0.874,538
2021-12-10T00:00:00.000Z,1.88,12.4,3.5,2.7,6,2.258,512
2021-12-11T00:00:00.000Z,2.17,21.23,3.58,2.88,5.7,2.974,535
2021-12-12T00:00:00.000Z,1.05,5.72,2.29,1.8,3,0.819,460
2021-12-13T00:00:00.000Z,0.77,12.73,2,1.3,2.47,0.981,445
2021-12-14T00:00:00.000Z,1.23,7.78,2.2,1.95,2.5,0.669,462
2021-12-15T00:00:00.000Z,1.1,5.78,1.8,1.5,2.29,0.613,505
2021-12-16T00:00:00.000Z,0.95,4.59,2,1.6,2.33,0.574,327
2021-12-17T00:00:00.000Z,1.05,7.25,2,1.7,3,1.114,463
2021-12-18T00:00:00.000Z,1.08,6.93,2,1.73,2.35,0.531,515
2021-12-19T00:00:00.000Z,1.3,3.9,2.4,2.15,2.7,0.444,523
2021-12-20T00:00:00.000Z,1.58,4.05,2.5,2.13,2.9,0.518,506
2021-12-21T00:00:00.000Z,1.67,9.69,2.83,2.2,3.94,1.216,464
2021-12-22T00:00:00.000Z,1.92,6.53,3.6,2.94,4.59,1.002,521
2021-12-23T00:00:00.000Z,1.38,10.23,3.28,2.1,4.34,1.532,515
2021-12-24T00:00:00.000Z,1.67,5.5,2.76,2.2,3.5,0.82,534
2021-12-25T00:00:00.000Z,2.1,6.68,3.42,3,3.88,0.77,513
2021-12-26T00:00:00.000Z,1.67,8.13,3.9,2.75,5.38,1.532,535
2021-12-27T00:00:00.000Z,2.9,13.25,5.85,4.22,8.47,2.291,550
2021-12-28T00:00:00.000Z,3.13,12.05,4.65,3.8,7.95,2.292,547
2021-12-29T00:00:00.000Z,2.13,18.3,4.97,2.8,9.07,3.59,561
2021-12-30T00:00:00.000Z,2.2,12.38,3.65,3.15,6.78,2.269,545
2021-12-31T00:00:00.000Z,1.7,10.88,2.7,2.27,3.58,1.145,559
2022-01-01T00:00:00.000Z,1.08,7.25,2.7,2.2,3.42,1.025,543
2022-01-02T00:00:00.000Z,0.6,4.18,1.2,1,1.55,0.418,554
2022-01-03T00:00:00.000Z,0.63,4.55,1.27,1.05,1.6,0.726,555
2022-01-04T00:00:00.000Z,0.6,3.58,1.3,0.95,1.82,0.589,545
2022-01-05T00:00:00.000Z,0.9,3.8,2,1.3,2.6,0.67,543
2022-01-06T00:00:00.000Z,1.35,4.57,2.29,1.92,3.13,0.718,566
2022-01-07T00:00:00.000Z,1.2,5.57,2.2,1.73,2.8,0.715,554
2022-01-08T00:00:00.000Z,1.42,10,2.95,2.35,4.63,1.626,523
2022-01-09T00:00:00.000Z,1.42,8.52,3.08,2.27,4.3,1.437,519
2022-01-10T00:00:00.000Z,1.23,6.8,2.47,1.92,3.4,1.049,513
2022-01-11T00:00:00.000Z,1,11.8,1.98,1.5,2.9,1.094,541
2022-01-12T00:00:00.000Z,1.6,9.15,2.33,2,3.95,1.31,545
2022-01-13T00:00:00.000Z,1.35,14.43,2.7,1.9,4.25,1.713,541
2022-01-14T00:00:00.000Z,1,6.45,2.27,1.7,3.67,1.163,541
2022-01-15T00:00:00.000Z,1.1,3.5,2.13,1.7,2.6,0.525,552
2022-01-16T00:00:00.000Z,1.83,8.9,3.42,3.03,4.75,1.517,554
2022-01-17T00:00:00.000Z,0.85,7.25,1.95,1.5,2.8,1.066,560
2022-01-18T00:00:00.000Z,0.68,4.78,1.4,1.05,2,0.713,557
2022-01-19T00:00:00.000Z,0.47,6.85,1.45,0.94,1.9,0.697,541
2022-01-20T00:00:00.000Z,0.63,6.45,1.52,1.15,2,0.803,561
2022-01-21T00:00:00.000Z,0.63,3.4,1.4,1.1,1.8,0.538,522
2022-01-22T00:00:00.000Z,0.56,3.97,1.3,1,1.7,0.509,539
2022-01-23T00:00:00.000Z,0.65,10.02,1.55,1.2,1.88,0.835,544
2022-01-24T00:00:00.000Z,0.9,5.22,2.08,1.55,2.65,0.819,543
2022-01-25T00:00:00.000Z,0.8,4,2,1.55,2.35,0.533,531
2022-01-26T00:00:00.000Z,0.9,10.8,1.94,1.4,3.04,1.088,512
2022-01-27T00:00:00.000Z,0.98,6.57,1.98,1.4,3.4,1.183,522
2022-01-28T00:00:00.000Z,1.35,14.3,2.74,2.08,4.75,2.312,550
2022-01-29T00:00:00.000Z,1.7,7.43,2.78,2.1,4.32,1.41,559
2022-01-30T00:00:00.000Z,2.33,11.25,3.8,2.85,5.5,1.737,519
2022-01-31T00:00:00.000Z,2.02,6.47,3.47,2.79,4,0.783,497
2022-02-01T00:00:00.000Z,1.2,10.3,2.52,2,3.22,0.901,523
2022-02-02T00:00:00.000Z,0.95,4.43,2,1.55,2.8,0.751,538
2022-02-03T00:00:00.000Z,1.14,7.72,2,1.63,2.9,0.891,503
2022-02-04T00:00:00.000Z,1.05,4.97,2.15,1.73,2.7,0.694,528
2022-02-05T00:00:00.000Z,1.35,22.92,2.35,2,2.8,1.283,543
2022-02-06T00:00:00.000Z,1.2,4.3,2.29,1.9,2.8,0.577,502
2022-02-07T00:00:00.000Z,1,5.68,2.29,1.7,2.75,0.669,558
2022-02-08T00:00:00.000Z,0.85,9.9,2.29,1.5,2.9,0.901,539
2022-02-09T00:00:00.000Z,2,7.45,3.6,2.85,4.32,0.935,527
2022-02-10T00:00:00.000Z,3.17,16.2,5.09,4.5,8.57,2.603,525
2022-02-11T00:00:00.000Z,2.04,15.77,4.05,2.6,6.29,2.548,529
2022-02-12T00:00:00.000Z,2.72,11.88,4.8,4.2,5.6,1.374,539
2022-02-13T00:00:00.000Z,2.78,8.5,4.55,3.85,5.6,1.147,560
2022-02-14T00:00:00.000Z,1.9,11.6,3.4,2.5,5,1.461,555
2022-02-15T00:00:00.000Z,2.88,16.52,3.9,3.38,6.43,2.435,562
2022-02-16T00:00:00.000Z,1.98,9.07,3.67,3.15,5.18,1.304,561
2022-02-17T00:00:00.000Z,1.85,7.32,3.3,2.71,3.96,0.928,561
2022-02-18T00:00:00.000Z,2.1,10.63,4.3,3.46,5.01,1.186,556
2022-02-19T00:00:00.000Z,2.47,7.88,4.4,3.67,5.3,1.067,566
2022-02-20T00:00:00.000Z,1.45,12.35,3.4,2.92,3.95,1.112,525
2022-02-21T00:00:00.000Z,0.8,4.93,2,1.5,2.82,0.858,561
2022-02-22T00:00:00.000Z,0.63,4.75,1.58,1.2,2.15,0.759,570
2022-02-23T00:00:00.000Z,0.6,4,1.2,1,1.51,0.526,560
2022-02-24T00:00:00.000Z,0.7,4.5,1.82,1.3,2.38,0.768,568
2022-02-25T00:00:00.000Z,1.1,10.02,2.42,1.9,3.08,0.982,559
2022-02-26T00:00:00.000Z,1.23,6.43,2.9,2.5,3.45,0.822,569
2022-02-27T00:00:00.000Z,0.7,5.5,1.52,1.25,2,0.575,562
2022-02-28T00:00:00.000Z,0.7,11.65,1.48,1.12,1.95,1.044,569
2022-03-01T00:00:00.000Z,0.73,7.38,2.02,1.3,3.08,1.135,573
2022-03-02T00:00:00.000Z,1.9,7.03,3.3,2.75,4.3,1.059,546
2022-03-03T00:00:00.000Z,1.55,8.07,2.7,2.29,3.87,1.135,552
2022-03-04T00:00:00.000Z,1.5,5.8,2.78,2.27,3.38,0.818,563
2022-03-05T00:00:00.000Z,1.6,35.72,2.8,2.42,3.4,1.932,570
2022-03-06T00:00:00.000Z,1.4,4.55,2.35,1.95,2.72,0.545,440
2022-04-02T00:00:00.000Z,2.35,15.82,4.68,3.66,5.87,1.797,493
2022-04-03T00:00:00.000Z,1.5,9.75,3.92,3.35,5,1.453,565
2022-04-04T00:00:00.000Z,1.6,14.25,3.65,2.75,4.82,1.69,563
2022-04-05T00:00:00.000Z,1.63,8.48,2.97,2.35,3.8,1.094,567
2022-04-06T00:00:00.000Z,1.5,9.9,3.21,2.5,3.88,1.108,564
2022-04-07T00:00:00.000Z,1.85,11.48,3.97,3.05,4.7,1.528,571
2022-04-08T00:00:00.000Z,1.5,12.27,4.09,3.3,5.25,1.842,570
2022-04-09T00:00:00.000Z,1.3,8.15,3.25,2.58,4.25,1.198,549
2022-04-10T00:00:00.000Z,0.8,9.65,3.1,2.29,4.55,1.538,562
2022-04-11T00:00:00.000Z,0.9,7.43,2,1.4,3.05,1.342,562
2022-04-12T00:00:00.000Z,0.95,8.73,2,1.6,2.8,1.198,568
2022-04-13T00:00:00.000Z,1.23,6,2.6,2.08,3.16,0.839,561
2022-04-14T00:00:00.000Z,1,9.6,3.4,2.72,4.28,1.329,558
2022-04-15T00:00:00.000Z,1.75,22.05,5.75,2.7,8.86,3.991,565
2022-04-16T00:00:00.000Z,3.22,20.48,7.18,5.38,10.27,3.167,575
2022-04-17T00:00:00.000Z,2.04,15.55,6.32,4.7,8.9,2.863,571
2022-04-18T00:00:00.000Z,2.6,20.1,6.96,4.9,10.38,3.332,566
2022-04-19T00:00:00.000Z,4,23.95,8.43,6.55,12.74,4.003,561
2022-04-20T00:00:00.000Z,3,24.65,7.3,4.59,10.19,3.646,561
2022-04-21T00:00:00.000Z,2.85,15.07,6.3,5,7.82,2.052,563
2022-04-22T00:00:00.000Z,0.5,17.85,4.63,2.8,6.85,2.894,566
2022-04-23T00:00:00.000Z,1.42,12.32,5.34,3.6,7.7,2.561,562
2022-04-24T00:00:00.000Z,1,8.38,3.4,2.6,4.7,1.479,569
2022-04-25T00:00:00.000Z,0.7,7.9,1.9,1.27,2.6,0.87,528
2022-04-26T00:00:00.000Z,0.6,4.22,1.74,1.27,2.27,0.686,546
2022-04-27T00:00:00.000Z,0.4,11,1.5,0.9,3.15,1.916,558
2022-04-28T00:00:00.000Z,1.95,24.1,6.78,4.68,9.13,4.455,553
2022-04-29T00:00:00.000Z,3,33.75,10.03,6.95,13.43,5.206,560
2022-04-30T00:00:00.000Z,3.95,18.95,9.52,7.54,11.87,3.096,573
2022-05-01T00:00:00.000Z,3,22.95,11.45,8.31,15.01,4.651,517
2022-05-02T00:00:00.000Z,3.5,20.13,8.86,6.25,11.4,3.319,442
2022-05-03T00:00:00.000Z,3.1,22.9,8.4,6.2,11.25,3.556,531
2022-05-04T00:00:00.000Z,1.85,24.17,7.65,5.81,9.77,3.319,573
2022-05-05T00:00:00.000Z,3.75,38.88,11.18,5.94,17.18,7.144,560
2022-05-06T00:00:00.000Z,2.2,53.03,9.86,7.1,15.51,10.114,564
2022-05-07T00:00:00.000Z,3.15,34.13,9.94,7.78,14.17,5.631,572
2022-05-08T00:00:00.000Z,4.22,29.6,8.94,7.95,10.55,2.514,564
2022-05-09T00:00:00.000Z,8.5,38.67,17.27,12.71,21.27,5.973,521
2022-05-10T00:00:00.000Z,5.47,37.53,17.27,12.08,23.1,7.032,497
2022-05-11T00:00:00.000Z,6.43,40.47,15.5,12.35,19.82,6.138,503
2022-05-12T00:00:00.000Z,6.93,39.79,17.02,13.55,23.68,6.6,521
2022-05-13T00:00:00.000Z,4.32,42.8,16.02,13.4,20.07,6.305,522
2022-05-14T00:00:00.000Z,6.75,55.05,19.67,13.6,24.4,7.955,541
2022-05-15T00:00:00.000Z,2.7,42.35,7.82,5.39,11.72,6.097,529
2022-05-16T00:00:00.000Z,3.4,35.54,9,7.06,13.66,6.285,520
2022-05-17T00:00:00.000Z,3,50.88,14.27,10.57,22.93,9.318,525
2022-05-18T00:00:00.000Z,2.8,63.53,18.57,11.05,29.67,13.002,505
2022-05-19T00:00:00.000Z,5.09,35.67,12.55,10.35,15.94,5.526,517
2022-05-20T00:00:00.000Z,1.2,25.05,8.77,6.57,11.48,4.545,527
2022-05-21T00:00:00.000Z,1.65,29.25,6.6,4.69,8.97,4.443,525
2022-05-22T00:00:00.000Z,2.47,27.02,9.64,7.15,12.65,4.118,506
2022-05-23T00:00:00.000Z,1.55,30.17,11.99,6.15,16.89,6.366,532
2022-05-24T00:00:00.000Z,2.27,9.02,3.95,3.3,5.13,1.335,503
2022-05-25T00:00:00.000Z,1.3,24.1,4.8,3.4,7.04,3.803,492
2022-05-26T00:00:00.000Z,3.25,30.9,11.5,8.05,16.05,5.216,498
2022-05-27T00:00:00.000Z,6.95,41.22,15.8,12.63,20.77,6.675,492
2022-05-28T00:00:00.000Z,3.45,55.05,15.95,11.54,20.88,8.21,529
2022-05-29T00:00:00.000Z,5.68,54.83,16.82,10.25,23.25,10.396,447
2022-05-30T00:00:00.000Z,2.97,30.7,14.27,10.92,18.12,5.273,469
2022-05-31T00:00:00.000Z,6.13,28.23,15.98,10.93,19.98,5.26,463
2022-06-01T00:00:00.000Z,3.88,27.83,13.66,9.46,17.8,5.679,496
2022-06-02T00:00:00.000Z,3.67,21.33,8.98,6.41,11.13,3.136,173
2022-06-03T00:00:00.000Z,1.08,35.28,3.28,2.6,5.07,4.603,295
2022-06-04T00:00:00.000Z,0.63,7.57,1.85,1.38,3.03,1.361,419
2022-06-05T00:00:00.000Z,0.5,5.28,2.23,1.4,3.1,1.056,436
2022-06-06T00:00:00.000Z,1.1,20.42,3.5,2.65,8.6,4.389,345
2022-06-07T00:00:00.000Z,3.15,37.1,9.71,6.97,13.68,5.411,530
2022-06-08T00:00:00.000Z,6.6,37.67,12.73,10.55,16.45,5.378,342
2022-06-29T00:00:00.000Z,1.98,24.65,4.75,3.4,6.59,3.892,520
2022-06-30T00:00:00.000Z,3.5,18.48,8.32,7.03,10.73,2.914,550
2022-07-01T00:00:00.000Z,0.6,19,3.1,1.13,7.7,4.198,556
2022-07-02T00:00:00.000Z,0.98,9.43,2.9,2.2,4.13,1.625,556
2022-07-03T00:00:00.000Z,1.73,27.75,6.55,5.4,8.4,3.628,528
2022-07-04T00:00:00.000Z,0.6,26.83,3.53,2.02,6.96,4.085,557
2022-07-05T00:00:00.000Z,2.4,23.25,8.9,5.4,12,4.268,519
2022-07-06T00:00:00.000Z,3.08,23.55,12.57,9.48,15.77,4.799,550
2022-07-07T00:00:00.000Z,2.6,12.25,6.6,5.22,8.25,2.055,375
2022-07-08T00:00:00.000Z,0.63,21.85,7.88,4.9,13.38,5.421,532
2022-07-09T00:00:00.000Z,0.43,16.45,6.4,4.36,7.69,3.313,533
2022-07-10T00:00:00.000Z,0.6,6.32,1.8,1.48,2.33,0.856,495
2022-07-11T00:00:00.000Z,0.5,4.15,1.42,1.12,1.8,0.591,371
2022-07-12T00:00:00.000Z,0.5,13.85,2.35,1.4,4.09,2.879,495
2022-07-13T00:00:00.000Z,0.98,20,5.64,3.53,10.76,4.792,448
2022-07-14T00:00:00.000Z,0.4,17.63,1.42,0.7,4.59,2.854,534
2022-07-15T00:00:00.000Z,1.63,17.98,3.39,2.29,4.9,2.059,518
2022-07-16T00:00:00.000Z,0.5,10.77,2.54,1.83,3.13,1.303,570
2022-07-17T00:00:00.000Z,1.08,16.2,3.9,2.4,5.9,2.757,581
2022-07-18T00:00:00.000Z,0.6,17.23,4.45,2.7,6.72,3.118,559
2022-07-19T00:00:00.000Z,1.2,23.2,4.38,2.47,8.98,4.7,574
2022-07-20T00:00:00.000Z,1.88,30.38,9.6,7.63,12.75,4.549,564
2022-07-21T00:00:00.000Z,6.25,38.54,15.64,12.35,20.35,5.492,570
2022-07-22T00:00:00.000Z,3.95,34.78,13.98,9.82,18.95,6.329,579
2022-07-23T00:00:00.000Z,5.72,36.17,12.65,9.48,19.25,6.805,563
2022-07-24T00:00:00.000Z,7.4,38.53,16.89,13.09,20.95,5.609,565
2022-07-25T00:00:00.000Z,4.9,32.17,12.8,10.15,19.23,6.22,575
2022-07-26T00:00:00.000Z,2.4,34.38,12.31,5.75,15.5,7.187,570
2022-07-27T00:00:00.000Z,3.13,20.1,7.69,4.7,11.77,4.439,570
2022-07-28T00:00:00.000Z,5.03,27.42,10.27,8.77,12.6,3.746,559
2022-07-29T00:00:00.000Z,0.9,29.58,7.54,4.22,12.53,6.847,556
2022-07-30T00:00:00.000Z,4.75,28.88,13.43,9.91,16.05,4.433,565
2022-07-31T00:00:00.000Z,3.92,31.02,15.02,11.62,17.92,4.737,569
2022-08-01T00:00:00.000Z,4.43,36.95,18.35,13.25,24.6,7.394,510
2022-08-02T00:00:00.000Z,9.25,35.88,15.6,11.9,21.38,5.768,531
2022-08-03T00:00:00.000Z,5.28,50.58,22.09,16.64,32.17,10.513,542
2022-08-04T00:00:00.000Z,3.2,33.53,13.07,5.75,17.8,7.014,451
2022-08-05T00:00:00.000Z,3.7,34.45,17.27,12.75,21.7,6.435,559
2022-08-06T00:00:00.000Z,1.6,22.48,9.52,8.18,11.76,3.605,544
2022-08-07T00:00:00.000Z,0.6,8.63,1.59,0.99,2.72,1.169,440
2022-08-08T00:00:00.000Z,1.3,25.52,4.68,3.45,6.1,3.105,506
2022-08-09T00:00:00.000Z,1,27.67,7.72,3.3,12.42,5.62,564
2022-08-10T00:00:00.000Z,0.7,16.1,4.9,2.6,7.65,3.442,463
2022-08-11T00:00:00.000Z,2.88,24.5,7.53,5.95,10.05,4.315,442
2022-08-12T00:00:00.000Z,4.2,20.7,8.43,6.35,11.6,3.481,549
2022-08-13T00:00:00.000Z,3.65,29.45,13.85,10.98,17.72,5.127,573
2022-08-14T00:00:00.000Z,1.67,25.08,10.35,7.96,14.68,5.199,544
2022-08-15T00:00:00.000Z,0.5,3.03,1,0.8,1.63,0.564,382
2022-08-16T00:00:00.000Z,1.7,16.42,4.8,3.17,6.7,2.971,574
2022-08-17T00:00:00.000Z,1.5,18.92,6.4,4.5,9.31,3.338,432
2022-08-18T00:00:00.000Z,2.38,26.6,10.94,7.57,14.68,4.55,458
2022-08-19T00:00:00.000Z,1.83,34.88,9.69,4.45,17.95,7.669,566
2022-08-20T00:00:00.000Z,1.5,21.7,6.7,3.4,9.1,4.026,523
2022-08-21T00:00:00.000Z,2.13,29.98,7.48,5.05,13.25,5.622,514
2022-08-22T00:00:00.000Z,4.75,37.29,11.17,7.2,16.17,6.631,338
2022-08-23T00:00:00.000Z,9.8,42.1,20.5,14.1,25.65,7.127,514
2022-08-24T00:00:00.000Z,3.7,44.35,22.48,14.85,27.88,9.433,414
2022-08-25T00:00:00.000Z,3.97,46.6,17.27,11.6,24.25,8.186,387
2022-08-26T00:00:00.000Z,5.4,34.04,14.8,11.14,20.02,6.089,529
2022-08-27T00:00:00.000Z,2.97,41.95,12.82,9.44,21.5,8.282,491
2022-08-28T00:00:00.000Z,4.63,34.22,11.04,8.1,21.23,7.616,434
2022-08-29T00:00:00.000Z,1.5,16,4.09,2.94,7.79,3.549,389
2022-08-30T00:00:00.000Z,4,33.42,8.82,6.72,18.82,7.479,534
2022-08-31T00:00:00.000Z,4.4,18.48,8.9,7.47,10.19,2.288,519
2022-09-01T00:00:00.000Z,5.15,28.73,8.5,7.06,12.27,4.617,492
2022-09-02T00:00:00.000Z,7.4,42.25,21.08,16.38,29.12,7.974,457
2022-09-03T00:00:00.000Z,2.78,28.98,8.97,6.38,11.6,4.28,378
2022-09-04T00:00:00.000Z,2.47,20.39,9.35,7.07,12.05,3.267,227
2022-09-05T00:00:00.000Z,2.6,14.53,6.07,4.51,8.44,2.536,332
2022-09-06T00:00:00.000Z,2.5,17.25,7.18,5.78,9.73,2.924,526
2022-09-07T00:00:00.000Z,2.1,18.14,5.05,3.5,6.93,2.71,495
2022-09-08T00:00:00.000Z,0.65,4.22,2,1.33,2.59,0.719,328
2022-09-09T00:00:00.000Z,1.6,29.15,5.32,3.42,8.3,5.451,514
2022-09-10T00:00:00.000Z,2.52,44.17,8.44,6.47,10.95,5.822,503
2022-09-11T00:00:00.000Z,1.17,9.68,3.6,2.6,4.4,1.427,510
2022-09-12T00:00:00.000Z,1.7,17.63,7.95,5.2,10.88,3.778,446
2022-09-13T00:00:00.000Z,2.1,11.32,3.67,2.88,7.1,2.362,482
2022-09-14T00:00:00.000Z,2.29,19.05,8.63,6.63,11.7,3.479,503
2022-09-15T00:00:00.000Z,1.98,27.48,6.4,4.8,8.98,5.332,506
2022-09-16T00:00:00.000Z,2.04,17.23,7,4.88,10.4,3.56,478
2022-09-17T00:00:00.000Z,2.38,16.45,4.97,4.2,6.25,2.041,470
2022-09-18T00:00:00.000Z,0.8,13.9,2.7,1.6,4.59,3.087,495
2022-09-19T00:00:00.000Z,1.48,12.73,3.65,2.6,6.78,2.509,483
2022-09-20T00:00:00.000Z,1.48,5.95,2.47,1.95,3.08,0.766,417
2022-09-21T00:00:00.000Z,0.68,4.5,1.54,1,2.29,0.801,458
2022-09-22T00:00:00.000Z,0.6,12.32,2.4,1.94,3.15,2.122,501
2022-09-23T00:00:00.000Z,1,18.27,3,2.1,5.93,3.499,487
2022-09-24T00:00:00.000Z,1.1,8.19,3.53,2.5,4.5,1.347,499
2022-09-25T00:00:00.000Z,1.12,16.39,3.5,2.02,8.38,3.604,490
2022-09-26T00:00:00.000Z,1.1,19.75,3.2,2.29,8.15,3.964,458
2022-09-27T00:00:00.000Z,0.88,13.6,4.72,2.7,7.57,2.951,485
2022-09-28T00:00:00.000Z,0.8,13.27,3.79,2.45,6.14,2.603,464
2022-09-29T00:00:00.000Z,1.5,25.83,3.4,2.67,8.97,6.2,472
2022-09-30T00:00:00.000Z,1.75,25.42,5.43,3.7,14.52,6.487,487
2022-10-01T00:00:00.000Z,1.98,21.6,7,5.2,9.63,3.683,443
2022-10-02T00:00:00.000Z,1.73,15.98,5,3.79,6.55,2.571,264
2022-10-03T00:00:00.000Z,1.7,13.82,5.52,3.53,7.82,2.973,262
2022-10-04T00:00:00.000Z,1.35,19.88,4.13,2.52,7.5,4.573,315
2022-10-05T00:00:00.000Z,0.8,13.4,3.26,1.33,4.72,2.684,324
2022-10-06T00:00:00.000Z,0.9,11.38,3.1,2,5.92,2.423,505
2022-10-07T00:00:00.000Z,0.8,11.2,3.33,2.2,4.48,1.622,497
2022-10-08T00:00:00.000Z,0.5,5.63,1.54,0.9,2.29,1.022,524
2022-10-09T00:00:00.000Z,0.7,6.55,1.8,1.24,2.4,0.816,528
2022-10-10T00:00:00.000Z,0.7,3.42,2.08,1.45,2.6,0.657,511
2022-10-11T00:00:00.000Z,0.8,4.18,1.6,1.3,2.08,0.562,260