# Sensor CEPAL, Vitacura, Santiago, Chile (Purple Air/94153)
# https://aqicn.org/station/@202252/
# Daily pm25
date,min,max,median,q1,q3,stdev,count
2021-09-07T00:00:00.000Z,2.2,20.4,8,6.3,10.6,3.725,315
2021-09-08T00:00:00.000Z,1.1,30.7,10.3,4.8,16.25,7.038,569
2021-09-09T00:00:00.000Z,10.4,61.7,29.05,21.7,45.7,12.29,598
2021-09-10T00:00:00.000Z,26.4,72.1,42.8,39.1,46.5,9.279,595
2021-09-11T00:00:00.000Z,22.7,65.2,44,39.2,45.7,6.835,610
2021-09-12T00:00:00.000Z,0,32.9,5.4,1,9.8,6.888,523
2021-09-13T00:00:00.000Z,1.5,20.9,4.8,3.6,6.8,3.011,558
2021-09-14T00:00:00.000Z,3.4,1987.7,11.3,7.65,21.85,108.868,604
2021-09-15T00:00:00.000Z,13.1,62.3,24.3,19.2,32.15,10.883,629
2021-09-16T00:00:00.000Z,9.6,70.6,30.8,28.4,38.45,12.132,616
2021-09-17T00:00:00.000Z,9.7,120.9,21.5,16.1,33.85,12.711,609
2021-09-18T00:00:00.000Z,12.5,51.9,31.5,27.45,39.2,9.09,596
2021-09-19T00:00:00.000Z,13.5,69,31.45,26.8,36.9,7.514,608
2021-09-20T00:00:00.000Z,6,46.3,22,10.75,33.54,12.293,596
2021-09-21T00:00:00.000Z,18,46.8,30.6,28.8,35,5.543,531
2021-09-22T00:00:00.000Z,14,41.1,26.9,22.4,30.8,5.695,579
2021-09-23T00:00:00.000Z,10.4,52.9,25.2,18.6,31.9,9.856,574
2021-09-24T00:00:00.000Z,9.3,50.4,17.3,13.7,22.2,8.765,525
2021-09-25T00:00:00.000Z,10.9,277,36,27.8,40.6,16.76,555
2021-09-26T00:00:00.000Z,8.1,121.8,26.8,18.05,37.35,13.528,593
2021-09-27T00:00:00.000Z,7.6,48.2,16.6,11.8,27.2,10.557,614
2021-09-28T00:00:00.000Z,4.7,40.6,14.8,12.7,19.2,7.626,589
2021-09-29T00:00:00.000Z,3,46.3,10.2,7.1,15.3,9.493,570
2021-09-30T00:00:00.000Z,1,70.8,8.8,3.4,17.14,8.607,569
2021-10-01T00:00:00.000Z,2.1,93.2,11.8,7.1,27.5,12.765,567
2021-10-02T00:00:00.000Z,1,45.3,4.4,3.3,8.69,6.257,600
2021-10-03T00:00:00.000Z,1.9,41.5,16,8.3,21.1,7.214,603
2021-10-04T00:00:00.000Z,3.8,44.1,9.9,8.1,13.45,10.819,592
2021-10-05T00:00:00.000Z,5,42.3,8.6,7.1,15.9,9.567,595
2021-10-06T00:00:00.000Z,4.8,50.8,13.2,10.9,18.8,11.481,591
2021-10-07T00:00:00.000Z,7.5,33.6,13,11.7,15.3,4.695,586
2021-10-08T00:00:00.000Z,3.4,52.9,10.5,7.45,15.85,5.862,572
2021-10-09T00:00:00.000Z,8.1,51.7,22.9,20.2,29.6,9.757,594
2021-10-10T00:00:00.000Z,3.9,44.6,9.7,7.7,17.6,6.788,591
2021-10-11T00:00:00.000Z,8.3,36.7,15.5,13.5,17.5,5.665,591
2021-10-12T00:00:00.000Z,11.1,135.1,34.6,27.4,42.75,23.115,588
2021-10-13T00:00:00.000Z,5.4,42.7,11.6,9.7,26.1,10.008,599
2021-10-14T00:00:00.000Z,0.2,32.5,10.7,7.4,17.25,7.317,584
2021-10-15T00:00:00.000Z,3.5,45.9,12.5,8.9,23.8,9.293,587
2021-10-16T00:00:00.000Z,3.7,46.7,14.4,11,20.45,11.669,588
2021-10-17T00:00:00.000Z,3.2,51,12.3,9.7,15.55,7.5,576
2021-10-18T00:00:00.000Z,2.6,27.8,7.8,6.6,13,4.979,594
2021-10-19T00:00:00.000Z,4.4,48.4,10.5,7.9,14.05,10.335,612
2021-10-20T00:00:00.000Z,11.4,52.3,31.95,22.8,38.65,10.792,580
2021-10-21T00:00:00.000Z,17.3,67.5,34.1,27.9,46.6,12.294,597
2021-10-22T00:00:00.000Z,4.2,163.1,21.2,16.6,30.7,13.201,603
2021-10-23T00:00:00.000Z,4.1,51.1,9.3,6.5,14.15,6.048,580
2021-10-24T00:00:00.000Z,3.5,496.1,11.9,9.7,16.3,41.56,593
2021-10-25T00:00:00.000Z,1.7,35.4,6.8,5.3,11.6,7.66,598
2021-10-26T00:00:00.000Z,2.3,30.9,8.19,6.2,11.5,4.859,598
2021-10-27T00:00:00.000Z,5.5,37.3,11.95,8.4,16.4,6.678,582
2021-10-28T00:00:00.000Z,6.1,45.1,16.39,11.6,19.2,8.486,603
2021-10-29T00:00:00.000Z,6.2,44.6,11.6,9.69,17,7.805,591
2021-10-30T00:00:00.000Z,6.3,40.3,19.8,17.75,23.9,6.236,600
2021-10-31T00:00:00.000Z,5.2,32,10.5,8.69,13.9,3.79,614
2021-11-01T00:00:00.000Z,14.4,117.1,21.3,18.7,25.7,8.457,604
2021-11-02T00:00:00.000Z,7.1,44,17.85,15.2,27,9.94,608
2021-11-03T00:00:00.000Z,1.9,49.3,15.3,10.2,18.39,7.79,609
2021-11-04T00:00:00.000Z,2.1,33.6,8.6,5.5,14.4,5.529,587
2021-11-05T00:00:00.000Z,2.9,121.2,7.6,5.9,15.3,11.835,578
2021-11-06T00:00:00.000Z,2.9,109,9,6.5,15.75,9.115,580
2022-02-01T00:00:00.000Z,2.9,19.3,9.25,7.4,10.9,3.036,390
2022-02-02T00:00:00.000Z,3.7,46.9,7.55,5.65,11,6.35,604
2022-02-03T00:00:00.000Z,3.4,32.1,9.8,6.8,15,6.206,600
2022-02-04T00:00:00.000Z,3.9,27.2,7.3,5.7,11,5.541,607
2022-02-05T00:00:00.000Z,3.4,27.3,9,7.6,13.45,3.952,612
2022-02-06T00:00:00.000Z,3.4,84.4,6.7,5.9,9.5,6.686,613
2022-02-07T00:00:00.000Z,3.1,21.3,6.7,5.3,9.35,3.693,584
2022-02-08T00:00:00.000Z,3.8,24.6,9.6,7.9,13.45,4.445,588
2022-02-09T00:00:00.000Z,11.7,36.4,17.64,15.9,21.3,4.775,602
2022-02-10T00:00:00.000Z,12.1,48.3,31.5,24.85,35.79,8.518,608
2022-02-11T00:00:00.000Z,8.2,46.3,16.05,10.5,28.4,10.848,594
2022-02-12T00:00:00.000Z,16.6,40.9,32.4,27.4,34.6,6.042,610
2022-02-13T00:00:00.000Z,10.3,34.5,27.5,24.1,29.9,6.126,595
2022-02-14T00:00:00.000Z,10.9,40.5,19.1,14.7,26.9,7.676,593
2022-02-15T00:00:00.000Z,13.3,49.1,23.9,20.1,33.1,9.689,601
2022-02-16T00:00:00.000Z,7.7,42.2,19,14.3,26.5,9.439,598
2022-02-17T00:00:00.000Z,8.8,29.4,12.9,11.7,14.55,3.839,597
2022-02-18T00:00:00.000Z,14.5,59.4,21.7,19.7,27.55,5.295,597
2022-02-19T00:00:00.000Z,5.6,44.3,22.45,17,25.55,7.397,600
2022-02-20T00:00:00.000Z,3.8,63.9,16,13.1,18.5,6.048,596
2022-02-21T00:00:00.000Z,1.9,27.4,5.7,4.8,10.05,6.368,604
2022-02-22T00:00:00.000Z,1.5,23,4.3,3,8.6,5.482,588
2022-02-23T00:00:00.000Z,0.4,31.8,3.6,2.6,5.2,3.133,575
2022-02-24T00:00:00.000Z,1.4,46.2,9.44,5.9,12.6,7.841,602
2022-02-25T00:00:00.000Z,4.3,44.2,10,7.9,12.4,4.983,609
2022-02-26T00:00:00.000Z,1.8,22.7,10.1,8.4,14.2,4.683,626
2022-02-27T00:00:00.000Z,0.6,13.6,3.5,2.2,5.5,2.501,573
2022-02-28T00:00:00.000Z,1.1,18.3,3.4,2.5,7.2,3.346,589
2022-03-01T00:00:00.000Z,2.3,31.7,7.7,5,15.8,6.089,592
2022-03-02T00:00:00.000Z,4.2,61.1,14.2,11.9,17.1,5.486,603
2022-03-03T00:00:00.000Z,5,31.8,13.4,11.5,16.7,5.286,611
2022-03-04T00:00:00.000Z,5.3,37.6,9.3,8.1,11.95,6.4,609
2022-03-05T00:00:00.000Z,2.6,408.2,11.7,9,14.3,19.182,596
2022-03-06T00:00:00.000Z,1,46.3,6.1,4.4,7.4,4.086,599
2022-03-07T00:00:00.000Z,0.6,25.3,3.7,2.29,8,6.224,578
2022-03-08T00:00:00.000Z,1.6,83.9,5.7,3.8,8.8,5.367,599
2022-03-09T00:00:00.000Z,2,40.8,12.2,7.2,15.4,5.71,610
2022-03-10T00:00:00.000Z,2.6,34.8,7.2,5.25,11.6,7.48,585
2022-03-11T00:00:00.000Z,3,55.8,7.3,6.1,10.8,6.074,592
2022-03-12T00:00:00.000Z,11,60.5,18.7,16.39,27.3,9.821,614
2022-03-13T00:00:00.000Z,10,73.8,20.7,17.6,23.8,6.7,588
2022-03-14T00:00:00.000Z,14.6,43.6,18.45,16.8,24.15,6.855,596
2022-03-15T00:00:00.000Z,11.9,48.9,23.8,20.7,27.45,8.483,601
2022-03-16T00:00:00.000Z,21.4,53.2,29.2,25.9,41.5,9.505,615
2022-03-17T00:00:00.000Z,20,107.7,35.15,26.9,43.15,10.078,616
2022-03-18T00:00:00.000Z,11.6,265.1,30.7,23.7,39.4,16.617,582
2022-03-19T00:00:00.000Z,9.6,42.2,18.3,14.9,23.5,6.412,610
2022-03-20T00:00:00.000Z,12.2,67.7,18.5,15.4,21.2,5.56,605
2022-03-21T00:00:00.000Z,2.1,44.7,6.1,4.59,11.3,7.45,575
2022-03-22T00:00:00.000Z,3.5,42.6,7.4,5.7,13.6,8.339,594
2022-03-23T00:00:00.000Z,0.8,73.4,5.4,3.5,9.8,6.728,592
2022-03-24T00:00:00.000Z,1.4,46.5,5.9,3.8,14.95,7.541,585
2022-03-25T00:00:00.000Z,3.8,34.3,7.8,5.65,10.85,6.69,576
2022-03-26T00:00:00.000Z,9,49.1,19,14.8,22.3,7.018,587
2022-03-27T00:00:00.000Z,9.4,37.8,26,19.3,30.4,6.925,605
2022-03-28T00:00:00.000Z,7.9,38.1,15.7,13.35,17.3,6.176,605
2022-03-29T00:00:00.000Z,4.5,55.7,8.7,7,14.9,6.64,603
2022-03-30T00:00:00.000Z,1.6,41.1,14.3,8.69,21.35,8.92,593
2022-03-31T00:00:00.000Z,2.7,43.1,6.2,4.59,11.1,7.106,590
2022-04-01T00:00:00.000Z,6.5,43.3,14.1,10.3,20.6,8.317,589
2022-04-02T00:00:00.000Z,11.6,46.9,24.8,21.95,28.9,7.9,625
2022-04-03T00:00:00.000Z,5.3,37.5,19.8,16.7,24.3,6.127,598
2022-04-04T00:00:00.000Z,5.6,35,15.95,10,19.7,6.49,610
2022-04-05T00:00:00.000Z,5.5,435.9,13.2,10.9,18.6,30.178,602
2022-04-06T00:00:00.000Z,7.1,42.7,12.8,9.3,22.2,9.445,603
2022-04-07T00:00:00.000Z,8.5,39.6,14.2,12.05,21.55,8.224,600
2022-04-08T00:00:00.000Z,7.4,52.1,19.39,17.1,26.8,10.047,596
2022-04-09T00:00:00.000Z,2.4,47.3,14,8.69,18.2,10.782,569
2022-04-10T00:00:00.000Z,1.1,171.6,12.4,6.7,16.7,14.035,609
2022-04-11T00:00:00.000Z,1.1,33.3,7.1,4.5,12.1,7.439,591
2022-04-12T00:00:00.000Z,3.3,66.6,8.75,6.1,17.89,7.416,580
2022-04-13T00:00:00.000Z,6.5,47.4,12.25,10.1,22.65,10.2,608
2022-04-14T00:00:00.000Z,7.5,49.9,15.2,11.85,20.75,9.687,613
2022-04-15T00:00:00.000Z,12.6,46.4,31.3,22.15,35.7,9.306,604
2022-04-16T00:00:00.000Z,21,63.6,39.25,34.4,48.4,9.79,604
2022-04-17T00:00:00.000Z,25.7,50.6,35.5,30.8,39.1,5.987,611
2022-04-18T00:00:00.000Z,26.3,75.8,32.9,31.4,35.1,11.255,615
2022-04-19T00:00:00.000Z,25.7,71.1,34.8,32.9,43,9.564,592
2022-04-20T00:00:00.000Z,15.4,48.7,28.5,21.1,39.79,9.874,598
2022-04-21T00:00:00.000Z,22.5,45.9,31.6,29.1,36.5,5.515,602
2022-04-22T00:00:00.000Z,6.9,70.4,38.5,29.5,45.55,14.145,612
2022-04-23T00:00:00.000Z,6.8,51.8,25.5,18.25,32.2,10.91,613
2022-04-24T00:00:00.000Z,2.9,44.4,17.7,9.9,21.8,8.767,603
2022-04-25T00:00:00.000Z,1.1,28.1,4.6,2.9,11.6,6.582,583
2022-04-26T00:00:00.000Z,0.1,27.5,6.1,2.9,10.7,6.768,590
2022-04-27T00:00:00.000Z,0.7,38.4,16.3,8.4,23.8,9.999,610
2022-04-28T00:00:00.000Z,15.8,67.6,30.1,24.8,42.95,13.393,589
2022-04-29T00:00:00.000Z,20.1,63.6,40.9,32.4,48.8,10.517,602
2022-04-30T00:00:00.000Z,27.9,72.5,40.6,36.6,48.4,9.431,603
2022-05-01T00:00:00.000Z,27.9,97.5,43.3,39,48.1,7.779,605
2022-05-02T00:00:00.000Z,27.9,66.2,42.6,37.79,47.6,6.921,593
2022-05-03T00:00:00.000Z,29.8,73.2,38.2,35.6,47.8,7.256,606
2022-05-04T00:00:00.000Z,19,70.1,36.15,30.9,41.55,9.779,608
2022-05-05T00:00:00.000Z,39.8,94.6,54.7,45.6,77,17.145,593
2022-05-06T00:00:00.000Z,36.8,122.2,64.3,51.55,73.65,18.015,613
2022-05-07T00:00:00.000Z,36,82.7,48.05,45,57.2,10.154,598
2022-05-08T00:00:00.000Z,40.3,128.2,52.5,46,54.7,6.927,590
2022-05-09T00:00:00.000Z,52.4,81.5,62,56.5,73.4,8.806,611
2022-05-10T00:00:00.000Z,45.5,100.7,56.7,52.6,62.4,10.099,598
2022-05-11T00:00:00.000Z,47.8,112.2,55.8,52.3,60.8,13.642,604
2022-05-12T00:00:00.000Z,45,97,63.9,58.7,69.15,9.643,616
2022-05-13T00:00:00.000Z,40.9,107.7,72.6,68.7,78.09,12.31,599
2022-05-14T00:00:00.000Z,47.7,494,58.4,53.6,75.8,41.689,613
2022-05-15T00:00:00.000Z,15.1,106.5,39.4,26.9,50.1,15.674,600
2022-05-16T00:00:00.000Z,29.5,101,39.4,35.2,57.9,18.844,595
2022-05-17T00:00:00.000Z,25,132.9,56.75,32.15,87.6,30.444,592
2022-05-18T00:00:00.000Z,19.7,132.1,70.9,50.35,103.7,28.934,621
2022-05-19T00:00:00.000Z,33.2,63.3,48.2,42.15,52.7,6.445,600
2022-05-20T00:00:00.000Z,6.5,61.7,41.15,37.9,47.4,13.559,594
2022-05-21T00:00:00.000Z,12.4,1113.4,38.65,28.7,52,97.861,602
2022-05-22T00:00:00.000Z,25.3,120.5,47.9,43.5,62.05,14.178,601
2022-05-23T00:00:00.000Z,7.1,52.8,44.5,39.6,47.8,12.98,611
2022-05-24T00:00:00.000Z,15.6,51.4,29.05,21.9,34.45,8.547,600
2022-05-25T00:00:00.000Z,21,91.2,36.79,32.4,47,15.962,610
2022-05-26T00:00:00.000Z,37.8,105.4,50.15,46.5,60.6,16.279,602
2022-05-27T00:00:00.000Z,39,51.9,43.75,42.6,45,1.956,82
2022-05-28T00:00:00.000Z,52.2,199.4,116.1,91.5,133.8,34.979,490
2022-05-29T00:00:00.000Z,43.7,132.9,83.1,57.1,92.6,21.928,656
2022-05-30T00:00:00.000Z,44.9,71.3,51.5,50.3,54.6,5.666,608
2022-05-31T00:00:00.000Z,38.1,81.8,51.2,47.6,54.8,6.957,622
2022-06-01T00:00:00.000Z,25.7,88.8,48.9,44.5,51.65,11.969,628
2022-06-02T00:00:00.000Z,20.1,63,43.1,32.2,53.5,12.041,631
2022-06-03T00:00:00.000Z,1.2,67.3,28.05,14.1,51.6,19.921,654
2022-06-04T00:00:00.000Z,1.2,104.2,15.25,6.9,27.1,12.893,628
2022-06-05T00:00:00.000Z,1.2,78.1,10.1,6.7,14.2,8.568,650
2022-06-06T00:00:00.000Z,7.2,57.1,16.2,10,41.6,15.402,641
2022-06-07T00:00:00.000Z,27.2,96.2,45.1,32.45,71.5,21.199,636
2022-06-08T00:00:00.000Z,46.3,108,58.6,52.9,63.25,10.273,640
2022-06-09T00:00:00.000Z,50.5,127.6,60.4,56.7,104.9,26.722,642
2022-06-10T00:00:00.000Z,6,134.8,50.2,34.4,83.6,30.299,654
2022-06-11T00:00:00.000Z,4.1,222.4,37.15,19.6,64.09,26.697,662
2022-06-12T00:00:00.000Z,20.4,118.4,63.65,49.15,83.45,23.263,672
2022-06-13T00:00:00.000Z,39.8,153.1,75.1,57,92.9,23.669,659
2022-06-14T00:00:00.000Z,33.6,101.2,61.9,59.9,65,8.161,658
2022-06-15T00:00:00.000Z,26.3,124.2,42.3,33.6,48.8,10.695,647
2022-06-16T00:00:00.000Z,20.1,100.4,46.5,41.3,54,10.925,641
2022-06-17T00:00:00.000Z,36.9,68.5,50.1,45.9,56.6,6.38,575
2022-06-18T00:00:00.000Z,45.5,93.6,59.2,55.2,66.7,8.944,665
2022-06-19T00:00:00.000Z,43.1,110.6,74.5,56.25,86.9,18.246,629
2022-06-20T00:00:00.000Z,42.7,154.1,78.55,69.34,99.45,22.321,660
2022-06-21T00:00:00.000Z,30.5,771.4,60,55.6,67.7,44.728,647
2022-06-22T00:00:00.000Z,29.2,83.2,57.15,47.6,61.2,9.535,646
2022-06-23T00:00:00.000Z,0,63.1,32.65,6.9,42.8,19.441,630
2022-06-24T00:00:00.000Z,2.6,57.7,15,10.19,42.2,16.788,634
2022-06-25T00:00:00.000Z,6.3,64.2,37.6,13.1,47.1,16.85,639
2022-06-26T00:00:00.000Z,37.5,116.7,53.55,46.45,102.4,28.464,652
2022-06-27T00:00:00.000Z,15.7,123.2,48.1,32.6,68.3,27.131,649
2022-06-28T00:00:00.000Z,4.3,47.7,26.2,19,34.3,9.573,627
2022-06-29T00:00:00.000Z,11.5,55.6,34.2,19.8,41.3,10.807,627
2022-06-30T00:00:00.000Z,34.1,63.2,42.8,39.6,45.8,4.865,649
2022-07-01T00:00:00.000Z,0.9,334,13.1,5.3,39.2,26.305,642
2022-07-02T00:00:00.000Z,3.6,45.7,19.1,10,32,11.775,644
2022-07-03T00:00:00.000Z,28.5,100.2,41.8,38.4,49.6,17.002,649
2022-07-04T00:00:00.000Z,9.9,71.1,40.2,36.4,49.3,12.378,626
2022-07-05T00:00:00.000Z,31.7,56.9,41.75,34.7,45.95,6.259,636
2022-07-06T00:00:00.000Z,19.6,64.5,48.6,46.3,50.8,9.189,647
2022-07-07T00:00:00.000Z,18.5,47.8,30.75,28.2,35.75,6.141,424
2022-07-08T00:00:00.000Z,2.2,84.8,46.85,35.7,58.1,13.958,626
2022-07-09T00:00:00.000Z,0,42.2,33.6,15.35,39.35,15.099,628
2022-07-10T00:00:00.000Z,0.6,41.9,8.44,4.9,18.3,10.194,622
2022-07-11T00:00:00.000Z,0.3,30.7,10.8,5.25,16.4,6.623,377
2022-10-18T00:00:00.000Z,0.6,1.6,1.1,1,1.3,0.272,14